dphi = 0.05235987755982988	first column is a mass, last row consists of all other masses	mass / surface of the sphere ring	scaled mass sums in consecutive angle intervals, last interval most often smaller (ends at pi/2)
Top
24.022	2.7897241872519153e-11	9.307584438167562e-12	1.6784324571379374e-11	4.007257401963909e-12	6.256407463974702e-12	5.142431013299407e-12	6.563058591175691e-12	9.541367572616757e-12	6.785094868338557e-12	3.060887567198283e-12	1.3976395491654416e-12	5.157179499957396e-12	2.399181760310667e-12	1.1244389144086255e-12	1.0608844398153346e-12	0.0	9.603615587799124e-13	0.0	8.861078176028283e-13	8.564746172641231e-13	8.309631752813654e-13	0.0	0.0	0.0	0.0	7.510152701253097e-13	0.0	0.0	7.325227816980439e-13	0.0
36.033	0.0	1.3961376657251346e-11	8.392162285689687e-12	0.0	0.0	3.856823259974556e-12	0.0	0.0	0.0	0.0	2.0964593237481625e-12	0.0	0.0	0.0	0.0	0.0	0.0	0.0	0.0	0.0	0.0	0.0	0.0	0.0	0.0	0.0	0.0	0.0	0.0	0.0
other	0.0	0.0	2.797387428563229e-12	4.007257401963909e-12	4.692305597981027e-12	1.2856077533248518e-12	1.0938430985292816e-12	1.9082735145233515e-12	8.481368585423196e-13	7.652218917995707e-13	6.988197745827208e-13	1.9339423124840237e-12	1.1995908801553335e-12	5.622194572043128e-13	1.0608844398153346e-12	1.0067417427639165e-12	0.0	4.602392284383116e-13	4.4305390880141416e-13	0.0	0.0	0.0	0.0	3.873501566237434e-13	0.0	0.0	0.0	0.0	0.0	0.0
Bottom
other	0.0	0.0	0.0	0.0	0.0	0.0	0.0	0.0	0.0	0.0	0.0	0.0	0.0	0.0	0.0	0.0	0.0	0.0	0.0	0.0	0.0	0.0	0.0	0.0	0.0	0.0	0.0	0.0	0.0	0.0
Graph
other	0.0	1.3961376657251346e-11	5.594774857126458e-12	8.014514803927817e-12	0.0	3.856823259974556e-12	1.0938430985292816e-12	3.816547029046703e-12	8.481368585423196e-13	1.5304437835991415e-12	6.988197745827208e-13	1.9339423124840237e-12	2.9989772003883336e-12	1.6866583716129384e-12	1.0608844398153346e-12	1.0067417427639165e-12	9.603615587799124e-13	4.602392284383116e-13	4.4305390880141416e-13	0.0	8.309631752813654e-13	0.0	0.0	3.873501566237434e-13	0.0	7.510152701253097e-13	0.0	0.0	0.0	0.0
C60
other	2.7897241872519153e-11	9.307584438167562e-12	2.237909942850583e-11	0.0	1.0948713061955728e-11	6.428038766624259e-12	6.563058591175691e-12	7.633094058093406e-12	6.785094868338557e-12	2.2956656753987123e-12	3.494098872913604e-12	5.157179499957396e-12	5.997954400776668e-13	0.0	1.0608844398153346e-12	0.0	0.0	0.0	8.861078176028283e-13	8.564746172641231e-13	0.0	0.0	0.0	0.0	0.0	0.0	0.0	0.0	7.325227816980439e-13	0.0
