dphi = 0.05235987755982988	first column is a mass, last row consists of all other masses	mass / surface of the sphere ring	scaled mass sums in consecutive angle intervals, last interval most often smaller (ends at pi/2)
Top
24.022	5.5794483745038306e-11	2.792275331450269e-11	1.1189549714252916e-11	2.003628700981954e-11	6.256407463974702e-12	1.2856077533248517e-11	6.563058591175691e-12	5.724820543570056e-12	5.088821151253918e-12	7.652218917995707e-12	8.385837294992648e-12	7.735769249936093e-12	4.798363520621334e-12	1.1244389144086255e-12	0.0	7.047192199347415e-12	9.603615587799124e-13	1.8409569137532466e-12	0.0	8.564746172641231e-13	2.4928895258440966e-12	8.090810598083309e-13	7.904327704329447e-13	7.747003132474868e-13	0.0	0.0	7.42701259674812e-13	0.0	1.4650455633960878e-12	0.0
36.033	0.0	0.0	0.0	1.2021772205891726e-11	0.0	0.0	0.0	2.862410271785028e-12	0.0	0.0	0.0	1.9339423124840237e-12	3.598772640466001e-12	0.0	0.0	0.0	0.0	1.3807176853149352e-12	0.0	0.0	0.0	0.0	0.0	1.1620504698712303e-12	0.0	0.0	0.0	0.0	0.0	0.0
2212390.167	0.0	0.0	0.0	3.6906239583421353e-07	0.0	0.0	0.0	0.0	0.0	0.0	0.0	0.0	0.0	0.0	0.0	0.0	0.0	0.0	0.0	0.0	0.0	0.0	0.0	0.0	0.0	0.0	0.0	0.0	0.0	0.0
other	0.0	4.653792219083781e-12	2.797387428563229e-12	2.0036287009819543e-12	0.0	2.5712155066497036e-12	2.1876861970585633e-12	1.9082735145233515e-12	8.481368585423196e-13	7.652218917995707e-13	2.0964593237481625e-12	6.446474374946745e-13	0.0	5.622194572043128e-13	5.304422199076673e-13	5.033708713819583e-13	0.0	4.602392284383116e-13	0.0	0.0	0.0	4.0454052990416545e-13	0.0	3.873501566237434e-13	0.0	0.0	0.0	0.0	0.0	0.0
Bottom
other	0.0	0.0	0.0	0.0	0.0	0.0	0.0	0.0	0.0	0.0	0.0	0.0	0.0	0.0	0.0	0.0	0.0	0.0	0.0	0.0	0.0	0.0	0.0	0.0	0.0	0.0	0.0	0.0	0.0	0.0
Graph
other	2.7897241872519153e-11	2.3268961095418908e-11	1.3986937142816146e-11	3.690884430073262e-07	6.256407463974702e-12	1.0284862026598814e-11	2.1876861970585633e-12	2.862410271785028e-12	4.240684292711598e-12	6.886997026196136e-12	4.891738422079046e-12	5.80182693745207e-12	5.997954400776668e-12	1.6866583716129384e-12	5.304422199076673e-13	6.543821327965457e-12	9.603615587799124e-13	3.681913827506493e-12	0.0	8.564746172641231e-13	2.4928895258440966e-12	1.2136215897124964e-12	7.904327704329447e-13	1.1620504698712303e-12	0.0	0.0	7.42701259674812e-13	0.0	1.4650455633960878e-12	0.0
C60
other	2.7897241872519153e-11	9.307584438167562e-12	0.0	8.014514803927817e-12	0.0	5.142431013299407e-12	6.563058591175691e-12	7.633094058093406e-12	1.6962737170846392e-12	1.5304437835991415e-12	5.5905581966617666e-12	4.512532062462722e-12	2.399181760310667e-12	0.0	0.0	1.0067417427639165e-12	0.0	0.0	0.0	0.0	0.0	0.0	0.0	1.1620504698712303e-12	0.0	0.0	0.0	0.0	0.0	0.0
