dphi = 0.05235987755982988	first column is a mass, last row consists of all other masses	mass / surface of the sphere ring	scaled mass sums in consecutive angle intervals, last interval most often smaller (ends at pi/2)
Top
24.022	8.369172561755746e-11	1.8615168876335124e-11	1.1189549714252916e-11	2.003628700981954e-11	1.2512814927949404e-11	2.571215506649703e-11	1.0938430985292816e-11	0.0	1.0177642302507834e-11	3.060887567198283e-12	5.5905581966617666e-12	5.157179499957396e-12	3.598772640466001e-12	3.373316743225877e-12	3.1826533194460043e-12	1.0067417427639165e-12	1.9207231175598247e-12	9.204784568766233e-13	0.0	1.7129492345282463e-12	8.309631752813654e-13	0.0	0.0	0.0	0.0	7.510152701253097e-13	0.0	0.0	0.0	0.0
36.033	0.0	0.0	0.0	0.0	0.0	0.0	9.844587886763536e-12	0.0	0.0	2.2956656753987123e-12	0.0	0.0	1.7993863202330005e-12	0.0	0.0	0.0	0.0	0.0	0.0	0.0	0.0	0.0	1.1856491556494172e-12	1.1620504698712303e-12	0.0	0.0	0.0	0.0	0.0	0.0
2212546.31	0.0	0.0	0.0	0.0	0.0	2.3682180423961184e-07	0.0	0.0	0.0	0.0	0.0	0.0	0.0	0.0	0.0	0.0	0.0	0.0	0.0	0.0	0.0	0.0	0.0	0.0	0.0	0.0	0.0	0.0	0.0	0.0
48.044	0.0	0.0	0.0	0.0	0.0	0.0	0.0	0.0	0.0	0.0	0.0	0.0	0.0	0.0	2.1217688796306693e-12	0.0	0.0	0.0	0.0	0.0	0.0	0.0	0.0	0.0	0.0	0.0	0.0	0.0	0.0	0.0
other	0.0	0.0	0.0	0.0	1.5641018659936755e-12	2.5712155066497036e-12	4.3753723941171266e-12	1.9082735145233515e-12	2.544410575626959e-12	1.5304437835991415e-12	1.3976395491654416e-12	6.446474374946745e-13	5.997954400776668e-13	5.622194572043128e-13	0.0	0.0	4.801807793899562e-13	0.0	0.0	0.0	0.0	4.0454052990416545e-13	0.0	0.0	0.0	0.0	0.0	0.0	0.0	0.0
Bottom
other	0.0	0.0	0.0	0.0	0.0	0.0	0.0	0.0	0.0	0.0	0.0	0.0	0.0	0.0	0.0	0.0	0.0	0.0	0.0	0.0	0.0	0.0	0.0	0.0	0.0	0.0	0.0	0.0	0.0	0.0
Graph
other	5.5794483745038306e-11	1.8615168876335124e-11	5.594774857126458e-12	2.003628700981954e-11	4.692305597981027e-12	2.3683980274815836e-07	1.859533267499779e-11	1.9082735145233515e-12	8.481368585423195e-12	6.886997026196136e-12	5.5905581966617666e-12	3.2232371874733726e-12	2.998977200388334e-12	2.811097286021564e-12	2.1217688796306693e-12	1.0067417427639165e-12	1.9207231175598247e-12	9.204784568766233e-13	0.0	1.7129492345282463e-12	8.309631752813654e-13	0.0	1.1856491556494172e-12	1.1620504698712303e-12	0.0	7.510152701253097e-13	0.0	0.0	0.0	0.0
C60
other	2.7897241872519153e-11	0.0	5.594774857126458e-12	0.0	9.384611195962053e-12	1.0284862026598814e-11	6.563058591175691e-12	0.0	4.240684292711598e-12	0.0	1.3976395491654416e-12	2.578589749978698e-12	2.998977200388334e-12	1.1244389144086255e-12	3.1826533194460043e-12	0.0	4.801807793899562e-13	0.0	0.0	0.0	0.0	4.0454052990416545e-13	0.0	0.0	0.0	0.0	0.0	0.0	0.0	0.0
