id	name	mass [g/mol]	latitude [rad]	longitude [rad]
Top
2111	C184197	2212390.1669966457	0.08229925910428361	-0.6376294690056186
2112	C3	36.033	0.5497714837986292	2.473622183506754
2113	C3	36.033	0.321695373374411	0.6456234079933421
2114	C	12.011	0.13185716752476126	-2.6669694365782477
2115	C2	24.022	0.38287319056597147	-1.7850272575118686
2116	C2	24.022	0.9058200292464673	-1.717684107885169
2117	C2	24.022	0.3140622220400479	-2.4224054886148614
2118	C2	24.022	0.2720252413834037	-2.1057839999164556
2119	C2	24.022	0.7809925256175612	-1.7605820062645572
2120	C2	24.022	0.5363683326892313	-0.6907892977287924
2121	C2	24.022	0.27164205528818214	2.9583687372891903
2122	C2	24.022	0.5830937368780205	-0.9930184468382854
2123	C3	36.033	1.5408030396115	-1.4652513579753175
2124	C2	24.022	0.6789520067017277	-1.5145890123348191
2125	C	12.011	0.5782654404467624	-1.2658319149121637
2126	C2	24.022	0.1427485680095767	0.3011741459181112
2127	C	12.011	1.3077659597782896	-2.4120144683264386
2128	C2	24.022	0.06899433715484005	-1.7014917292360756
2129	C	12.011	0.43912638846822877	2.078863701294575
2130	C2	24.022	0.5819853125755878	-1.8900082620442458
2131	C2	24.022	0.3057679537262248	-2.741200132566858
2132	C2	24.022	0.5318298593272398	-2.8416044104740483
2133	C	12.011	0.5989646050127024	0.4405110533840734
2134	C	12.011	0.25830569493937844	-0.2827608042543314
2135	C3	36.033	0.5347102157232544	-0.6883151450379998
2136	C2	24.022	0.7058829893260634	1.9829789742376542
2137	C3	36.033	0.8132063908250431	-1.6335670082511566
2138	C3	36.033	0.5865437471528477	-1.3046384212484081
2139	C2	24.022	0.8631259385670006	-1.1924058472903474
2140	C2	24.022	0.9332499531559775	0.9232554840097847
2141	C2	24.022	1.2204610624551944	-0.46468857593722374
2142	C2	24.022	0.33470070848246103	-2.3114421995115055
2143	C2	24.022	0.07058010082361459	-2.3846935581288364
2144	C2	24.022	0.22174378177303944	-1.4946112694688332
2145	C2	24.022	0.8732472244274891	-1.5682958507612184
2146	C2	24.022	0.43492252243330765	-3.0304050473819752
2147	C2	24.022	0.7856672081572044	2.6139067914276404
2148	C2	24.022	0.7478392820444305	-2.035680768634748
2149	C2	24.022	0.9351103159398608	-2.0982136706556545
2150	C2	24.022	0.3858646991029828	-1.9842033748045174
2151	C	12.011	0.557361370148728	-1.1557294388631594
2152	C2	24.022	0.6855122597381287	-0.571122064899183
2153	C2	24.022	0.8397750415002143	-0.025949021462916357
2154	C3	36.033	0.563854667930112	-2.928431456459522
2155	C2	24.022	0.10146335441302393	-0.6039652828393695
2156	C2	24.022	0.18593187235150993	2.097226855859109
2157	C2	24.022	0.10985180950115091	0.23818950703616992
2158	C2	24.022	0.5394012600159759	-0.2597965155713297
2159	C	12.011	0.709676543337734	0.2781577169891773
2160	C2	24.022	0.37635700800403094	-0.6475608870934177
2161	C2	24.022	0.25498241666662524	-1.4589676399328158
2162	C	12.011	0.5225627786824176	-1.1616638292348334
2163	C2	24.022	0.0952456816503483	-1.3651948980603117
2164	C2	24.022	0.25831111074595703	-0.4161771367063154
2165	C2	24.022	0.3118178786905552	-1.6864522097326506
2166	C2	24.022	1.0748163159627322	0.9267331285223835
2167	C2	24.022	0.6910322089196116	-2.619406683291501
2168	C	12.011	0.381491225067279	-2.9636008450942004
2169	C2	24.022	1.0407029741514466	-2.1777322522803355
2170	C2	24.022	0.5249416853875629	2.8960795664559473
2171	C2	24.022	0.40439120015221053	1.4283682959318986
2172	C2	24.022	0.3073310098587449	-1.6252779405710613
2174	C2	24.022	0.47050109160370335	-3.0904956360333715
2175	C2	24.022	0.1896195477363577	-2.373274162996368
2176	C2	24.022	0.2472085979935503	-3.139615963784574
2177	C2	24.022	0.4444080590623626	0.6731375918844211
2178	C2	24.022	1.5277617765374247	1.065448220619265
2179	C2	24.022	0.16875424594724708	-2.966778983263318
2180	C2	24.022	0.6360702379820976	-0.29072359808404097
2181	C2	24.022	0.14912984285010428	1.7158389126370257
2182	C2	24.022	0.14438202956528076	-0.3049873842706569
2183	C2	24.022	0.4536878443197603	0.9820878036349411
2184	C	12.011	0.35460127659178886	1.9868321926339925
2185	C2	24.022	0.5328951856781532	0.22348201322591826
2186	C2	24.022	0.46757172032174676	1.2180701296168515
2187	C2	24.022	0.2906305304532362	1.007192691594675
2188	C2	24.022	0.3568213704863674	2.696494775562837
2189	C	12.011	0.256908286028134	3.1030329308471574
2190	C2	24.022	0.1567093140349767	1.5457346498689806
2191	C	12.011	0.4114118074109325	-2.924666054966915
2192	C	12.011	0.6259987980234204	2.5287661119960756
2193	C2	24.022	0.6701569692923052	0.2549164813552388
2194	C	12.011	0.44890637850572984	-2.9606715252471942
2195	C2	24.022	0.6993119157047519	1.658048036259876
2196	C	12.011	0.6985088010402941	1.2601133691376283
2197	C	12.011	0.48527674214680133	1.6342691134355825
2198	C2	24.022	1.5511002821954551	1.1178814772201138
2199	C2	24.022	0.32399427660166824	0.15445269627242159
2200	C	12.011	0.1545923596471632	-2.341414340662946
2201	C2	24.022	0.39460736807308056	-0.669554154992263
2202	C2	24.022	0.15778503300170396	2.5786513807031164
2203	C2	24.022	0.03273639466000245	0.5871449729681859
2204	C	12.011	0.4862912009896228	2.51706229419693
2205	C2	24.022	0.42090054869143734	0.3671029969731453
2206	C	12.011	0.5620163428141021	-1.1077882847931333
2207	C	12.011	0.7915772481242324	2.2979105164670592
2208	C2	24.022	0.34808526401185164	-1.4155473295838517
2209	C2	24.022	0.2578014289642909	0.6172705093034272
2210	C	12.011	0.0978961713959587	1.813123277783551
2211	C2	24.022	0.09886301179309527	-0.753488360128317
2212	C2	24.022	1.0746222314147562	0.9767592801379603
Bottom
