dphi = 0.05235987755982988	first column is a mass, last row consists of all other masses	mass / surface of the sphere ring	scaled mass sums in consecutive angle intervals, last interval most often smaller (ends at pi/2)
Top
24.022	0.0	1.8615168876335124e-11	1.1189549714252916e-11	1.6029029607855635e-11	6.256407463974702e-12	2.0569724053197625e-11	2.1876861970585633e-12	1.335791460166346e-11	6.785094868338557e-12	6.121775134396566e-12	6.988197745827207e-12	7.735769249936093e-12	7.1975452809320004e-12	3.373316743225877e-12	2.1217688796306693e-12	2.013483485527833e-12	1.9207231175598247e-12	1.8409569137532466e-12	1.7722156352056566e-12	8.564746172641231e-13	0.0	0.0	7.904327704329447e-13	0.0	7.616287315254062e-13	0.0	7.42701259674812e-13	0.0	0.0	0.0
36.033	0.0	0.0	8.392162285689687e-12	0.0	4.692305597981027e-12	0.0	0.0	0.0	2.544410575626959e-12	0.0	0.0	0.0	1.7993863202330005e-12	1.6866583716129384e-12	0.0	0.0	0.0	0.0	0.0	0.0	0.0	0.0	0.0	0.0	0.0	0.0	0.0	0.0	0.0	0.0
2212594.354	0.0	0.0	0.0	0.0	0.0	0.0	0.0	0.0	0.0	1.4096458557575238e-07	0.0	0.0	0.0	0.0	0.0	0.0	0.0	0.0	0.0	0.0	0.0	0.0	0.0	0.0	0.0	0.0	0.0	0.0	0.0	0.0
48.044	0.0	0.0	0.0	0.0	0.0	0.0	0.0	0.0	0.0	0.0	0.0	0.0	0.0	2.248877828817251e-12	0.0	0.0	0.0	0.0	0.0	0.0	0.0	0.0	0.0	0.0	0.0	0.0	0.0	0.0	0.0	0.0
other	0.0	0.0	2.797387428563229e-12	2.0036287009819543e-12	3.128203731987351e-12	0.0	0.0	1.9082735145233515e-12	1.6962737170846392e-12	0.0	6.988197745827208e-13	0.0	1.1995908801553335e-12	0.0	0.0	0.0	0.0	4.602392284383116e-13	0.0	0.0	0.0	0.0	0.0	0.0	0.0	0.0	0.0	3.682830416899266e-13	0.0	0.0
Bottom
other	0.0	0.0	0.0	0.0	0.0	0.0	0.0	0.0	0.0	0.0	0.0	0.0	0.0	0.0	0.0	0.0	0.0	0.0	0.0	0.0	0.0	0.0	0.0	0.0	0.0	0.0	0.0	0.0	0.0	0.0
Graph
other	0.0	1.8615168876335124e-11	1.3986937142816146e-11	1.6029029607855635e-11	4.692305597981027e-12	1.0284862026598814e-11	2.1876861970585633e-12	9.541367572616757e-12	1.0177642302507835e-11	1.4096764646331954e-07	3.494098872913604e-12	3.8678846249680474e-12	7.797340721009667e-12	3.373316743225877e-12	0.0	1.0067417427639165e-12	1.9207231175598247e-12	2.3011961421915585e-12	1.7722156352056566e-12	8.564746172641231e-13	0.0	0.0	7.904327704329447e-13	0.0	0.0	0.0	7.42701259674812e-13	0.0	0.0	0.0
C60
other	0.0	0.0	8.392162285689687e-12	2.0036287009819543e-12	9.384611195962053e-12	1.0284862026598814e-11	0.0	5.724820543570056e-12	8.481368585423196e-13	3.060887567198283e-12	4.192918647496325e-12	3.8678846249680474e-12	2.399181760310667e-12	3.9355362004301895e-12	2.1217688796306693e-12	1.0067417427639165e-12	0.0	0.0	0.0	0.0	0.0	0.0	0.0	0.0	7.616287315254062e-13	0.0	0.0	3.682830416899266e-13	0.0	0.0
