dphi = 0.05235987755982988	first column is a mass, last row consists of all other masses	mass / surface of the sphere ring	scaled mass sums in consecutive angle intervals, last interval most often smaller (ends at pi/2)
Top
24.022	0.0	3.723033775267025e-11	1.6784324571379374e-11	2.003628700981954e-11	6.256407463974702e-12	1.7998508546547923e-11	1.7501489576468503e-11	3.816547029046703e-12	5.088821151253918e-12	1.0713106485193988e-11	2.7952790983308833e-12	1.289294874989349e-12	3.598772640466001e-12	7.871072400860377e-12	1.0608844398153346e-12	0.0	3.8414462351196495e-12	3.681913827506493e-12	0.0	8.564746172641231e-13	0.0	0.0	0.0	0.0	1.5232574630508125e-12	0.0	0.0	0.0	7.325227816980439e-13	0.0
36.033	0.0	0.0	0.0	0.0	0.0	3.856823259974556e-12	0.0	0.0	0.0	2.2956656753987123e-12	0.0	0.0	1.7993863202330005e-12	0.0	0.0	0.0	0.0	0.0	1.3291617264042426e-12	0.0	0.0	0.0	0.0	0.0	0.0	0.0	0.0	0.0	0.0	0.0
2212630.387	0.0	0.0	0.0	0.0	0.0	0.0	0.0	0.0	0.0	0.0	0.0	1.1875501699277637e-07	0.0	0.0	0.0	0.0	0.0	0.0	0.0	0.0	0.0	0.0	0.0	0.0	0.0	0.0	0.0	0.0	0.0	0.0
other	0.0	0.0	0.0	0.0	0.0	3.856823259974556e-12	1.0938430985292816e-12	1.9082735145233515e-12	3.3925474341692784e-12	0.0	2.0964593237481625e-12	1.9339423124840237e-12	0.0	5.622194572043128e-13	5.304422199076673e-13	0.0	0.0	0.0	0.0	0.0	0.0	0.0	0.0	3.873501566237434e-13	0.0	0.0	0.0	0.0	0.0	0.0
Bottom
other	0.0	0.0	0.0	0.0	0.0	0.0	0.0	0.0	0.0	0.0	0.0	0.0	0.0	0.0	0.0	0.0	0.0	0.0	0.0	0.0	0.0	0.0	0.0	0.0	0.0	0.0	0.0	0.0	0.0	0.0
Graph
other	0.0	2.792275331450269e-11	1.6784324571379374e-11	1.2021772205891726e-11	3.128203731987351e-12	1.7998508546547926e-11	1.421996028088066e-11	9.541367572616758e-13	5.088821151253918e-12	9.947884593394419e-12	2.7952790983308833e-12	1.1875824022996385e-07	3.598772640466001e-12	3.9355362004301895e-12	5.304422199076673e-13	0.0	2.8810846763397373e-12	2.7614353706298705e-12	1.3291617264042426e-12	8.564746172641231e-13	0.0	0.0	0.0	3.873501566237434e-13	7.616287315254062e-13	0.0	0.0	0.0	7.325227816980439e-13	0.0
C60
other	0.0	9.307584438167562e-12	0.0	8.014514803927817e-12	3.128203731987351e-12	7.713646519949112e-12	4.3753723941171266e-12	4.7706837863083795e-12	3.3925474341692784e-12	3.060887567198283e-12	2.0964593237481625e-12	0.0	1.7993863202330005e-12	4.497755657634502e-12	1.0608844398153346e-12	0.0	9.603615587799124e-13	9.204784568766233e-13	0.0	0.0	0.0	0.0	0.0	0.0	7.616287315254062e-13	0.0	0.0	0.0	0.0	0.0
