dphi = 0.05235987755982988	first column is a mass, last row consists of all other masses	mass / surface of the sphere ring	scaled mass sums in consecutive angle intervals, last interval most often smaller (ends at pi/2)
Top
24.022	0.0	0.0	5.594774857126458e-12	8.014514803927817e-12	3.12820373198735e-11	7.713646519949112e-12	1.531380337940994e-11	9.541367572616757e-12	8.481368585423195e-12	1.0713106485193988e-11	6.988197745827207e-12	6.446474374946744e-12	2.399181760310667e-12	3.373316743225877e-12	3.1826533194460043e-12	4.026966971055666e-12	1.9207231175598247e-12	2.7614353706298705e-12	2.6583234528084853e-12	8.564746172641231e-13	0.0	0.0	0.0	0.0	0.0	0.0	0.0	7.365660833798532e-13	0.0	0.0
36.033	0.0	0.0	0.0	6.010886102945863e-12	0.0	3.856823259974556e-12	6.563058591175691e-12	0.0	2.544410575626959e-12	2.2956656753987123e-12	2.0964593237481625e-12	0.0	0.0	1.6866583716129384e-12	0.0	0.0	0.0	0.0	0.0	0.0	0.0	0.0	0.0	0.0	0.0	0.0	1.1140518895122182e-12	0.0	0.0	0.0
2212282.068	0.0	0.0	0.0	0.0	0.0	0.0	0.0	0.0	0.0	0.0	1.2871421664064706e-07	0.0	0.0	0.0	0.0	0.0	0.0	0.0	0.0	0.0	0.0	0.0	0.0	0.0	0.0	0.0	0.0	0.0	0.0	0.0
other	0.0	0.0	2.797387428563229e-12	2.0036287009819543e-12	7.820509329968377e-12	2.5712155066497036e-12	1.0938430985292816e-12	2.862410271785028e-12	1.6962737170846392e-12	7.652218917995707e-13	1.3976395491654416e-12	1.289294874989349e-12	5.997954400776668e-13	5.622194572043128e-13	0.0	5.033708713819583e-13	4.801807793899562e-13	0.0	4.4305390880141416e-13	0.0	0.0	0.0	0.0	0.0	0.0	0.0	0.0	0.0	0.0	0.0
Bottom
other	0.0	0.0	0.0	0.0	0.0	0.0	0.0	0.0	0.0	0.0	0.0	0.0	0.0	0.0	0.0	0.0	0.0	0.0	0.0	0.0	0.0	0.0	0.0	0.0	0.0	0.0	0.0	0.0	0.0	0.0
Graph
other	0.0	0.0	8.392162285689687e-12	1.2021772205891726e-11	1.8769222391924104e-11	1.1570469779923666e-11	1.8595332674997787e-11	2.862410271785028e-12	1.2722052878134792e-11	7.652218917995707e-12	1.2872050601861827e-07	5.157179499957396e-12	2.9989772003883336e-12	4.497755657634502e-12	2.1217688796306693e-12	2.5168543569097913e-12	4.801807793899562e-13	2.7614353706298705e-12	2.2152695440070707e-12	8.564746172641231e-13	0.0	0.0	0.0	0.0	0.0	0.0	1.1140518895122182e-12	7.365660833798532e-13	0.0	0.0
C60
other	0.0	0.0	0.0	4.007257401963909e-12	2.0333324257917777e-11	2.5712155066497036e-12	4.3753723941171266e-12	9.541367572616757e-12	0.0	6.121775134396566e-12	4.192918647496325e-12	2.578589749978698e-12	0.0	1.1244389144086255e-12	1.0608844398153346e-12	2.013483485527833e-12	1.9207231175598247e-12	0.0	8.861078176028283e-13	0.0	0.0	0.0	0.0	0.0	0.0	0.0	0.0	0.0	0.0	0.0
