dphi = 0.05235987755982988	first column is a mass, last row consists of all other masses	mass / surface of the sphere ring	scaled mass sums in consecutive angle intervals, last interval most often smaller (ends at pi/2)
Top
24.022	0.0	9.307584438167562e-12	0.0	4.007257401963909e-12	6.256407463974702e-12	2.5712155066497036e-12	2.1876861970585633e-12	5.724820543570056e-12	3.3925474341692784e-12	3.060887567198283e-12	1.3976395491654416e-12	2.578589749978698e-12	2.399181760310667e-12	1.1244389144086255e-12	0.0	2.013483485527833e-12	9.603615587799124e-13	1.8409569137532466e-12	1.7722156352056566e-12	1.7129492345282463e-12	0.0	0.0	7.904327704329447e-13	7.747003132474868e-13	0.0	7.510152701253097e-13	0.0	1.4731321667597064e-12	7.325227816980439e-13	0.0
36.033	0.0	0.0	0.0	0.0	4.692305597981027e-12	0.0	0.0	0.0	0.0	0.0	2.0964593237481625e-12	0.0	0.0	0.0	0.0	0.0	0.0	0.0	0.0	0.0	0.0	0.0	0.0	0.0	1.1424430972881095e-12	0.0	0.0	1.1048491250697798e-12	0.0	0.0
48.044	0.0	0.0	0.0	0.0	0.0	0.0	0.0	0.0	0.0	3.060887567198283e-12	0.0	0.0	0.0	0.0	2.1217688796306693e-12	0.0	0.0	0.0	0.0	0.0	0.0	0.0	0.0	0.0	0.0	0.0	0.0	0.0	0.0	0.0
3320452.961	0.0	0.0	7.733405520116714e-07	0.0	0.0	0.0	0.0	0.0	0.0	0.0	0.0	0.0	0.0	0.0	0.0	0.0	0.0	0.0	0.0	0.0	0.0	0.0	0.0	0.0	0.0	0.0	0.0	0.0	0.0	0.0
60.055	0.0	0.0	0.0	0.0	0.0	6.4280387666242586e-12	0.0	0.0	0.0	0.0	0.0	0.0	0.0	0.0	0.0	0.0	0.0	0.0	0.0	0.0	0.0	0.0	0.0	0.0	0.0	0.0	0.0	0.0	0.0	0.0
other	0.0	0.0	0.0	0.0	0.0	0.0	0.0	0.0	0.0	0.0	0.0	0.0	5.997954400776668e-13	0.0	0.0	0.0	0.0	0.0	0.0	0.0	0.0	0.0	0.0	0.0	0.0	0.0	0.0	0.0	0.0	0.0
Bottom
other	0.0	0.0	0.0	0.0	0.0	0.0	0.0	0.0	0.0	0.0	0.0	0.0	0.0	0.0	0.0	0.0	0.0	0.0	0.0	0.0	0.0	0.0	0.0	0.0	0.0	0.0	0.0	0.0	0.0	0.0
Graph
other	0.0	0.0	7.733405520116714e-07	0.0	7.820509329968377e-12	8.999254273273963e-12	2.1876861970585633e-12	3.816547029046703e-12	3.3925474341692784e-12	6.121775134396566e-12	3.494098872913604e-12	2.578589749978698e-12	1.7993863202330005e-12	1.1244389144086255e-12	2.1217688796306693e-12	0.0	9.603615587799124e-13	1.8409569137532466e-12	8.861078176028283e-13	1.7129492345282463e-12	0.0	0.0	0.0	7.747003132474868e-13	1.1424430972881095e-12	7.510152701253097e-13	0.0	1.841415208449633e-12	7.325227816980439e-13	0.0
C60
other	0.0	9.307584438167562e-12	0.0	4.007257401963909e-12	3.128203731987351e-12	0.0	0.0	1.9082735145233515e-12	0.0	0.0	0.0	0.0	1.1995908801553335e-12	0.0	0.0	2.013483485527833e-12	0.0	0.0	8.861078176028283e-13	0.0	0.0	0.0	7.904327704329447e-13	0.0	0.0	0.0	0.0	7.365660833798532e-13	0.0	0.0
