dphi = 0.05235987755982988	first column is a mass, last row consists of all other masses	mass / surface of the sphere ring	scaled mass sums in consecutive angle intervals, last interval most often smaller (ends at pi/2)
Top
24.022	2.7897241872519153e-11	1.8615168876335124e-11	2.237909942850583e-11	1.6029029607855635e-11	1.8769222391924104e-11	1.2856077533248517e-11	6.563058591175691e-12	9.541367572616757e-12	5.088821151253918e-12	4.591331350797425e-12	1.1181116393323532e-11	5.157179499957396e-12	0.0	2.248877828817251e-12	1.0608844398153346e-12	5.0337087138195825e-12	3.8414462351196495e-12	1.8409569137532466e-12	0.0	0.0	8.309631752813654e-13	1.6181621196166618e-12	0.0	0.0	0.0	0.0	0.0	0.0	0.0	0.0
36.033	0.0	0.0	8.392162285689687e-12	0.0	0.0	0.0	6.563058591175691e-12	0.0	5.088821151253918e-12	0.0	0.0	1.9339423124840237e-12	0.0	0.0	0.0	0.0	0.0	0.0	0.0	0.0	0.0	0.0	0.0	0.0	0.0	0.0	0.0	0.0	0.0	0.0
2212546.31	0.0	0.0	0.0	0.0	0.0	0.0	0.0	0.0	0.0	1.409615246881852e-07	0.0	0.0	0.0	0.0	0.0	0.0	0.0	0.0	0.0	0.0	0.0	0.0	0.0	0.0	0.0	0.0	0.0	0.0	0.0	0.0
other	1.3948620936259577e-11	0.0	0.0	4.007257401963909e-12	0.0	1.2856077533248518e-12	3.2815292955878453e-12	4.770683786308379e-12	1.6962737170846392e-12	0.0	0.0	6.446474374946745e-13	5.997954400776668e-13	5.622194572043128e-13	1.0608844398153346e-12	5.033708713819583e-13	9.603615587799124e-13	4.602392284383116e-13	0.0	0.0	4.154815876406827e-13	0.0	3.9521638521647234e-13	0.0	3.808143657627031e-13	0.0	0.0	0.0	0.0	0.0
Bottom
other	0.0	0.0	0.0	0.0	0.0	0.0	0.0	0.0	0.0	0.0	0.0	0.0	0.0	0.0	0.0	0.0	0.0	0.0	0.0	0.0	0.0	0.0	0.0	0.0	0.0	0.0	0.0	0.0	0.0	0.0
Graph
other	4.184586280877873e-11	1.8615168876335124e-11	1.6784324571379374e-11	1.001814350490977e-11	3.128203731987351e-12	8.999254273273963e-12	1.0938430985292816e-11	1.0495504329878433e-11	5.936958009796237e-12	1.4096458557575238e-07	5.5905581966617666e-12	5.157179499957396e-12	5.997954400776668e-13	1.6866583716129384e-12	0.0	3.5235960996737078e-12	3.8414462351196495e-12	2.3011961421915585e-12	0.0	0.0	1.2464447629220483e-12	8.090810598083309e-13	0.0	0.0	3.808143657627031e-13	0.0	0.0	0.0	0.0	0.0
C60
other	0.0	0.0	1.3986937142816146e-11	1.001814350490977e-11	1.5641018659936755e-11	5.142431013299407e-12	5.469215492646409e-12	3.816547029046703e-12	5.936958009796237e-12	1.5304437835991415e-12	5.5905581966617666e-12	2.578589749978698e-12	0.0	1.1244389144086255e-12	2.1217688796306693e-12	2.013483485527833e-12	9.603615587799124e-13	0.0	0.0	0.0	0.0	8.090810598083309e-13	3.9521638521647234e-13	0.0	0.0	0.0	0.0	0.0	0.0	0.0
