dphi = 0.05235987755982988	first column is a mass, last row consists of all other masses	mass / surface of the sphere ring	scaled mass sums in consecutive angle intervals, last interval most often smaller (ends at pi/2)
Top
24.022	2.7897241872519153e-11	9.307584438167562e-12	5.594774857126458e-12	3.205805921571126e-11	6.256407463974702e-12	7.713646519949112e-12	4.3753723941171266e-12	1.1449641087140108e-11	6.785094868338557e-12	4.591331350797425e-12	2.7952790983308833e-12	1.289294874989349e-12	4.798363520621334e-12	3.373316743225877e-12	3.1826533194460043e-12	2.013483485527833e-12	9.603615587799124e-13	9.204784568766233e-13	1.7722156352056566e-12	1.7129492345282463e-12	0.0	2.427243179424993e-12	7.904327704329447e-13	7.747003132474868e-13	0.0	0.0	7.42701259674812e-13	1.4731321667597064e-12	0.0	7.305149876704477e-13
36.033	0.0	1.3961376657251346e-11	0.0	0.0	4.692305597981027e-12	0.0	0.0	0.0	0.0	0.0	0.0	0.0	0.0	0.0	0.0	0.0	0.0	0.0	0.0	1.284711925896185e-12	0.0	1.2136215897124964e-12	0.0	0.0	0.0	0.0	0.0	0.0	0.0	0.0
2212714.464	0.0	0.0	0.0	0.0	0.0	0.0	2.0151215098315278e-07	0.0	0.0	0.0	0.0	0.0	0.0	0.0	0.0	0.0	0.0	0.0	0.0	0.0	0.0	0.0	0.0	0.0	0.0	0.0	0.0	0.0	0.0	0.0
48.044	0.0	0.0	0.0	0.0	0.0	0.0	0.0	0.0	0.0	0.0	0.0	0.0	0.0	0.0	0.0	0.0	0.0	0.0	0.0	0.0	0.0	0.0	0.0	0.0	0.0	0.0	0.0	0.0	1.4650455633960878e-12	0.0
other	0.0	9.307584438167562e-12	2.797387428563229e-12	2.0036287009819543e-12	3.128203731987351e-12	2.5712155066497036e-12	2.1876861970585633e-12	4.770683786308379e-12	0.0	1.5304437835991415e-12	1.3976395491654416e-12	6.446474374946745e-13	0.0	0.0	0.0	5.033708713819583e-13	4.801807793899562e-13	0.0	0.0	0.0	0.0	0.0	0.0	0.0	0.0	0.0	0.0	0.0	0.0	0.0
Bottom
other	0.0	0.0	0.0	0.0	0.0	0.0	0.0	0.0	0.0	0.0	0.0	0.0	0.0	0.0	0.0	0.0	0.0	0.0	0.0	0.0	0.0	0.0	0.0	0.0	0.0	0.0	0.0	0.0	0.0	0.0
Graph
other	0.0	3.257654553358647e-11	5.594774857126458e-12	2.6047173112765403e-11	6.256407463974702e-12	5.142431013299407e-12	2.0151543251244836e-07	1.1449641087140108e-11	1.6962737170846392e-12	4.591331350797425e-12	2.7952790983308833e-12	1.289294874989349e-12	2.399181760310667e-12	2.248877828817251e-12	2.1217688796306693e-12	1.510112614145875e-12	0.0	9.204784568766233e-13	1.7722156352056566e-12	2.9976611604244312e-12	0.0	3.640864769137489e-12	7.904327704329447e-13	0.0	0.0	0.0	7.42701259674812e-13	1.4731321667597064e-12	1.4650455633960878e-12	7.305149876704477e-13
C60
other	2.7897241872519153e-11	0.0	2.797387428563229e-12	8.014514803927817e-12	7.820509329968377e-12	5.142431013299407e-12	3.2815292955878453e-12	4.7706837863083795e-12	5.088821151253918e-12	1.5304437835991415e-12	1.3976395491654416e-12	6.446474374946745e-13	2.399181760310667e-12	1.1244389144086255e-12	1.0608844398153346e-12	1.0067417427639165e-12	1.4405423381698686e-12	0.0	0.0	0.0	0.0	0.0	0.0	7.747003132474868e-13	0.0	0.0	0.0	0.0	0.0	0.0
