dphi = 0.05235987755982988	first column is a mass, last row consists of all other masses	mass / surface of the sphere ring	scaled mass sums in consecutive angle intervals, last interval most often smaller (ends at pi/2)
Top
24.022	2.7897241872519153e-11	4.653792219083781e-11	2.7973874285632288e-11	1.6029029607855635e-11	1.5641018659936755e-11	1.7998508546547923e-11	8.750744788234253e-12	9.541367572616757e-12	1.0177642302507834e-11	0.0	6.988197745827207e-12	2.578589749978698e-12	3.598772640466001e-12	4.497755657634502e-12	2.1217688796306693e-12	1.0067417427639165e-12	2.8810846763397373e-12	2.7614353706298705e-12	0.0	8.564746172641231e-13	1.6619263505627309e-12	0.0	0.0	7.747003132474868e-13	0.0	0.0	0.0	0.0	0.0	1.4610299753408954e-12
36.033	0.0	0.0	0.0	0.0	0.0	0.0	3.2815292955878453e-12	0.0	0.0	0.0	6.289377971244487e-12	1.9339423124840237e-12	0.0	0.0	0.0	1.510112614145875e-12	0.0	0.0	0.0	0.0	0.0	0.0	0.0	0.0	0.0	0.0	0.0	0.0	0.0	1.0957724815056716e-12
2212390.167	0.0	8.572145653772757e-07	0.0	0.0	0.0	0.0	0.0	0.0	0.0	0.0	0.0	0.0	0.0	0.0	0.0	0.0	0.0	0.0	0.0	0.0	0.0	0.0	0.0	0.0	0.0	0.0	0.0	0.0	0.0	0.0
other	0.0	4.653792219083781e-12	5.594774857126458e-12	0.0	3.128203731987351e-12	0.0	1.0938430985292816e-12	1.9082735145233515e-12	1.6962737170846392e-12	2.2956656753987123e-12	1.3976395491654416e-12	1.9339423124840237e-12	0.0	1.1244389144086255e-12	0.0	5.033708713819583e-13	0.0	0.0	0.0	0.0	0.0	0.0	0.0	0.0	3.808143657627031e-13	0.0	0.0	0.0	0.0	0.0
Bottom
other	0.0	0.0	0.0	0.0	0.0	0.0	0.0	0.0	0.0	0.0	0.0	0.0	0.0	0.0	0.0	0.0	0.0	0.0	0.0	0.0	0.0	0.0	0.0	0.0	0.0	0.0	0.0	0.0	0.0	0.0
Graph
other	0.0	8.572517957150283e-07	1.9581711999942603e-11	8.014514803927817e-12	9.384611195962052e-12	1.2856077533248517e-11	3.2815292955878453e-12	7.633094058093406e-12	8.481368585423195e-12	1.5304437835991415e-12	1.048229661874081e-11	5.157179499957396e-12	2.399181760310667e-12	3.373316743225877e-12	2.1217688796306693e-12	1.0067417427639165e-12	1.9207231175598247e-12	2.7614353706298705e-12	0.0	8.564746172641231e-13	0.0	0.0	0.0	7.747003132474868e-13	3.808143657627031e-13	0.0	0.0	0.0	0.0	2.556802456846567e-12
C60
other	2.7897241872519153e-11	1.3961376657251346e-11	1.3986937142816144e-11	8.014514803927817e-12	9.384611195962053e-12	5.142431013299407e-12	9.844587886763534e-12	3.816547029046703e-12	3.3925474341692784e-12	7.652218917995707e-13	4.192918647496325e-12	1.289294874989349e-12	1.1995908801553335e-12	2.248877828817251e-12	0.0	2.013483485527833e-12	9.603615587799124e-13	0.0	0.0	0.0	1.6619263505627309e-12	0.0	0.0	0.0	0.0	0.0	0.0	0.0	0.0	0.0
