dphi = 0.05235987755982988	first column is a mass, last row consists of all other masses	mass / surface of the sphere ring	scaled mass sums in consecutive angle intervals, last interval most often smaller (ends at pi/2)
Top
24.022	2.7897241872519153e-11	1.8615168876335124e-11	1.1189549714252916e-11	1.2021772205891726e-11	9.384611195962053e-12	7.713646519949112e-12	8.750744788234253e-12	5.724820543570056e-12	3.3925474341692784e-12	6.121775134396566e-12	4.192918647496325e-12	6.446474374946744e-12	2.399181760310667e-12	0.0	1.0608844398153346e-12	2.013483485527833e-12	2.8810846763397373e-12	9.204784568766233e-13	8.861078176028283e-13	8.564746172641231e-13	1.6619263505627309e-12	8.090810598083309e-13	0.0	0.0	0.0	0.0	0.0	0.0	0.0	0.0
36.033	0.0	1.3961376657251346e-11	8.392162285689687e-12	6.010886102945863e-12	0.0	3.856823259974556e-12	3.2815292955878453e-12	5.724820543570056e-12	5.088821151253918e-12	0.0	0.0	0.0	0.0	0.0	0.0	0.0	0.0	0.0	0.0	0.0	1.2464447629220483e-12	0.0	0.0	0.0	0.0	0.0	0.0	0.0	0.0	0.0
3319912.466	0.0	0.0	7.732146695773867e-07	0.0	0.0	0.0	0.0	0.0	0.0	0.0	0.0	0.0	0.0	0.0	0.0	0.0	0.0	0.0	0.0	0.0	0.0	0.0	0.0	0.0	0.0	0.0	0.0	0.0	0.0	0.0
48.044	0.0	0.0	0.0	0.0	0.0	0.0	4.3753723941171266e-12	0.0	0.0	0.0	0.0	0.0	0.0	0.0	0.0	0.0	0.0	0.0	0.0	0.0	0.0	0.0	0.0	0.0	0.0	0.0	0.0	0.0	0.0	0.0
other	0.0	4.653792219083781e-12	0.0	2.0036287009819543e-12	0.0	0.0	0.0	0.0	0.0	0.0	0.0	6.446474374946745e-13	5.997954400776668e-13	0.0	0.0	0.0	0.0	0.0	0.0	0.0	0.0	0.0	0.0	0.0	0.0	3.7550763506265485e-13	0.0	0.0	0.0	0.0
Bottom
other	0.0	0.0	0.0	0.0	0.0	0.0	0.0	0.0	0.0	0.0	0.0	0.0	0.0	0.0	0.0	0.0	0.0	0.0	0.0	0.0	0.0	0.0	0.0	0.0	0.0	0.0	0.0	0.0	0.0	0.0
Graph
other	0.0	1.8615168876335124e-11	7.732342512893865e-07	1.6029029607855635e-11	6.256407463974702e-12	3.856823259974556e-12	1.421996028088066e-11	9.541367572616757e-12	8.481368585423195e-12	4.591331350797425e-12	2.7952790983308833e-12	5.157179499957396e-12	2.399181760310667e-12	0.0	1.0608844398153346e-12	1.0067417427639165e-12	2.8810846763397373e-12	9.204784568766233e-13	8.861078176028283e-13	8.564746172641231e-13	2.908371113484779e-12	8.090810598083309e-13	0.0	0.0	0.0	3.7550763506265485e-13	0.0	0.0	0.0	0.0
C60
other	2.7897241872519153e-11	1.8615168876335124e-11	0.0	4.007257401963909e-12	3.128203731987351e-12	7.713646519949112e-12	2.1876861970585633e-12	1.9082735145233515e-12	0.0	1.5304437835991415e-12	1.3976395491654416e-12	1.9339423124840237e-12	5.997954400776668e-13	0.0	0.0	1.0067417427639165e-12	0.0	0.0	0.0	0.0	0.0	0.0	0.0	0.0	0.0	0.0	0.0	0.0	0.0	0.0
