dphi = 0.05235987755982988	first column is a mass, last row consists of all other masses	mass / surface of the sphere ring	scaled mass sums in consecutive angle intervals, last interval most often smaller (ends at pi/2)
Top
24.022	0.0	9.307584438167562e-12	1.6784324571379374e-11	1.6029029607855635e-11	9.384611195962053e-12	7.713646519949112e-12	4.3753723941171266e-12	9.541367572616757e-12	6.785094868338557e-12	4.591331350797425e-12	1.1181116393323532e-11	9.025064124925442e-12	3.598772640466001e-12	2.248877828817251e-12	2.1217688796306693e-12	2.013483485527833e-12	5.762169352679474e-12	1.8409569137532466e-12	8.861078176028283e-13	0.0	0.0	8.090810598083309e-13	0.0	0.0	0.0	7.510152701253097e-13	7.42701259674812e-13	0.0	0.0	0.0
36.033	0.0	0.0	0.0	6.010886102945863e-12	0.0	0.0	0.0	0.0	0.0	2.2956656753987123e-12	2.0964593237481625e-12	0.0	0.0	1.6866583716129384e-12	0.0	0.0	0.0	0.0	0.0	0.0	0.0	0.0	0.0	0.0	0.0	1.1265229051879647e-12	0.0	0.0	0.0	0.0
other	0.0	9.307584438167562e-12	1.1189549714252916e-11	6.010886102945863e-12	4.692305597981027e-12	5.142431013299407e-12	1.0938430985292816e-12	9.541367572616758e-13	5.9369580097962364e-12	2.2956656753987123e-12	2.0964593237481625e-12	5.80182693745207e-12	1.7993863202330005e-12	1.6866583716129384e-12	1.5913266597230021e-12	2.5168543569097913e-12	1.9207231175598247e-12	0.0	4.4305390880141416e-13	1.284711925896185e-12	4.154815876406827e-13	4.0454052990416545e-13	0.0	3.873501566237434e-13	7.616287315254062e-13	0.0	0.0	0.0	0.0	0.0
Bottom
other	0.0	0.0	0.0	0.0	0.0	0.0	0.0	0.0	0.0	0.0	0.0	0.0	0.0	0.0	0.0	0.0	0.0	0.0	0.0	0.0	0.0	0.0	0.0	0.0	0.0	0.0	0.0	0.0	0.0	0.0
Graph
other	0.0	4.653792219083781e-12	1.1189549714252916e-11	2.2039915710801494e-11	4.692305597981027e-12	8.999254273273963e-12	2.1876861970585633e-12	7.633094058093406e-12	8.481368585423195e-12	4.591331350797425e-12	9.783476844158091e-12	1.0314358999914791e-11	1.7993863202330005e-12	5.6221945720431275e-12	1.0608844398153346e-12	3.02022522829175e-12	5.762169352679474e-12	1.8409569137532466e-12	1.3291617264042426e-12	1.284711925896185e-12	4.154815876406827e-13	1.2136215897124964e-12	0.0	3.873501566237434e-13	3.808143657627031e-13	1.8775381753132743e-12	7.42701259674812e-13	0.0	0.0	0.0
C60
other	0.0	1.3961376657251346e-11	1.6784324571379374e-11	6.010886102945863e-12	9.384611195962052e-12	3.856823259974556e-12	3.2815292955878453e-12	2.862410271785028e-12	4.2406842927115974e-12	4.591331350797425e-12	5.5905581966617666e-12	4.512532062462722e-12	3.598772640466001e-12	0.0	2.652211099538337e-12	1.510112614145875e-12	1.9207231175598247e-12	0.0	0.0	0.0	0.0	0.0	0.0	0.0	3.808143657627031e-13	0.0	0.0	0.0	0.0	0.0
