dphi = 0.05235987755982988	first column is a mass, last row consists of all other masses	mass / surface of the sphere ring	scaled mass sums in consecutive angle intervals, last interval most often smaller (ends at pi/2)
Top
24.022	2.7897241872519153e-11	0.0	2.7973874285632288e-11	1.2021772205891726e-11	3.128203731987351e-12	1.0284862026598814e-11	1.0938430985292816e-11	1.9082735145233515e-11	1.3570189736677112e-11	1.3773994052392271e-11	5.5905581966617666e-12	2.578589749978698e-12	4.798363520621334e-12	4.497755657634502e-12	2.1217688796306693e-12	0.0	1.9207231175598247e-12	0.0	8.861078176028283e-13	0.0	1.6619263505627309e-12	8.090810598083309e-13	0.0	7.747003132474868e-13	7.616287315254062e-13	0.0	0.0	0.0	0.0	0.0
36.033	0.0	1.3961376657251346e-11	8.392162285689687e-12	0.0	0.0	0.0	3.2815292955878453e-12	2.862410271785028e-12	0.0	0.0	2.0964593237481625e-12	0.0	1.7993863202330005e-12	1.6866583716129384e-12	0.0	0.0	1.4405423381698686e-12	0.0	0.0	0.0	0.0	1.2136215897124964e-12	0.0	0.0	0.0	0.0	0.0	0.0	0.0	1.0957724815056716e-12
other	1.3948620936259577e-11	0.0	2.797387428563229e-12	0.0	3.128203731987351e-12	2.5712155066497036e-12	2.1876861970585633e-12	9.541367572616758e-13	3.3925474341692784e-12	7.652218917995707e-13	6.988197745827208e-13	0.0	0.0	5.622194572043128e-13	0.0	0.0	0.0	0.0	4.4305390880141416e-13	0.0	0.0	4.0454052990416545e-13	0.0	0.0	0.0	3.7550763506265485e-13	3.71350629837406e-13	0.0	0.0	0.0
Bottom
other	0.0	0.0	0.0	0.0	0.0	0.0	0.0	0.0	0.0	0.0	0.0	0.0	0.0	0.0	0.0	0.0	0.0	0.0	0.0	0.0	0.0	0.0	0.0	0.0	0.0	0.0	0.0	0.0	0.0	0.0
Graph
other	4.184586280877873e-11	1.3961376657251346e-11	3.356864914275875e-11	8.014514803927817e-12	4.692305597981027e-12	1.2856077533248517e-11	1.4219960280880662e-11	2.0991008659756866e-11	1.611460031230407e-11	1.4539215944191842e-11	6.2893779712444866e-12	2.578589749978698e-12	6.597749840854334e-12	3.9355362004301895e-12	2.1217688796306693e-12	0.0	2.400903896949781e-12	0.0	1.3291617264042426e-12	0.0	1.6619263505627309e-12	2.427243179424993e-12	0.0	7.747003132474868e-13	7.616287315254062e-13	3.7550763506265485e-13	3.71350629837406e-13	0.0	0.0	1.0957724815056716e-12
C60
other	0.0	0.0	5.594774857126458e-12	4.007257401963909e-12	1.5641018659936755e-12	0.0	2.1876861970585633e-12	1.9082735145233515e-12	8.481368585423196e-13	0.0	2.0964593237481625e-12	0.0	0.0	2.811097286021564e-12	0.0	0.0	9.603615587799124e-13	0.0	0.0	0.0	0.0	0.0	0.0	0.0	0.0	0.0	0.0	0.0	0.0	0.0
