dphi = 0.05235987755982988	first column is a mass, last row consists of all other masses	mass / surface of the sphere ring	scaled mass sums in consecutive angle intervals, last interval most often smaller (ends at pi/2)
Top
24.022	0.0	0.0	1.1189549714252916e-11	4.007257401963909e-12	1.8769222391924104e-11	7.713646519949112e-12	6.563058591175691e-12	1.335791460166346e-11	6.785094868338557e-12	9.182662701594848e-12	5.5905581966617666e-12	2.578589749978698e-12	4.798363520621334e-12	2.248877828817251e-12	5.304422199076673e-12	1.0067417427639165e-12	2.8810846763397373e-12	9.204784568766233e-13	8.861078176028283e-13	0.0	8.309631752813654e-13	0.0	1.5808655408658894e-12	0.0	0.0	0.0	0.0	0.0	0.0	0.0
36.033	0.0	0.0	0.0	6.010886102945863e-12	0.0	0.0	0.0	0.0	0.0	0.0	0.0	3.8678846249680474e-12	0.0	0.0	0.0	0.0	0.0	0.0	0.0	0.0	0.0	0.0	0.0	0.0	0.0	0.0	0.0	0.0	0.0	0.0
2212294.079	0.0	0.0	0.0	0.0	0.0	0.0	0.0	0.0	0.0	0.0	0.0	0.0	0.0	0.0	0.0	0.0	0.0	0.0	0.0	0.0	0.0	0.0	0.0	0.0	7.01418172153602e-08	0.0	0.0	0.0	0.0	0.0
other	1.3948620936259577e-11	4.653792219083781e-12	8.392162285689687e-12	8.014514803927817e-12	1.0948713061955726e-11	1.2856077533248518e-12	6.563058591175689e-12	6.67895730083173e-12	0.0	3.060887567198283e-12	2.7952790983308833e-12	2.578589749978698e-12	2.9989772003883336e-12	2.248877828817251e-12	1.0608844398153346e-12	5.033708713819583e-13	1.9207231175598247e-12	0.0	8.861078176028283e-13	1.284711925896185e-12	0.0	4.0454052990416545e-13	3.9521638521647234e-13	0.0	0.0	3.7550763506265485e-13	3.71350629837406e-13	0.0	0.0	0.0
Bottom
other	0.0	0.0	0.0	0.0	0.0	0.0	0.0	0.0	0.0	0.0	0.0	0.0	0.0	0.0	0.0	0.0	0.0	0.0	0.0	0.0	0.0	0.0	0.0	0.0	0.0	0.0	0.0	0.0	0.0	0.0
Graph
other	0.0	4.653792219083781e-12	1.678432457137937e-11	1.6029029607855635e-11	2.0333324257917777e-11	5.142431013299407e-12	7.656901689704972e-12	7.633094058093406e-12	1.6962737170846392e-12	1.147832837699356e-11	3.494098872913604e-12	8.380416687430767e-12	4.798363520621334e-12	2.248877828817251e-12	4.2435377592613385e-12	1.510112614145875e-12	2.881084676339737e-12	9.204784568766233e-13	1.7722156352056566e-12	1.284711925896185e-12	8.309631752813654e-13	0.0	1.5808655408658894e-12	0.0	7.01418172153602e-08	3.7550763506265485e-13	0.0	0.0	0.0	0.0
C60
other	1.3948620936259577e-11	0.0	2.797387428563229e-12	2.0036287009819543e-12	9.384611195962053e-12	3.856823259974556e-12	5.469215492646408e-12	1.2403777844401784e-11	5.088821151253918e-12	7.652218917995707e-13	4.891738422079046e-12	6.446474374946745e-13	2.998977200388334e-12	2.248877828817251e-12	2.1217688796306693e-12	0.0	1.9207231175598247e-12	0.0	0.0	0.0	0.0	4.0454052990416545e-13	3.9521638521647234e-13	0.0	0.0	0.0	3.71350629837406e-13	0.0	0.0	0.0
