dphi = 0.05235987755982988	first column is a mass, last row consists of all other masses	mass / surface of the sphere ring	scaled mass sums in consecutive angle intervals, last interval most often smaller (ends at pi/2)
Top
24.022	0.0	9.307584438167562e-12	0.0	4.007257401963909e-12	0.0	5.142431013299407e-12	0.0	5.724820543570056e-12	1.0177642302507834e-11	3.060887567198283e-12	1.3976395491654416e-12	1.289294874989349e-12	4.798363520621334e-12	3.373316743225877e-12	3.1826533194460043e-12	0.0	0.0	1.8409569137532466e-12	8.861078176028283e-13	0.0	0.0	0.0	0.0	0.0	0.0	0.0	0.0	0.0	0.0	7.305149876704477e-13
36.033	0.0	0.0	0.0	0.0	0.0	0.0	0.0	0.0	0.0	0.0	0.0	0.0	0.0	0.0	0.0	0.0	0.0	0.0	0.0	0.0	0.0	1.2136215897124964e-12	0.0	0.0	0.0	0.0	0.0	0.0	0.0	0.0
other	0.0	0.0	0.0	2.0036287009819543e-12	3.128203731987351e-12	2.5712155066497036e-12	2.1876861970585633e-12	2.862410271785028e-12	5.088821151253917e-12	1.5304437835991415e-12	1.3976395491654416e-12	1.9339423124840237e-12	4.198568080543667e-12	3.935536200430189e-12	1.0608844398153346e-12	1.0067417427639165e-12	2.881084676339737e-12	2.3011961421915585e-12	1.3291617264042426e-12	4.2823730863206157e-13	1.6619263505627309e-12	4.0454052990416545e-13	7.904327704329447e-13	0.0	0.0	7.510152701253097e-13	0.0	3.682830416899266e-13	0.0	0.0
Bottom
other	0.0	0.0	0.0	0.0	0.0	0.0	0.0	0.0	0.0	0.0	0.0	0.0	0.0	0.0	0.0	0.0	0.0	0.0	0.0	0.0	0.0	0.0	0.0	0.0	0.0	0.0	0.0	0.0	0.0	0.0
Graph
other	0.0	9.307584438167562e-12	0.0	6.010886102945863e-12	1.5641018659936755e-12	5.142431013299407e-12	2.1876861970585633e-12	3.816547029046703e-12	8.481368585423195e-12	4.591331350797424e-12	6.988197745827208e-13	2.578589749978698e-12	4.798363520621334e-12	2.8110972860215638e-12	1.5913266597230021e-12	5.033708713819583e-13	1.9207231175598247e-12	1.3807176853149352e-12	8.861078176028283e-13	4.2823730863206157e-13	1.6619263505627309e-12	1.2136215897124964e-12	3.9521638521647234e-13	0.0	0.0	7.510152701253097e-13	0.0	0.0	0.0	7.305149876704477e-13
C60
other	0.0	0.0	0.0	0.0	1.5641018659936755e-12	2.5712155066497036e-12	0.0	4.770683786308379e-12	6.785094868338557e-12	0.0	2.0964593237481625e-12	6.446474374946745e-13	4.198568080543667e-12	4.497755657634502e-12	2.652211099538337e-12	5.033708713819583e-13	9.603615587799124e-13	2.7614353706298705e-12	1.3291617264042426e-12	0.0	0.0	4.0454052990416545e-13	3.9521638521647234e-13	0.0	0.0	0.0	0.0	3.682830416899266e-13	0.0	0.0
