dphi = 0.05235987755982988	first column is a mass, last row consists of all other masses	mass / surface of the sphere ring	scaled mass sums in consecutive angle intervals, last interval most often smaller (ends at pi/2)
Top
24.022	2.7897241872519153e-11	9.307584438167562e-12	1.6784324571379374e-11	8.014514803927817e-12	1.2512814927949404e-11	1.0284862026598814e-11	6.563058591175691e-12	1.9082735145233515e-12	8.481368585423195e-12	4.591331350797425e-12	6.988197745827207e-12	2.578589749978698e-12	1.1995908801553335e-12	4.497755657634502e-12	5.304422199076673e-12	3.02022522829175e-12	2.8810846763397373e-12	2.7614353706298705e-12	0.0	0.0	8.309631752813654e-13	2.427243179424993e-12	2.3712983112988344e-12	1.5494006264949737e-12	0.0	0.0	7.42701259674812e-13	0.0	0.0	0.0
2212294.079	0.0	0.0	0.0	0.0	0.0	0.0	0.0	0.0	0.0	0.0	0.0	0.0	0.0	0.0	0.0	0.0	0.0	0.0	0.0	0.0	0.0	0.0	7.279451077652647e-08	0.0	0.0	0.0	0.0	0.0	0.0	0.0
48.044	0.0	0.0	0.0	0.0	0.0	0.0	4.3753723941171266e-12	0.0	0.0	0.0	0.0	0.0	0.0	0.0	0.0	0.0	0.0	0.0	0.0	0.0	0.0	0.0	0.0	0.0	0.0	0.0	0.0	0.0	0.0	0.0
36.033	0.0	0.0	0.0	0.0	0.0	0.0	0.0	2.862410271785028e-12	0.0	0.0	0.0	0.0	0.0	0.0	0.0	0.0	0.0	0.0	0.0	0.0	0.0	0.0	0.0	0.0	0.0	0.0	0.0	0.0	0.0	0.0
other	0.0	4.653792219083781e-12	2.797387428563229e-12	4.007257401963909e-12	3.128203731987351e-12	0.0	5.469215492646408e-12	3.816547029046703e-12	4.2406842927115974e-12	7.652218917995707e-13	5.590558196661766e-12	2.578589749978698e-12	4.798363520621333e-12	1.1244389144086255e-12	2.6522110995383366e-12	2.5168543569097913e-12	9.603615587799124e-13	9.204784568766233e-13	8.861078176028283e-13	4.2823730863206157e-13	0.0	4.0454052990416545e-13	0.0	0.0	0.0	0.0	3.71350629837406e-13	0.0	0.0	0.0
Bottom
other	0.0	0.0	0.0	0.0	0.0	0.0	0.0	0.0	0.0	0.0	0.0	0.0	0.0	0.0	0.0	0.0	0.0	0.0	0.0	0.0	0.0	0.0	0.0	0.0	0.0	0.0	0.0	0.0	0.0	0.0
Graph
other	2.7897241872519153e-11	1.3961376657251346e-11	8.392162285689687e-12	2.0036287009819543e-12	1.0948713061955728e-11	5.142431013299407e-12	1.0938430985292818e-11	8.587230815355082e-12	9.329505443965514e-12	2.2956656753987123e-12	9.78347684415809e-12	2.578589749978698e-12	4.198568080543667e-12	4.497755657634502e-12	5.304422199076673e-12	5.53707958520154e-12	2.400903896949781e-12	2.7614353706298705e-12	8.861078176028283e-13	4.2823730863206157e-13	8.309631752813654e-13	2.022702649520827e-12	7.279609164206733e-08	7.747003132474868e-13	0.0	0.0	7.42701259674812e-13	0.0	0.0	0.0
C60
other	0.0	0.0	1.1189549714252916e-11	1.001814350490977e-11	4.692305597981027e-12	5.142431013299407e-12	5.469215492646408e-12	0.0	3.3925474341692784e-12	3.060887567198283e-12	2.7952790983308833e-12	2.578589749978698e-12	1.7993863202330005e-12	1.1244389144086255e-12	2.652211099538337e-12	0.0	1.4405423381698686e-12	9.204784568766233e-13	0.0	0.0	0.0	8.090810598083309e-13	7.904327704329447e-13	7.747003132474868e-13	0.0	0.0	3.71350629837406e-13	0.0	0.0	0.0
