dphi = 0.05235987755982988	first column is a mass, last row consists of all other masses	mass / surface of the sphere ring	scaled mass sums in consecutive angle intervals, last interval most often smaller (ends at pi/2)
Top
24.022	5.5794483745038306e-11	9.307584438167562e-12	1.6784324571379374e-11	1.6029029607855635e-11	1.5641018659936755e-11	1.2856077533248517e-11	1.9689175773527068e-11	7.633094058093406e-12	3.3925474341692784e-12	9.182662701594848e-12	5.5905581966617666e-12	3.8678846249680474e-12	2.399181760310667e-12	0.0	2.1217688796306693e-12	3.02022522829175e-12	0.0	0.0	8.861078176028283e-13	8.564746172641231e-13	1.6619263505627309e-12	0.0	7.904327704329447e-13	0.0	0.0	0.0	0.0	1.4731321667597064e-12	7.325227816980439e-13	0.0
36.033	4.184586280877873e-11	0.0	8.392162285689687e-12	0.0	4.692305597981027e-12	0.0	0.0	2.862410271785028e-12	0.0	0.0	0.0	0.0	0.0	1.6866583716129384e-12	0.0	0.0	0.0	0.0	0.0	0.0	0.0	0.0	0.0	0.0	0.0	0.0	0.0	0.0	0.0	0.0
48.044	0.0	0.0	0.0	0.0	0.0	0.0	0.0	0.0	3.3925474341692784e-12	0.0	0.0	0.0	0.0	0.0	0.0	0.0	0.0	1.8409569137532466e-12	0.0	0.0	0.0	0.0	0.0	0.0	0.0	0.0	0.0	0.0	0.0	0.0
60.055	0.0	0.0	0.0	0.0	0.0	0.0	0.0	0.0	0.0	0.0	0.0	0.0	0.0	0.0	0.0	0.0	0.0	0.0	0.0	0.0	2.0774079382034135e-12	0.0	0.0	0.0	0.0	0.0	0.0	0.0	0.0	0.0
other	0.0	0.0	0.0	0.0	0.0	0.0	4.3753723941171266e-12	0.0	0.0	0.0	2.7952790983308833e-12	6.446474374946745e-13	0.0	0.0	0.0	0.0	9.603615587799124e-13	0.0	0.0	0.0	4.154815876406827e-13	0.0	3.9521638521647234e-13	3.873501566237434e-13	3.808143657627031e-13	0.0	0.0	0.0	0.0	0.0
Bottom
other	0.0	0.0	0.0	0.0	0.0	0.0	0.0	0.0	0.0	0.0	0.0	0.0	0.0	0.0	0.0	0.0	0.0	0.0	0.0	0.0	0.0	0.0	0.0	0.0	0.0	0.0	0.0	0.0	0.0	0.0
Graph
other	6.974310468129788e-11	9.307584438167562e-12	2.517648685706906e-11	1.2021772205891726e-11	1.720512052593043e-11	1.2856077533248517e-11	2.078301887205635e-11	5.724820543570056e-12	6.785094868338557e-12	9.182662701594848e-12	6.2893779712444866e-12	4.512532062462722e-12	2.399181760310667e-12	1.6866583716129384e-12	2.1217688796306693e-12	2.013483485527833e-12	9.603615587799124e-13	1.8409569137532466e-12	8.861078176028283e-13	8.564746172641231e-13	4.154815876406827e-12	0.0	1.1856491556494172e-12	3.873501566237434e-13	0.0	0.0	0.0	1.4731321667597064e-12	7.325227816980439e-13	0.0
C60
other	2.7897241872519153e-11	0.0	0.0	4.007257401963909e-12	3.128203731987351e-12	0.0	3.2815292955878453e-12	4.7706837863083795e-12	0.0	0.0	2.0964593237481625e-12	0.0	0.0	0.0	0.0	1.0067417427639165e-12	0.0	0.0	0.0	0.0	0.0	0.0	0.0	0.0	3.808143657627031e-13	0.0	0.0	0.0	0.0	0.0
