dphi = 0.05235987755982988	first column is a mass, last row consists of all other masses	mass / surface of the sphere ring	scaled mass sums in consecutive angle intervals, last interval most often smaller (ends at pi/2)
Top
24.022	0.0	9.307584438167562e-12	0.0	0.0	3.128203731987351e-12	0.0	2.1876861970585633e-12	5.724820543570056e-12	5.088821151253918e-12	1.5304437835991415e-12	2.7952790983308833e-12	2.578589749978698e-12	1.1995908801553335e-12	2.248877828817251e-12	2.1217688796306693e-12	2.013483485527833e-12	1.9207231175598247e-12	9.204784568766233e-13	0.0	8.564746172641231e-13	8.309631752813654e-13	2.427243179424993e-12	0.0	0.0	0.0	0.0	0.0	0.0	0.0	7.305149876704477e-13
36.033	0.0	0.0	0.0	0.0	0.0	0.0	0.0	0.0	0.0	0.0	0.0	0.0	1.7993863202330005e-12	0.0	0.0	3.02022522829175e-12	1.4405423381698686e-12	0.0	1.3291617264042426e-12	0.0	0.0	0.0	0.0	0.0	0.0	0.0	0.0	0.0	0.0	0.0
other	0.0	0.0	2.797387428563229e-12	2.0036287009819543e-12	0.0	3.856823259974556e-12	2.1876861970585633e-12	1.9082735145233515e-12	2.544410575626959e-12	0.0	1.3976395491654416e-12	4.512532062462721e-12	0.0	2.8110972860215638e-12	5.304422199076673e-13	1.510112614145875e-12	2.4009038969497806e-12	1.8409569137532466e-12	3.1013773616098987e-12	1.7129492345282463e-12	8.309631752813654e-13	4.0454052990416545e-13	0.0	7.747003132474868e-13	3.808143657627031e-13	0.0	0.0	0.0	0.0	0.0
Bottom
other	0.0	0.0	0.0	0.0	0.0	0.0	0.0	0.0	0.0	0.0	0.0	0.0	0.0	0.0	0.0	0.0	0.0	0.0	0.0	0.0	0.0	0.0	0.0	0.0	0.0	0.0	0.0	0.0	0.0	0.0
Graph
other	0.0	9.307584438167562e-12	2.797387428563229e-12	2.0036287009819543e-12	3.128203731987351e-12	2.5712155066497036e-12	0.0	3.816547029046703e-12	2.544410575626959e-12	1.5304437835991415e-12	2.7952790983308833e-12	4.512532062462721e-12	1.7993863202330005e-12	2.8110972860215638e-12	0.0	3.5235960996737078e-12	1.9207231175598247e-12	2.3011961421915585e-12	3.987485179212727e-12	1.284711925896185e-12	8.309631752813654e-13	1.2136215897124964e-12	0.0	0.0	0.0	0.0	0.0	0.0	0.0	7.305149876704477e-13
C60
other	0.0	0.0	0.0	0.0	0.0	1.2856077533248518e-12	4.3753723941171266e-12	3.816547029046703e-12	5.088821151253917e-12	0.0	1.3976395491654416e-12	2.578589749978698e-12	1.1995908801553335e-12	2.248877828817251e-12	2.652211099538337e-12	3.02022522829175e-12	3.8414462351196495e-12	4.602392284383116e-13	4.4305390880141416e-13	1.284711925896185e-12	8.309631752813654e-13	1.6181621196166618e-12	0.0	7.747003132474868e-13	3.808143657627031e-13	0.0	0.0	0.0	0.0	0.0
