dphi = 0.05235987755982988	first column is a mass, last row consists of all other masses	mass / surface of the sphere ring	scaled mass sums in consecutive angle intervals, last interval most often smaller (ends at pi/2)
Top
24.022	0.0	9.307584438167562e-12	0.0	0.0	9.384611195962053e-12	7.713646519949112e-12	4.3753723941171266e-12	0.0	1.6962737170846392e-12	7.652218917995707e-12	6.988197745827207e-12	2.578589749978698e-12	2.399181760310667e-12	3.373316743225877e-12	2.1217688796306693e-12	4.026966971055666e-12	1.9207231175598247e-12	1.8409569137532466e-12	2.6583234528084853e-12	8.564746172641231e-13	0.0	1.6181621196166618e-12	1.5808655408658894e-12	0.0	0.0	0.0	0.0	0.0	7.325227816980439e-13	0.0
36.033	0.0	0.0	0.0	0.0	0.0	0.0	0.0	0.0	0.0	0.0	0.0	0.0	0.0	1.6866583716129384e-12	1.5913266597230021e-12	1.510112614145875e-12	0.0	0.0	0.0	0.0	0.0	0.0	0.0	0.0	0.0	0.0	0.0	0.0	0.0	0.0
other	0.0	0.0	2.797387428563229e-12	4.007257401963909e-12	1.5641018659936755e-12	6.4280387666242586e-12	4.3753723941171266e-12	1.9082735145233515e-12	0.0	7.652218917995707e-13	4.192918647496324e-12	1.9339423124840237e-12	1.7993863202330005e-12	5.622194572043128e-13	2.1217688796306693e-12	1.510112614145875e-12	4.801807793899562e-13	4.602392284383116e-13	8.861078176028283e-13	1.284711925896185e-12	4.154815876406827e-13	4.0454052990416545e-13	0.0	3.873501566237434e-13	7.616287315254062e-13	3.7550763506265485e-13	0.0	0.0	0.0	0.0
Bottom
other	0.0	0.0	0.0	0.0	0.0	0.0	0.0	0.0	0.0	0.0	0.0	0.0	0.0	0.0	0.0	0.0	0.0	0.0	0.0	0.0	0.0	0.0	0.0	0.0	0.0	0.0	0.0	0.0	0.0	0.0
Graph
other	0.0	9.307584438167562e-12	2.797387428563229e-12	4.007257401963909e-12	1.0948713061955728e-11	1.0284862026598814e-11	7.656901689704972e-12	1.9082735145233515e-12	1.6962737170846392e-12	5.356553242596996e-12	9.084657069575369e-12	3.2232371874733726e-12	3.5987726404660002e-12	4.497755657634502e-12	4.773979979169006e-12	6.040450456583498e-12	2.400903896949781e-12	2.3011961421915585e-12	2.2152695440070707e-12	1.284711925896185e-12	4.154815876406827e-13	8.090810598083309e-13	1.5808655408658894e-12	0.0	7.616287315254062e-13	0.0	0.0	0.0	7.325227816980439e-13	0.0
C60
other	0.0	0.0	0.0	0.0	0.0	3.856823259974556e-12	1.0938430985292816e-12	0.0	0.0	3.060887567198283e-12	2.0964593237481625e-12	1.289294874989349e-12	5.997954400776668e-13	1.1244389144086255e-12	1.0608844398153346e-12	1.0067417427639165e-12	0.0	0.0	1.3291617264042426e-12	8.564746172641231e-13	0.0	1.2136215897124964e-12	0.0	3.873501566237434e-13	0.0	3.7550763506265485e-13	0.0	0.0	0.0	0.0
