Total	Internal	Translational
Top
4.75342457705	0.787915357747	3.9655092193
1.11564308127	7.49218327419e-33	1.11564308127
5.61032876979	0.853268899677	4.75705987011
7.15248047037	2.07243164308	5.08004882728
16.8901960074	0.305361704033	16.5848343033
15.3781874032	2.24204642334	13.1361409798
23.42907421	0.245969588701	23.1831046213
4.49789585472	2.09538175361	2.40251410111
14.0731289691	0.0	14.0731289691
10.1945189559	3.178415739	7.01610321694
5.41667264262	2.5344571285	2.88221551411
8.10678224038	0.306294074183	7.80048816619
15.1577801106	0.619038052836	14.5387420577
6.84434234918	3.05901773487	3.78532461431
114.860493676	0.0	114.860493676
Bottom
