dphi = 0.05235987755982988	first column is a mass, last row consists of all other masses	mass / surface of the sphere ring	scaled mass sums in consecutive angle intervals, last interval most often smaller (ends at pi/2)
Top
24.022	2.7897241872519153e-11	9.307584438167562e-12	5.594774857126458e-12	4.007257401963909e-12	6.256407463974702e-12	7.713646519949112e-12	8.750744788234253e-12	9.541367572616757e-12	8.481368585423195e-12	9.182662701594848e-12	8.385837294992648e-12	5.157179499957396e-12	2.399181760310667e-12	2.248877828817251e-12	3.1826533194460043e-12	0.0	9.603615587799124e-13	2.7614353706298705e-12	1.7722156352056566e-12	1.7129492345282463e-12	0.0	8.090810598083309e-13	7.904327704329447e-13	7.747003132474868e-13	7.616287315254062e-13	0.0	1.485402519349624e-12	0.0	7.325227816980439e-13	0.0
36.033	4.184586280877873e-11	2.792275331450269e-11	0.0	0.0	0.0	0.0	0.0	0.0	5.088821151253918e-12	0.0	4.192918647496325e-12	0.0	0.0	0.0	0.0	0.0	0.0	0.0	0.0	1.284711925896185e-12	0.0	0.0	0.0	1.1620504698712303e-12	0.0	0.0	0.0	1.1048491250697798e-12	0.0	1.0957724815056716e-12
48.044	0.0	0.0	0.0	0.0	0.0	0.0	0.0	0.0	0.0	3.060887567198283e-12	0.0	0.0	0.0	0.0	0.0	0.0	0.0	0.0	0.0	0.0	0.0	0.0	0.0	0.0	0.0	0.0	0.0	0.0	0.0	0.0
other	1.3948620936259577e-11	0.0	0.0	2.0036287009819543e-12	0.0	0.0	2.1876861970585633e-12	0.0	0.0	7.652218917995707e-13	1.3976395491654416e-12	1.289294874989349e-12	0.0	1.1244389144086255e-12	0.0	0.0	0.0	0.0	0.0	0.0	0.0	0.0	0.0	0.0	0.0	0.0	0.0	3.682830416899266e-13	0.0	0.0
Bottom
other	0.0	0.0	0.0	0.0	0.0	0.0	0.0	0.0	0.0	0.0	0.0	0.0	0.0	0.0	0.0	0.0	0.0	0.0	0.0	0.0	0.0	0.0	0.0	0.0	0.0	0.0	0.0	0.0	0.0	0.0
Graph
other	6.974310468129788e-11	2.3268961095418908e-11	5.594774857126458e-12	6.010886102945863e-12	6.256407463974702e-12	7.713646519949112e-12	1.0938430985292816e-11	9.541367572616757e-12	1.1025779161050153e-11	1.3008772160592703e-11	1.1181116393323532e-11	5.80182693745207e-12	1.1995908801553335e-12	2.811097286021564e-12	3.1826533194460043e-12	0.0	9.603615587799124e-13	2.7614353706298705e-12	8.861078176028283e-13	2.9976611604244312e-12	0.0	8.090810598083309e-13	7.904327704329447e-13	7.747003132474868e-13	7.616287315254062e-13	0.0	7.42701259674812e-13	3.682830416899266e-13	7.325227816980439e-13	1.0957724815056716e-12
C60
other	1.3948620936259577e-11	1.3961376657251346e-11	0.0	0.0	0.0	0.0	0.0	0.0	2.544410575626959e-12	0.0	2.7952790983308833e-12	6.446474374946745e-13	1.1995908801553335e-12	5.622194572043128e-13	0.0	0.0	0.0	0.0	8.861078176028283e-13	0.0	0.0	0.0	0.0	1.1620504698712303e-12	0.0	0.0	7.42701259674812e-13	1.1048491250697798e-12	0.0	0.0
