id	name	mass [g/mol]	latitude [rad]	longitude [rad]
Top
1593	C	12.011	0.8867490184497988	0.9562997528415124
1594	C	12.011	0.503721066764673	0.6690920419444245
1595	C2	24.022	0.613700217068351	0.9515855794370659
1596	C2	24.022	0.26951319553747816	1.0944250195383525
1597	C2	24.022	0.42059994946428786	-0.10106270575461528
1598	C2	24.022	0.3557574088927343	0.3105768132470843
1599	C2	24.022	0.11730594905886367	-2.750393316079104
1600	C2	24.022	0.38914992596434783	-0.1296685949263307
1601	C2	24.022	0.10590582181569198	2.4802390295805545
1602	C2	24.022	0.7577328175540581	1.796679036902287
1603	C2	24.022	0.814693198952869	1.8234663568956557
1604	C2	24.022	0.7033404881969786	-0.16129428082833175
1605	C2	24.022	0.6555026454141673	0.8303415375078377
1606	C	12.011	0.72667042276411	-1.0583004952222455
1607	C	12.011	0.49498052718970154	1.0853739573428365
1608	C2	24.022	0.28138363391975696	0.3108341032845026
1609	C2	24.022	0.21541842423915025	1.2033086501156898
1610	C	12.011	0.8008125423129415	1.5977186005458588
1611	C2	24.022	0.24338251432797894	-2.7916364041927744
1612	C2	24.022	0.9587071423660019	0.1844676795649274
1613	C3	36.033	0.1369675186995413	-0.631069167119231
1614	C2	24.022	0.32024902546262407	-0.408532897700624
1615	C2	24.022	0.4007089892196137	2.951318249805745
1616	C3	36.033	0.13706655559769093	0.41915465351673903
1617	C2	24.022	0.7937558800208875	0.09805673863766648
1618	C2	24.022	1.092174590860103	0.2984615970923307
1619	C2	24.022	0.5930258049767739	-0.7743960245992335
1620	C2	24.022	0.8816237923947087	-1.310546892684172
1621	C	12.011	0.38070032936648307	2.138982955470664
1622	C2	24.022	0.1380068907062285	-3.012978314317754
1623	C2	24.022	0.7872143669560929	-0.2878301259649978
1624	C2	24.022	1.4749648811585745	-1.011962893940819
1625	C2	24.022	0.10319142998797647	-1.6843414431914743
1626	C	12.011	0.4701655014465817	-1.5453139432999328
1627	C3	36.033	0.7835841485781478	-1.0844869680039952
1628	C2	24.022	0.8176484458073631	-2.2342361155307775
1629	C	12.011	0.49956759590576577	0.11194750066236099
1630	C2	24.022	0.18447859705387643	-1.2318123000058112
1631	C2	24.022	0.8257834745283962	-0.7611997861252372
1632	C2	24.022	0.2864186395867008	1.3652106019420183
1633	C2	24.022	0.5015258365695718	-2.8075341527592275
1634	C2	24.022	0.7967326840091665	-1.130024974420713
1635	C2	24.022	0.7827780434639854	0.06499978285572015
1636	C2	24.022	0.9994651330448036	-1.3033108244495017
1637	C3	36.033	0.33920548610492435	2.896128572289842
1638	C2	24.022	0.7367491259116541	-1.9080090135428442
1639	C2	24.022	0.7915812548183203	2.7662319620954925
1640	C2	24.022	0.27376174673442133	-1.831292845698869
1641	C2	24.022	0.6915435295871907	-2.722966055040105
1642	C2	24.022	1.553639336019929	0.905542851945566
1643	C2	24.022	0.6662046966627839	-0.7513898516968535
1644	C2	24.022	0.8990218633285864	-1.2738391535320286
1645	C	12.011	0.5164963625991504	0.8876598028976992
1646	C2	24.022	0.12479818448742773	-1.523067509575476
1647	C2	24.022	0.2461506021634039	-0.8154082934725635
1648	C2	24.022	0.5981939273533768	0.3005668565727899
1649	C	12.011	0.45795317693414417	-0.6366690453526899
1650	C2	24.022	0.39532426411491267	-0.30397253149683306
1651	C	12.011	0.8462937671250522	0.3707441123759226
1652	C2	24.022	1.4407123536337938	-2.4687647303186084
1653	C	12.011	0.6625972910007246	-2.7075062829520777
1654	C2	24.022	0.41692739914010657	0.9124315525692521
1655	C2	24.022	1.4092165702492734	-1.509460287911303
1656	C2	24.022	0.5521594301445453	-0.42414803325243994
1657	C2	24.022	0.23126172016924007	0.9492508051308993
1658	C2	24.022	0.5750769012162573	-1.6947269452270688
1659	C2	24.022	1.1527317922481035	-3.1327246966328373
1660	C2	24.022	0.6363368423116503	0.5231616977683187
1661	C2	24.022	0.9471061884335166	-1.99484874021615
1662	C	12.011	0.5101419345135318	-2.9074256612625864
1663	C2	24.022	0.5733470713240524	1.0540658435637713
1664	C2	24.022	0.9619963159482624	1.4614241816471862
1665	C2	24.022	0.33304285650513443	-1.381066019559271
1666	C2	24.022	0.7167408478295981	-0.3709366766918958
1667	C	12.011	0.37889635953565864	0.09709377428619687
1668	C2	24.022	0.40209346217755704	1.8666366860124013
1669	C2	24.022	0.3848756907084791	1.98234672253989
1670	C2	24.022	0.42589762489734084	-2.23324103852326
1671	C	12.011	1.2325694009887889	-1.458345586550658
1672	C2	24.022	0.6738669444884356	-0.5950679110732888
1673	C2	24.022	0.3900663045880015	-2.378175333267184
1674	C3	36.033	0.3031183290409715	3.1343514196072535
1675	C	12.011	0.5952647078114214	1.6636254298973467
1676	C2	24.022	1.0690401643737248	0.548450110495041
1679	C	12.011	0.5462970776054804	0.22084599182445172
1683	C2	24.022	0.9631405540720608	-3.115799890577864
1684	C2	24.022	0.8291872597332849	-2.565763063295364
1686	C2	24.022	0.8902210515050691	-1.8121499896537552
1687	C2	24.022	0.5581006297399659	2.9784788336184267
1688	C2	24.022	0.8775616203627921	-1.7262517935787387
1690	C2	24.022	0.919752045722941	2.3373452500035445
1691	C3	36.033	0.15068304946446673	0.17688674130597312
1692	C3	36.033	0.7753835409077467	-2.3071126400809927
1693	C2	24.022	0.44555785631472294	1.2482311164355469
1694	C	12.011	1.1077173872681452	-0.7545349456974074
1695	C2	24.022	0.2044729808695144	-1.2921942857082602
1696	C2	24.022	0.3426973669036581	-0.12308002922108582
1697	C2	24.022	0.39263045475910513	-2.3910177970151962
1698	C2	24.022	0.4310517899517428	2.856336759812945
1699	C2	24.022	0.6116227498020009	-1.4724904045715106
1700	C	12.011	0.856142756657836	-2.1935590987534166
1701	C2	24.022	0.589959757586391	3.089884973801297
1702	C2	24.022	0.18638835712458252	-3.021059026726279
1704	C2	24.022	0.922385013756471	-1.2530088413173999
1705	C2	24.022	0.715824778926046	-1.9209946158305757
1708	C2	24.022	0.8770277439725235	-2.5464633478371352
1712	C2	24.022	1.5027652700048133	2.9854964694369523
1717	C2	24.022	1.5110561158167755	2.0024788709211907
1742	C	12.011	0.47357348142230643	0.8531265514844534
Bottom
