dphi = 0.05235987755982988	first column is a mass, last row consists of all other masses	mass / surface of the sphere ring	scaled mass sums in consecutive angle intervals, last interval most often smaller (ends at pi/2)
Top
24.022	0.0	0.0	0.0	8.014514803927817e-12	1.5641018659936755e-11	2.5712155066497036e-12	4.3753723941171266e-12	1.1449641087140108e-11	3.3925474341692784e-12	9.182662701594848e-12	8.385837294992648e-12	3.8678846249680474e-12	3.598772640466001e-12	6.746633486451753e-12	2.1217688796306693e-12	2.013483485527833e-12	1.9207231175598247e-12	1.8409569137532466e-12	1.7722156352056566e-12	8.564746172641231e-13	0.0	0.0	7.904327704329447e-13	0.0	0.0	0.0	0.0	0.0	0.0	7.305149876704477e-13
36.033	0.0	0.0	0.0	0.0	0.0	3.856823259974556e-12	0.0	0.0	2.544410575626959e-12	0.0	0.0	0.0	0.0	0.0	1.5913266597230021e-12	1.510112614145875e-12	0.0	0.0	0.0	0.0	0.0	0.0	0.0	0.0	0.0	0.0	0.0	0.0	0.0	0.0
60.055	0.0	0.0	0.0	0.0	0.0	0.0	0.0	0.0	0.0	0.0	0.0	0.0	0.0	0.0	0.0	0.0	0.0	0.0	0.0	0.0	2.0774079382034135e-12	2.022702649520827e-12	0.0	0.0	0.0	0.0	0.0	0.0	0.0	0.0
2212137.936	0.0	0.0	0.0	0.0	0.0	0.0	0.0	0.0	0.0	0.0	0.0	0.0	0.0	0.0	0.0	0.0	0.0	0.0	0.0	0.0	0.0	0.0	0.0	0.0	0.0	0.0	0.0	0.0	6.745655792090723e-08	0.0
other	0.0	9.307584438167562e-12	1.678432457137937e-11	8.014514803927817e-12	7.820509329968377e-12	6.4280387666242586e-12	4.3753723941171266e-12	4.770683786308379e-12	2.544410575626959e-12	6.121775134396565e-12	3.4940988729136037e-12	1.289294874989349e-12	4.198568080543667e-12	2.248877828817251e-12	1.0608844398153346e-12	1.510112614145875e-12	9.603615587799124e-13	9.204784568766233e-13	8.861078176028283e-13	8.564746172641231e-13	0.0	4.0454052990416545e-13	0.0	0.0	0.0	0.0	0.0	3.682830416899266e-13	0.0	3.6525749383522385e-13
Bottom
other	0.0	0.0	0.0	0.0	0.0	0.0	0.0	0.0	0.0	0.0	0.0	0.0	0.0	0.0	0.0	0.0	0.0	0.0	0.0	0.0	0.0	0.0	0.0	0.0	0.0	0.0	0.0	0.0	0.0	0.0
Graph
other	0.0	4.653792219083781e-12	5.594774857126458e-12	1.2021772205891724e-11	1.7205120525930428e-11	6.4280387666242586e-12	6.563058591175691e-12	1.1449641087140108e-11	7.633231726880877e-12	8.417440809795277e-12	5.5905581966617666e-12	3.2232371874733726e-12	4.798363520621333e-12	8.43329185806469e-12	1.5913266597230021e-12	4.026966971055666e-12	2.8810846763397373e-12	1.8409569137532466e-12	1.7722156352056566e-12	8.564746172641231e-13	2.0774079382034135e-12	2.4272431794249925e-12	7.904327704329447e-13	0.0	0.0	0.0	0.0	3.682830416899266e-13	6.745655792090723e-08	1.0957724815056716e-12
C60
other	0.0	4.653792219083781e-12	1.1189549714252916e-11	4.007257401963909e-12	6.256407463974702e-12	6.4280387666242586e-12	2.1876861970585633e-12	4.7706837863083795e-12	8.481368585423196e-13	6.886997026196136e-12	6.2893779712444866e-12	1.9339423124840237e-12	2.998977200388334e-12	5.622194572043128e-13	3.1826533194460043e-12	1.0067417427639165e-12	0.0	9.204784568766233e-13	8.861078176028283e-13	8.564746172641231e-13	0.0	0.0	0.0	0.0	0.0	0.0	0.0	0.0	0.0	0.0
