dphi = 0.05235987755982988	first column is a mass, last row consists of all other masses	mass / surface of the sphere ring	scaled mass sums in consecutive angle intervals, last interval most often smaller (ends at pi/2)
Top
24.022	0.0	9.307584438167562e-12	5.594774857126458e-12	1.2021772205891726e-11	6.256407463974702e-12	1.2856077533248517e-11	1.531380337940994e-11	1.1449641087140108e-11	3.3925474341692784e-12	3.060887567198283e-12	5.5905581966617666e-12	5.157179499957396e-12	2.399181760310667e-12	2.248877828817251e-12	3.1826533194460043e-12	1.0067417427639165e-12	2.8810846763397373e-12	9.204784568766233e-13	0.0	8.564746172641231e-13	0.0	8.090810598083309e-13	7.904327704329447e-13	1.5494006264949737e-12	1.5232574630508125e-12	0.0	0.0	0.0	0.0	0.0
36.033	0.0	0.0	0.0	6.010886102945863e-12	0.0	3.856823259974556e-12	0.0	2.862410271785028e-12	0.0	0.0	0.0	0.0	0.0	1.6866583716129384e-12	0.0	1.510112614145875e-12	0.0	0.0	0.0	0.0	1.2464447629220483e-12	0.0	0.0	0.0	0.0	0.0	0.0	0.0	0.0	0.0
2212426.2	0.0	0.0	0.0	0.0	0.0	0.0	0.0	1.7575199068733422e-07	0.0	0.0	0.0	0.0	0.0	0.0	0.0	0.0	0.0	0.0	0.0	0.0	0.0	0.0	0.0	0.0	0.0	0.0	0.0	0.0	0.0	0.0
other	0.0	9.307584438167562e-12	8.392162285689687e-12	4.007257401963909e-12	0.0	3.856823259974556e-12	3.2815292955878453e-12	7.633094058093406e-12	2.544410575626959e-12	4.591331350797424e-12	2.0964593237481625e-12	0.0	2.399181760310667e-12	1.6866583716129384e-12	5.304422199076673e-13	1.0067417427639165e-12	1.9207231175598247e-12	9.204784568766233e-13	8.861078176028283e-13	4.2823730863206157e-13	4.154815876406827e-13	0.0	3.9521638521647234e-13	0.0	0.0	0.0	0.0	0.0	0.0	0.0
Bottom
other	0.0	0.0	0.0	0.0	0.0	0.0	0.0	0.0	0.0	0.0	0.0	0.0	0.0	0.0	0.0	0.0	0.0	0.0	0.0	0.0	0.0	0.0	0.0	0.0	0.0	0.0	0.0	0.0	0.0	0.0
Graph
other	0.0	1.3961376657251346e-11	1.1189549714252916e-11	1.2021772205891726e-11	3.128203731987351e-12	1.1570469779923666e-11	1.2032274083822097e-11	1.7576534860193587e-07	5.936958009796237e-12	3.826109458997854e-12	2.0964593237481625e-12	1.289294874989349e-12	2.399181760310667e-12	4.497755657634502e-12	1.5913266597230021e-12	1.0067417427639165e-12	4.801807793899561e-12	1.3807176853149352e-12	8.861078176028283e-13	1.284711925896185e-12	4.154815876406827e-13	8.090810598083309e-13	7.904327704329447e-13	1.5494006264949737e-12	1.5232574630508125e-12	0.0	0.0	0.0	0.0	0.0
C60
other	0.0	4.653792219083781e-12	2.797387428563229e-12	1.0018143504909772e-11	3.128203731987351e-12	8.999254273273963e-12	6.563058591175691e-12	8.587230815355082e-12	0.0	3.826109458997854e-12	5.5905581966617666e-12	3.8678846249680474e-12	2.399181760310667e-12	1.1244389144086255e-12	2.1217688796306693e-12	2.5168543569097913e-12	0.0	4.602392284383116e-13	0.0	0.0	1.2464447629220483e-12	0.0	3.9521638521647234e-13	0.0	0.0	0.0	0.0	0.0	0.0	0.0
