dphi = 0.05235987755982988	first column is a mass, last row consists of all other masses	mass / surface of the sphere ring	scaled mass sums in consecutive angle intervals, last interval most often smaller (ends at pi/2)
Top
24.022	0.0	3.723033775267025e-11	1.1189549714252916e-11	1.6029029607855635e-11	1.5641018659936755e-11	5.142431013299407e-12	6.563058591175691e-12	1.1449641087140108e-11	6.785094868338557e-12	1.5304437835991415e-12	6.988197745827207e-12	7.735769249936093e-12	3.598772640466001e-12	7.871072400860377e-12	4.2435377592613385e-12	6.040450456583498e-12	1.9207231175598247e-12	9.204784568766233e-13	2.6583234528084853e-12	0.0	8.309631752813654e-13	8.090810598083309e-13	0.0	7.747003132474868e-13	0.0	7.510152701253097e-13	0.0	2.2096982501395596e-12	1.4650455633960878e-12	0.0
36.033	0.0	0.0	8.392162285689687e-12	6.010886102945863e-12	4.692305597981027e-12	0.0	0.0	0.0	0.0	2.2956656753987123e-12	0.0	0.0	0.0	0.0	0.0	0.0	1.4405423381698686e-12	0.0	1.3291617264042426e-12	0.0	0.0	0.0	0.0	0.0	0.0	0.0	0.0	0.0	0.0	0.0
48.044	0.0	0.0	1.1189549714252916e-11	0.0	0.0	0.0	0.0	0.0	0.0	0.0	2.7952790983308833e-12	0.0	0.0	0.0	0.0	0.0	0.0	0.0	0.0	0.0	0.0	0.0	0.0	0.0	0.0	0.0	0.0	0.0	0.0	0.0
other	0.0	4.653792219083781e-12	2.797387428563229e-12	2.0036287009819543e-12	0.0	0.0	1.0938430985292816e-12	0.0	8.481368585423196e-13	7.652218917995707e-13	0.0	6.446474374946745e-13	5.997954400776668e-13	5.622194572043128e-13	0.0	5.033708713819583e-13	0.0	4.602392284383116e-13	0.0	0.0	4.154815876406827e-13	0.0	0.0	3.873501566237434e-13	3.808143657627031e-13	0.0	0.0	0.0	0.0	0.0
Bottom
other	0.0	0.0	0.0	0.0	0.0	0.0	0.0	0.0	0.0	0.0	0.0	0.0	0.0	0.0	0.0	0.0	0.0	0.0	0.0	0.0	0.0	0.0	0.0	0.0	0.0	0.0	0.0	0.0	0.0	0.0
Graph
other	0.0	3.257654553358647e-11	3.356864914275875e-11	2.003628700981954e-11	2.0333324257917777e-11	2.5712155066497036e-12	7.656901689704972e-12	1.1449641087140108e-11	6.785094868338557e-12	4.591331350797425e-12	6.988197745827207e-12	8.380416687430767e-12	2.399181760310667e-12	7.871072400860377e-12	4.2435377592613385e-12	5.53707958520154e-12	3.3612654557296936e-12	1.3807176853149352e-12	3.987485179212727e-12	0.0	1.2464447629220483e-12	8.090810598083309e-13	0.0	7.747003132474868e-13	3.808143657627031e-13	7.510152701253097e-13	0.0	2.2096982501395596e-12	7.325227816980439e-13	0.0
C60
other	0.0	9.307584438167562e-12	0.0	4.007257401963909e-12	0.0	2.5712155066497036e-12	0.0	0.0	8.481368585423196e-13	0.0	2.7952790983308833e-12	0.0	1.7993863202330005e-12	5.622194572043128e-13	0.0	1.0067417427639165e-12	0.0	0.0	0.0	0.0	0.0	0.0	0.0	3.873501566237434e-13	0.0	0.0	0.0	0.0	7.325227816980439e-13	0.0
