dphi = 0.05235987755982988	first column is a mass, last row consists of all other masses	mass / surface of the sphere ring	scaled mass sums in consecutive angle intervals, last interval most often smaller (ends at pi/2)
Top
24.022	0.0	9.307584438167562e-12	1.1189549714252916e-11	1.2021772205891726e-11	6.256407463974702e-12	1.2856077533248517e-11	6.563058591175691e-12	3.816547029046703e-12	5.088821151253918e-12	6.121775134396566e-12	6.988197745827207e-12	3.8678846249680474e-12	1.1995908801553335e-12	2.248877828817251e-12	3.1826533194460043e-12	4.026966971055666e-12	2.8810846763397373e-12	0.0	1.7722156352056566e-12	8.564746172641231e-13	8.309631752813654e-13	8.090810598083309e-13	7.904327704329447e-13	1.5494006264949737e-12	0.0	0.0	0.0	0.0	7.325227816980439e-13	7.305149876704477e-13
36.033	0.0	0.0	0.0	0.0	0.0	0.0	0.0	0.0	0.0	2.2956656753987123e-12	0.0	0.0	0.0	0.0	0.0	0.0	0.0	0.0	1.3291617264042426e-12	0.0	0.0	0.0	0.0	0.0	0.0	0.0	0.0	0.0	0.0	0.0
2212378.156	0.0	0.0	0.0	0.0	0.0	0.0	0.0	0.0	0.0	0.0	0.0	0.0	0.0	0.0	0.0	0.0	0.0	0.0	0.0	0.0	0.0	0.0	0.0	7.134834944935887e-08	0.0	0.0	0.0	0.0	0.0	0.0
48.044	0.0	0.0	0.0	0.0	6.256407463974702e-12	0.0	0.0	0.0	0.0	0.0	0.0	0.0	0.0	0.0	0.0	0.0	0.0	0.0	0.0	0.0	0.0	0.0	0.0	0.0	0.0	0.0	0.0	0.0	0.0	0.0
other	2.7897241872519153e-11	0.0	8.392162285689687e-12	2.0036287009819543e-12	1.5641018659936755e-12	3.856823259974556e-12	3.2815292955878453e-12	7.633094058093406e-12	5.088821151253917e-12	3.060887567198283e-12	1.3976395491654416e-12	3.867884624968047e-12	1.7993863202330005e-12	3.3733167432258764e-12	2.1217688796306693e-12	1.0067417427639165e-12	1.4405423381698686e-12	4.602392284383116e-13	8.861078176028283e-13	8.564746172641231e-13	0.0	0.0	0.0	0.0	3.808143657627031e-13	3.7550763506265485e-13	0.0	0.0	0.0	0.0
Bottom
other	0.0	0.0	0.0	0.0	0.0	0.0	0.0	0.0	0.0	0.0	0.0	0.0	0.0	0.0	0.0	0.0	0.0	0.0	0.0	0.0	0.0	0.0	0.0	0.0	0.0	0.0	0.0	0.0	0.0	0.0
Graph
other	1.3948620936259577e-11	9.307584438167562e-12	8.392162285689687e-12	1.402540090687368e-11	1.0948713061955728e-11	1.0284862026598814e-11	6.563058591175691e-12	2.862410271785028e-12	5.936958009796237e-12	7.652218917995707e-12	4.891738422079046e-12	5.157179499957396e-12	2.399181760310667e-12	3.3733167432258764e-12	1.0608844398153346e-12	2.5168543569097913e-12	9.603615587799124e-13	4.602392284383116e-13	3.5444312704113133e-12	1.7129492345282463e-12	8.309631752813654e-13	8.090810598083309e-13	7.904327704329447e-13	7.134989884998537e-08	3.808143657627031e-13	3.7550763506265485e-13	0.0	0.0	0.0	7.305149876704477e-13
C60
other	1.3948620936259577e-11	0.0	1.1189549714252916e-11	0.0	3.128203731987351e-12	6.428038766624259e-12	3.2815292955878453e-12	8.587230815355082e-12	4.240684292711598e-12	3.826109458997854e-12	3.494098872913604e-12	2.578589749978698e-12	5.997954400776668e-13	2.248877828817251e-12	4.2435377592613385e-12	2.5168543569097913e-12	3.3612654557296936e-12	0.0	4.4305390880141416e-13	0.0	0.0	0.0	0.0	0.0	0.0	0.0	0.0	0.0	7.325227816980439e-13	0.0
