dphi = 0.05235987755982988	first column is a mass, last row consists of all other masses	mass / surface of the sphere ring	scaled mass sums in consecutive angle intervals, last interval most often smaller (ends at pi/2)
Top
24.022	0.0	9.307584438167562e-12	0.0	0.0	6.256407463974702e-12	5.142431013299407e-12	4.3753723941171266e-12	1.9082735145233515e-12	6.785094868338557e-12	1.5304437835991415e-12	4.192918647496325e-12	3.8678846249680474e-12	4.798363520621334e-12	4.497755657634502e-12	1.0608844398153346e-12	3.02022522829175e-12	3.8414462351196495e-12	1.8409569137532466e-12	8.861078176028283e-13	0.0	0.0	8.090810598083309e-13	0.0	1.5494006264949737e-12	0.0	0.0	0.0	0.0	7.325227816980439e-13	7.305149876704477e-13
36.033	0.0	0.0	0.0	0.0	0.0	0.0	0.0	0.0	2.544410575626959e-12	0.0	0.0	3.8678846249680474e-12	0.0	0.0	1.5913266597230021e-12	0.0	0.0	0.0	0.0	0.0	0.0	0.0	1.1856491556494172e-12	0.0	0.0	0.0	0.0	1.1048491250697798e-12	0.0	0.0
48.044	0.0	0.0	0.0	0.0	0.0	0.0	0.0	0.0	0.0	3.060887567198283e-12	0.0	0.0	0.0	0.0	0.0	0.0	0.0	0.0	0.0	0.0	0.0	0.0	0.0	0.0	0.0	0.0	0.0	0.0	0.0	0.0
other	0.0	4.653792219083781e-12	8.392162285689687e-12	1.001814350490977e-11	0.0	3.856823259974556e-12	1.0938430985292816e-12	1.9082735145233515e-12	2.544410575626959e-12	2.2956656753987123e-12	1.3976395491654416e-12	1.9339423124840237e-12	2.399181760310667e-12	2.248877828817251e-12	4.2435377592613385e-12	1.0067417427639165e-12	0.0	2.76143537062987e-12	1.3291617264042426e-12	4.2823730863206157e-13	4.154815876406827e-13	4.0454052990416545e-13	3.9521638521647234e-13	0.0	3.808143657627031e-13	0.0	0.0	0.0	0.0	0.0
Bottom
other	0.0	0.0	0.0	0.0	0.0	0.0	0.0	0.0	0.0	0.0	0.0	0.0	0.0	0.0	0.0	0.0	0.0	0.0	0.0	0.0	0.0	0.0	0.0	0.0	0.0	0.0	0.0	0.0	0.0	0.0
Graph
other	0.0	1.3961376657251346e-11	8.392162285689687e-12	1.001814350490977e-11	6.256407463974702e-12	3.856823259974556e-12	5.469215492646408e-12	3.816547029046703e-12	8.481368585423195e-12	3.826109458997854e-12	5.5905581966617666e-12	6.446474374946744e-12	7.1975452809320004e-12	1.6866583716129384e-12	5.8348644189843405e-12	2.013483485527833e-12	1.9207231175598247e-12	2.3011961421915585e-12	1.7722156352056566e-12	0.0	0.0	1.2136215897124964e-12	1.5808655408658894e-12	7.747003132474868e-13	3.808143657627031e-13	0.0	0.0	1.1048491250697798e-12	7.325227816980439e-13	7.305149876704477e-13
C60
other	0.0	0.0	0.0	0.0	0.0	5.142431013299407e-12	0.0	0.0	3.3925474341692784e-12	3.060887567198283e-12	0.0	3.2232371874733726e-12	0.0	5.059975114838815e-12	1.0608844398153346e-12	2.013483485527833e-12	1.9207231175598247e-12	2.3011961421915585e-12	4.4305390880141416e-13	4.2823730863206157e-13	4.154815876406827e-13	0.0	0.0	7.747003132474868e-13	0.0	0.0	0.0	0.0	0.0	0.0
