dphi = 0.05235987755982988	first column is a mass, last row consists of all other masses	mass / surface of the sphere ring	scaled mass sums in consecutive angle intervals, last interval most often smaller (ends at pi/2)
Top
24.022	0.0	1.8615168876335124e-11	1.1189549714252916e-11	1.6029029607855635e-11	6.256407463974702e-12	2.571215506649703e-11	1.531380337940994e-11	7.633094058093406e-12	8.481368585423195e-12	1.0713106485193988e-11	5.5905581966617666e-12	7.735769249936093e-12	9.596727041242667e-12	5.6221945720431275e-12	3.1826533194460043e-12	1.0067417427639165e-12	1.9207231175598247e-12	9.204784568766233e-13	8.861078176028283e-13	8.564746172641231e-13	2.4928895258440966e-12	0.0	7.904327704329447e-13	0.0	0.0	1.5020305402506194e-12	7.42701259674812e-13	0.0	2.197568345094132e-12	0.0
36.033	0.0	1.3961376657251346e-11	0.0	0.0	0.0	0.0	0.0	2.862410271785028e-12	0.0	2.2956656753987123e-12	0.0	0.0	0.0	0.0	3.1826533194460043e-12	0.0	1.4405423381698686e-12	0.0	0.0	0.0	0.0	0.0	0.0	0.0	0.0	0.0	0.0	0.0	0.0	0.0
48.044	0.0	0.0	0.0	0.0	0.0	0.0	0.0	0.0	0.0	0.0	0.0	2.578589749978698e-12	0.0	0.0	2.1217688796306693e-12	2.013483485527833e-12	0.0	0.0	0.0	0.0	0.0	0.0	0.0	0.0	0.0	0.0	0.0	0.0	0.0	0.0
other	0.0	0.0	5.594774857126458e-12	6.010886102945863e-12	3.128203731987351e-12	3.856823259974556e-12	4.3753723941171266e-12	9.541367572616758e-13	4.2406842927115974e-12	2.2956656753987123e-12	2.7952790983308833e-12	3.223237187473372e-12	5.398158960699e-12	3.3733167432258764e-12	0.0	2.013483485527833e-12	9.603615587799124e-13	1.3807176853149352e-12	4.4305390880141416e-13	8.564746172641231e-13	0.0	8.090810598083309e-13	0.0	0.0	0.0	0.0	0.0	0.0	0.0	0.0
Bottom
other	0.0	0.0	0.0	0.0	0.0	0.0	0.0	0.0	0.0	0.0	0.0	0.0	0.0	0.0	0.0	0.0	0.0	0.0	0.0	0.0	0.0	0.0	0.0	0.0	0.0	0.0	0.0	0.0	0.0	0.0
Graph
other	0.0	2.3268961095418908e-11	1.6784324571379374e-11	1.803265830883759e-11	7.820509329968377e-12	2.6997762819821882e-11	1.7501489576468503e-11	1.1449641087140112e-11	1.0177642302507834e-11	1.3773994052392271e-11	6.988197745827207e-12	1.160365387490414e-11	1.1995908801553333e-11	7.871072400860377e-12	6.365306638892009e-12	4.530337842437624e-12	3.8414462351196495e-12	1.8409569137532466e-12	1.3291617264042426e-12	8.564746172641231e-13	2.4928895258440966e-12	8.090810598083309e-13	7.904327704329447e-13	0.0	0.0	7.510152701253097e-13	0.0	0.0	1.4650455633960878e-12	0.0
C60
other	0.0	9.307584438167562e-12	0.0	4.007257401963909e-12	1.5641018659936755e-12	2.5712155066497036e-12	2.1876861970585633e-12	0.0	2.544410575626959e-12	1.5304437835991415e-12	1.3976395491654416e-12	1.9339423124840237e-12	2.998977200388334e-12	1.1244389144086255e-12	2.1217688796306693e-12	5.033708713819583e-13	4.801807793899562e-13	4.602392284383116e-13	0.0	8.564746172641231e-13	0.0	0.0	0.0	0.0	0.0	7.510152701253097e-13	7.42701259674812e-13	0.0	7.325227816980439e-13	0.0
