dphi = 0.05235987755982988	first column is a mass, last row consists of all other masses	mass / surface of the sphere ring	scaled mass sums in consecutive angle intervals, last interval most often smaller (ends at pi/2)
Top
24.022	2.7897241872519153e-11	1.8615168876335124e-11	5.594774857126458e-12	0.0	1.2512814927949404e-11	5.142431013299407e-12	8.750744788234253e-12	1.335791460166346e-11	8.481368585423195e-12	1.0713106485193988e-11	6.988197745827207e-12	3.8678846249680474e-12	3.598772640466001e-12	4.497755657634502e-12	1.0608844398153346e-12	1.0067417427639165e-12	4.801807793899561e-12	9.204784568766233e-13	8.861078176028283e-13	0.0	0.0	0.0	7.904327704329447e-13	7.747003132474868e-13	0.0	0.0	0.0	0.0	0.0	0.0
36.033	0.0	0.0	0.0	6.010886102945863e-12	4.692305597981027e-12	3.856823259974556e-12	3.2815292955878453e-12	0.0	0.0	0.0	2.0964593237481625e-12	0.0	0.0	0.0	0.0	0.0	0.0	1.3807176853149352e-12	0.0	0.0	0.0	1.2136215897124964e-12	1.1856491556494172e-12	0.0	0.0	0.0	0.0	0.0	0.0	0.0
2212210.002	0.0	0.0	0.0	0.0	0.0	0.0	0.0	0.0	0.0	0.0	0.0	0.0	0.0	0.0	0.0	0.0	0.0	0.0	0.0	0.0	0.0	7.450908387869606e-08	0.0	0.0	0.0	0.0	0.0	0.0	0.0	0.0
other	0.0	4.653792219083781e-12	5.594774857126458e-12	4.007257401963909e-12	4.692305597981027e-12	2.5712155066497036e-12	4.3753723941171266e-12	4.770683786308379e-12	1.6962737170846392e-12	3.060887567198283e-12	2.0964593237481625e-12	1.9339423124840237e-12	2.399181760310667e-12	1.1244389144086255e-12	2.1217688796306693e-12	2.013483485527833e-12	1.4405423381698686e-12	9.204784568766233e-13	4.4305390880141416e-13	1.284711925896185e-12	0.0	0.0	3.9521638521647234e-13	0.0	7.616287315254062e-13	3.7550763506265485e-13	0.0	0.0	0.0	0.0
Bottom
other	0.0	0.0	0.0	0.0	0.0	0.0	0.0	0.0	0.0	0.0	0.0	0.0	0.0	0.0	0.0	0.0	0.0	0.0	0.0	0.0	0.0	0.0	0.0	0.0	0.0	0.0	0.0	0.0	0.0	0.0
Graph
other	2.7897241872519153e-11	1.8615168876335124e-11	2.797387428563229e-12	2.0036287009819543e-12	1.2512814927949404e-11	8.999254273273963e-12	6.563058591175691e-12	1.0495504329878433e-11	6.785094868338557e-12	5.356553242596996e-12	9.78347684415809e-12	4.512532062462722e-12	5.398158960699001e-12	2.248877828817251e-12	1.5913266597230021e-12	1.510112614145875e-12	3.3612654557296936e-12	2.3011961421915585e-12	1.3291617264042426e-12	1.284711925896185e-12	0.0	7.451029750028577e-08	1.5808655408658894e-12	7.747003132474868e-13	3.808143657627031e-13	3.7550763506265485e-13	0.0	0.0	0.0	0.0
C60
other	0.0	4.653792219083781e-12	8.392162285689687e-12	8.014514803927817e-12	9.384611195962053e-12	2.5712155066497036e-12	9.844587886763534e-12	7.633094058093406e-12	3.3925474341692784e-12	8.417440809795277e-12	1.3976395491654416e-12	1.289294874989349e-12	5.997954400776668e-13	3.373316743225877e-12	1.5913266597230021e-12	1.510112614145875e-12	2.8810846763397373e-12	9.204784568766233e-13	0.0	0.0	0.0	0.0	7.904327704329447e-13	0.0	3.808143657627031e-13	0.0	0.0	0.0	0.0	0.0
