dphi = 0.05235987755982988	first column is a mass, last row consists of all other masses	mass / surface of the sphere ring	scaled mass sums in consecutive angle intervals, last interval most often smaller (ends at pi/2)
Top
24.022	0.0	0.0	1.6784324571379374e-11	1.2021772205891726e-11	3.128203731987351e-12	2.5712155066497036e-12	2.1876861970585633e-12	3.816547029046703e-12	1.6962737170846392e-12	3.060887567198283e-12	5.5905581966617666e-12	6.446474374946744e-12	1.1995908801553335e-12	0.0	4.2435377592613385e-12	2.013483485527833e-12	2.8810846763397373e-12	9.204784568766233e-13	2.6583234528084853e-12	1.7129492345282463e-12	8.309631752813654e-13	0.0	0.0	7.747003132474868e-13	0.0	7.510152701253097e-13	0.0	0.0	0.0	0.0
36.033	0.0	0.0	0.0	0.0	0.0	0.0	0.0	0.0	0.0	0.0	0.0	0.0	0.0	0.0	0.0	0.0	0.0	0.0	0.0	1.284711925896185e-12	0.0	1.2136215897124964e-12	0.0	0.0	0.0	0.0	0.0	0.0	0.0	0.0
other	1.3948620936259577e-11	0.0	2.797387428563229e-12	2.0036287009819543e-12	1.5641018659936755e-12	2.5712155066497036e-12	5.469215492646408e-12	1.9082735145233515e-12	0.0	3.060887567198283e-12	4.192918647496324e-12	6.446474374946745e-13	0.0	1.1244389144086255e-12	3.182653319446004e-12	1.510112614145875e-12	1.4405423381698686e-12	2.3011961421915585e-12	8.861078176028283e-13	4.2823730863206157e-13	0.0	8.090810598083309e-13	0.0	3.873501566237434e-13	3.808143657627031e-13	0.0	0.0	0.0	0.0	0.0
Bottom
other	0.0	0.0	0.0	0.0	0.0	0.0	0.0	0.0	0.0	0.0	0.0	0.0	0.0	0.0	0.0	0.0	0.0	0.0	0.0	0.0	0.0	0.0	0.0	0.0	0.0	0.0	0.0	0.0	0.0	0.0
Graph
other	0.0	0.0	1.9581711999942603e-11	1.0018143504909772e-11	4.692305597981027e-12	3.856823259974556e-12	7.656901689704972e-12	3.816547029046703e-12	0.0	6.121775134396566e-12	7.687017520409927e-12	5.80182693745207e-12	1.1995908801553335e-12	1.1244389144086255e-12	7.426191078707342e-12	2.5168543569097913e-12	3.3612654557296936e-12	2.3011961421915585e-12	2.6583234528084845e-12	1.7129492345282463e-12	8.309631752813654e-13	2.022702649520827e-12	0.0	1.1620504698712303e-12	3.808143657627031e-13	7.510152701253097e-13	0.0	0.0	0.0	0.0
C60
other	1.3948620936259577e-11	0.0	0.0	4.007257401963909e-12	0.0	1.2856077533248518e-12	0.0	1.9082735145233515e-12	1.6962737170846392e-12	0.0	2.0964593237481625e-12	1.289294874989349e-12	0.0	0.0	0.0	1.0067417427639165e-12	9.603615587799124e-13	9.204784568766233e-13	8.861078176028283e-13	1.7129492345282463e-12	0.0	0.0	0.0	0.0	0.0	0.0	0.0	0.0	0.0	0.0
