Total	Internal	Translational
Top
4.61924422672	0.750462060962	3.86878216576
7.98098368431	1.86942308254	6.11156060177
10.4864730483	0.589838016699	9.8966350316
8.13861010159	0.0	8.13861010159
6.80033560502	1.7327454115	5.06759019352
28.4787144673	3.86492141785	24.6137930494
75.7970385355	0.0	75.7970385355
60.3888989935	0.0	60.3888989935
11.5380699997	0.0	11.5380699997
49.4718417742	0.0	49.4718417742
33.1270492213	2.24188843442	30.8851607868
7.5774954065	2.30774576143	5.26974964508
4.71260383306	3.19635529327	1.51624853979
2.53351797335	0.925908579477	1.60760939387
3.40936887995	0.0	3.40936887995
12.5499619136	3.68055888132	8.86940303232
2.41706379943	2.11089035608	0.306173443348
5.85656364122	0.0	5.85656364122
16.7352881724	0.319484310702	16.4158038617
1.83545075144	0.626101324228	1.20934942721
3.86630564971	0.0	3.86630564971
10.0073124407	3.11580547231	6.89150696838
8.15701938185	0.977997042136	7.17902233971
15.4247853046	0.0	15.4247853046
7.71746592617	2.25696070328	5.46050522288
48.6505096373	0.0	48.6505096373
8.02834845226	0.0	8.02834845226
60.2917587922	1.17065363659e-34	60.2917587922
21.3428275082	2.20816604829	19.1346614599
1.8729948505	0.0	1.8729948505
20.1429641852	0.0	20.1429641852
11.1494563794	4.94994300745	6.19951337197
18.8887423338	0.0	18.8887423338
17.3411237894	3.39671980919	13.9444039802
13.0041046418	1.48421599274	11.519888649
11.7453168244	0.659565323404	11.085751501
6.48868431178	0.0630888811707	6.42559543061
25.176891667	5.54954780236	19.6273438646
54.0459954343	0.16570204622	53.8802933881
3.9767997429	1.93052614151	2.04627360139
19.8842060813	3.15054290672	16.7336631746
3.64674483452	1.87304581855e-33	3.64674483452
15.4496749887	0.0	15.4496749887
17.1473656367	0.0	17.1473656367
7.4599052887	4.93610642585	2.52379886285
27.3947029354	0.353205650752	27.0414972847
65.1638220056	5.24614646046	59.9176755451
20.7791565519	4.00689989495	16.7722566569
10.1125727556	1.20390336336	8.90866939227
11.3302207096	1.13710412204	10.1931165875
5.16573852369	2.16155385137	3.00418467232
78.7500546607	0.0	78.7500546607
111.327168927	4.79499729548e-31	111.327168927
3.01112245591	2.00418583538	1.00693662053
1.04908148757	0.4562168764	0.592864611174
13.9232177515	0.0	13.9232177515
13.6195771283	1.62998962725	11.9895875011
14.806165592	4.69725160561	10.1089139864
8.87646035186	4.45173184543	4.42472850643
3.54271905483	2.02017113062	1.5225479242
4.71175242337	2.38058541219	2.33116701118
94.8634937392	1.19874932387e-31	94.8634937392
30.3762793069	0.0	30.3762793069
41.7557175499	4.79499729548e-31	41.7557175499
72.622404119	5.39569068547	67.2267134336
37.3371526808	9.2652971894	28.0718554914
12.0360683369	2.87080204653	9.16526629041
4.91291013893	2.35488517535	2.55802496358
52.2183704391	5.34558828655	46.8727821526
5.80044451765	0.912651071464	4.88779344619
11.7495918916	2.38813690324	9.36145498834
15.3626200646	0.461877401559	14.900742663
59.97901021	0.0	59.97901021
5.83313830555	0.547308054616	5.28583025093
11.4755825451	0.616209997279	10.8593725479
32.9583393302	7.00984600081	25.9484933294
24.7465600161	1.6022591601	23.144300856
38.9760209257	0.0	38.9760209257
7.13268712132	1.19874932387e-31	7.13268712132
8.58132578767	2.99687330967e-32	8.58132578767
8.08593292558	2.99687330967e-32	8.08593292558
54.0716859547	0.0	54.0716859547
5.81689342528	1.98750554277	3.82938788251
9.50258222184	0.924292464549	8.57828975729
68.7712149896	0.0	68.7712149896
20.9829984867	1.883313566	19.0996849208
16.282647779	3.75132972853	12.5313180505
9.23048389791	0.326645241302	8.90383865661
112.121160589	0.604257306348	111.516903283
10.584149627	6.04212032701	4.54202930001
112.841121319	3.42538587018	109.415735449
9.58221084148	2.87094246248	6.711268379
55.5223447241	0.0	55.5223447241
20.9418616993	5.41222703439	15.5296346649
6.1472612821	1.21747978206e-31	6.1472612821
30.5165933899	3.79645404181	26.7201393481
24.1091856433	3.32412167495	20.7850639683
9.33394773741	0.76175620407	8.57219153334
34.131671773	2.27414427137	31.8575275016
27.0680980064	2.42015948465	24.6479385217
19.0328558978	0.0	19.0328558978
33.2475836839	0.0	33.2475836839
32.9832060531	2.99687330967e-32	32.9832060531
43.4466684993	1.9978072088	41.4488612905
35.6696165028	0.0	35.6696165028
14.996352182	2.30806332064	12.6882888614
11.73752865	0.306608040715	11.4309206093
22.5840789783	1.94363124264	20.6404477356
21.5733058663	1.7198230713	19.853482795
17.0358856154	4.75148494625	12.2844006692
26.7385661871	1.87304581855e-33	26.7385661871
43.612228395	0.0	43.612228395
32.881263671	0.0	32.881263671
29.6828797961	4.79499729548e-31	29.6828797961
90.6735639385	0.883184216111	89.7903797224
14.280358518	0.986263853944	13.2940946641
15.9130115183	4.83477967567	11.0782318427
77.7143205266	6.21898842273	71.4953321039
14.1312738705	0.0	14.1312738705
4.0397984389	0.595711858175	3.44408658072
5.8886004396	2.68884156847	3.19975887113
37.2795999086	1.00195863131	36.2776412773
8.07185446558	1.49843665484e-31	8.07185446558
53.1867724526	0.0	53.1867724526
18.3274809666	1.91192563203	16.4155553346
2.50953235646	0.2341557052	2.27537665126
3.26116643043	1.11914957448	2.14201685594
9.08012940403	4.62295284585	4.45717655818
22.8988886342	1.95323125736	20.9456573768
3.72108909645	2.92663409148e-35	3.72108909645
9.77241796135	0.0	9.77241796135
1.29196814641	0.505248190791	0.786719955614
24.5921354293	0.0	24.5921354293
15.4188177496	0.0	15.4188177496
57.6081642889	0.0	57.6081642889
20.038224025	2.99687330967e-32	20.038224025
34.2688210098	0.0	34.2688210098
22.6803276283	0.0	22.6803276283
102.452840463	1.91799891819e-30	102.452840463
12.8374530857	0.0	12.8374530857
Bottom
