dphi = 0.05235987755982988	first column is a mass, last row consists of all other masses	mass / surface of the sphere ring	scaled mass sums in consecutive angle intervals, last interval most often smaller (ends at pi/2)
Top
24.022	2.7897241872519153e-11	9.307584438167562e-12	0.0	4.007257401963909e-12	1.2512814927949404e-11	0.0	0.0	5.724820543570056e-12	3.3925474341692784e-12	3.060887567198283e-12	5.5905581966617666e-12	5.157179499957396e-12	3.598772640466001e-12	1.1244389144086255e-12	4.2435377592613385e-12	2.013483485527833e-12	1.9207231175598247e-12	0.0	0.0	8.564746172641231e-13	0.0	0.0	7.904327704329447e-13	7.747003132474868e-13	0.0	0.0	0.0	7.365660833798532e-13	0.0	7.305149876704477e-13
36.033	0.0	1.3961376657251346e-11	0.0	0.0	0.0	0.0	0.0	0.0	0.0	0.0	0.0	0.0	0.0	0.0	1.5913266597230021e-12	0.0	0.0	0.0	0.0	1.284711925896185e-12	0.0	0.0	0.0	0.0	0.0	0.0	0.0	0.0	0.0	0.0
60.055	0.0	0.0	0.0	0.0	0.0	0.0	0.0	0.0	0.0	0.0	0.0	0.0	0.0	0.0	0.0	2.5168543569097913e-12	0.0	0.0	0.0	0.0	0.0	0.0	0.0	0.0	0.0	0.0	0.0	0.0	0.0	0.0
other	0.0	0.0	0.0	2.0036287009819543e-12	3.128203731987351e-12	3.856823259974556e-12	1.0938430985292816e-12	3.816547029046703e-12	8.481368585423196e-13	1.5304437835991415e-12	2.7952790983308833e-12	1.289294874989349e-12	5.997954400776668e-13	1.6866583716129384e-12	3.713095539353671e-12	2.013483485527833e-12	0.0	4.602392284383116e-13	0.0	8.564746172641231e-13	4.154815876406827e-13	4.0454052990416545e-13	3.9521638521647234e-13	1.5494006264949737e-12	0.0	0.0	0.0	0.0	0.0	0.0
Bottom
other	0.0	0.0	0.0	0.0	0.0	0.0	0.0	0.0	0.0	0.0	0.0	0.0	0.0	0.0	0.0	0.0	0.0	0.0	0.0	0.0	0.0	0.0	0.0	0.0	0.0	0.0	0.0	0.0	0.0	0.0
Graph
other	2.7897241872519153e-11	1.3961376657251346e-11	0.0	0.0	1.5641018659936755e-12	2.5712155066497036e-12	0.0	2.862410271785028e-12	0.0	1.5304437835991415e-12	2.7952790983308833e-12	3.867884624968047e-12	1.1995908801553335e-12	1.6866583716129384e-12	5.304422199076673e-12	2.013483485527833e-12	9.603615587799124e-13	4.602392284383116e-13	0.0	2.9976611604244312e-12	4.154815876406827e-13	4.0454052990416545e-13	1.1856491556494172e-12	1.936750783118717e-12	0.0	0.0	0.0	7.365660833798532e-13	0.0	7.305149876704477e-13
C60
other	0.0	9.307584438167562e-12	0.0	6.010886102945863e-12	1.4076916793943079e-11	1.2856077533248518e-12	1.0938430985292816e-12	6.6789573008317314e-12	4.2406842927115974e-12	3.060887567198283e-12	5.5905581966617666e-12	2.578589749978698e-12	2.998977200388334e-12	1.1244389144086255e-12	4.2435377592613385e-12	4.530337842437624e-12	9.603615587799124e-13	0.0	0.0	0.0	0.0	0.0	0.0	3.873501566237434e-13	0.0	0.0	0.0	0.0	0.0	0.0
