dphi = 0.05235987755982988	first column is a mass, last row consists of all other masses	mass / surface of the sphere ring	scaled mass sums in consecutive angle intervals, last interval most often smaller (ends at pi/2)
Top
24.022	0.0	1.8615168876335124e-11	1.6784324571379374e-11	4.007257401963909e-12	1.8769222391924104e-11	1.542729303989822e-11	1.0938430985292816e-11	1.1449641087140108e-11	8.481368585423195e-12	3.060887567198283e-12	2.7952790983308833e-12	5.157179499957396e-12	2.399181760310667e-12	2.248877828817251e-12	4.2435377592613385e-12	2.013483485527833e-12	1.9207231175598247e-12	0.0	8.861078176028283e-13	8.564746172641231e-13	8.309631752813654e-13	0.0	7.904327704329447e-13	2.3241009397424607e-12	0.0	7.510152701253097e-13	0.0	0.0	0.0	0.0
36.033	0.0	0.0	0.0	0.0	4.692305597981027e-12	0.0	3.2815292955878453e-12	0.0	0.0	0.0	0.0	1.9339423124840237e-12	0.0	0.0	0.0	0.0	0.0	0.0	1.3291617264042426e-12	0.0	1.2464447629220483e-12	0.0	1.1856491556494172e-12	0.0	0.0	0.0	0.0	0.0	0.0	0.0
2212113.914	0.0	0.0	0.0	0.0	0.0	0.0	0.0	0.0	0.0	0.0	0.0	0.0	0.0	0.0	9.769366540912666e-08	0.0	0.0	0.0	0.0	0.0	0.0	0.0	0.0	0.0	0.0	0.0	0.0	0.0	0.0	0.0
other	1.3948620936259577e-11	1.8615168876335124e-11	8.392162285689687e-12	6.010886102945863e-12	0.0	3.856823259974556e-12	5.469215492646408e-12	2.862410271785028e-12	2.544410575626959e-12	1.5304437835991415e-12	2.7952790983308833e-12	5.1571794999573955e-12	2.399181760310667e-12	2.248877828817251e-12	1.0608844398153346e-12	1.510112614145875e-12	9.603615587799124e-13	1.3807176853149352e-12	0.0	2.1411865431603078e-12	4.154815876406827e-13	0.0	0.0	0.0	0.0	0.0	3.71350629837406e-13	0.0	0.0	0.0
Bottom
other	0.0	0.0	0.0	0.0	0.0	0.0	0.0	0.0	0.0	0.0	0.0	0.0	0.0	0.0	0.0	0.0	0.0	0.0	0.0	0.0	0.0	0.0	0.0	0.0	0.0	0.0	0.0	0.0	0.0	0.0
Graph
other	1.3948620936259577e-11	1.8615168876335124e-11	1.6784324571379374e-11	8.014514803927817e-12	1.0948713061955728e-11	8.999254273273963e-12	1.0938430985292818e-11	6.6789573008317314e-12	9.329505443965514e-12	2.2956656753987123e-12	5.5905581966617666e-12	1.160365387490414e-11	2.998977200388334e-12	3.373316743225877e-12	9.769472629356647e-08	3.5235960996737078e-12	2.4009038969497806e-12	9.204784568766233e-13	2.2152695440070707e-12	2.1411865431603078e-12	2.0774079382034135e-12	0.0	7.904327704329447e-13	1.5494006264949737e-12	0.0	0.0	3.71350629837406e-13	0.0	0.0	0.0
C60
other	0.0	1.8615168876335124e-11	8.392162285689687e-12	2.0036287009819543e-12	1.2512814927949404e-11	1.0284862026598814e-11	8.750744788234253e-12	7.633094058093406e-12	1.6962737170846392e-12	2.2956656753987123e-12	0.0	6.446474374946745e-13	1.7993863202330005e-12	1.1244389144086255e-12	4.2435377592613385e-12	0.0	4.801807793899562e-13	4.602392284383116e-13	0.0	8.564746172641231e-13	4.154815876406827e-13	0.0	1.1856491556494172e-12	7.747003132474868e-13	0.0	7.510152701253097e-13	0.0	0.0	0.0	0.0
