dphi = 0.05235987755982988	first column is a mass, last row consists of all other masses	mass / surface of the sphere ring	scaled mass sums in consecutive angle intervals, last interval most often smaller (ends at pi/2)
Top
24.022	0.0	9.307584438167562e-12	0.0	4.007257401963909e-12	3.128203731987351e-12	0.0	2.1876861970585633e-12	5.724820543570056e-12	0.0	3.060887567198283e-12	2.7952790983308833e-12	1.289294874989349e-12	1.1995908801553335e-12	4.497755657634502e-12	2.1217688796306693e-12	1.0067417427639165e-12	3.8414462351196495e-12	9.204784568766233e-13	8.861078176028283e-13	1.7129492345282463e-12	1.6619263505627309e-12	0.0	0.0	0.0	7.616287315254062e-13	0.0	0.0	0.0	0.0	0.0
36.033	0.0	0.0	0.0	6.010886102945863e-12	0.0	0.0	0.0	0.0	0.0	2.2956656753987123e-12	0.0	0.0	0.0	0.0	0.0	0.0	0.0	0.0	0.0	0.0	0.0	0.0	0.0	0.0	0.0	0.0	0.0	0.0	0.0	0.0
other	0.0	0.0	2.797387428563229e-12	4.007257401963909e-12	0.0	5.142431013299407e-12	4.3753723941171266e-12	2.862410271785028e-12	2.544410575626959e-12	5.356553242596994e-12	3.4940988729136037e-12	3.223237187473372e-12	5.997954400776668e-13	1.1244389144086255e-12	2.1217688796306693e-12	2.5168543569097913e-12	9.603615587799124e-13	4.602392284383116e-13	1.3291617264042426e-12	8.564746172641231e-13	1.6619263505627309e-12	4.0454052990416545e-13	7.904327704329447e-13	0.0	0.0	3.7550763506265485e-13	0.0	0.0	3.6626139084902195e-13	0.0
Bottom
other	0.0	0.0	0.0	0.0	0.0	0.0	0.0	0.0	0.0	0.0	0.0	0.0	0.0	0.0	0.0	0.0	0.0	0.0	0.0	0.0	0.0	0.0	0.0	0.0	0.0	0.0	0.0	0.0	0.0	0.0
Graph
other	0.0	9.307584438167562e-12	2.797387428563229e-12	1.001814350490977e-11	3.128203731987351e-12	3.856823259974556e-12	5.469215492646408e-12	1.9082735145233515e-12	1.6962737170846392e-12	6.886997026196136e-12	2.7952790983308833e-12	3.223237187473372e-12	5.997954400776668e-13	1.1244389144086255e-12	2.6522110995383366e-12	2.5168543569097913e-12	2.8810846763397373e-12	1.3807176853149352e-12	8.861078176028283e-13	1.284711925896185e-12	1.6619263505627309e-12	0.0	0.0	0.0	7.616287315254062e-13	3.7550763506265485e-13	0.0	0.0	0.0	0.0
C60
other	0.0	0.0	0.0	4.007257401963909e-12	0.0	1.2856077533248518e-12	1.0938430985292816e-12	6.6789573008317314e-12	8.481368585423196e-13	3.826109458997854e-12	3.494098872913604e-12	1.289294874989349e-12	1.1995908801553335e-12	4.497755657634502e-12	1.5913266597230021e-12	1.0067417427639165e-12	1.9207231175598247e-12	0.0	1.3291617264042426e-12	1.284711925896185e-12	1.6619263505627309e-12	4.0454052990416545e-13	7.904327704329447e-13	0.0	0.0	0.0	0.0	0.0	3.6626139084902195e-13	0.0
