dphi = 0.05235987755982988	first column is a mass, last row consists of all other masses	mass / surface of the sphere ring	scaled mass sums in consecutive angle intervals, last interval most often smaller (ends at pi/2)
Top
24.022	0.0	9.307584438167562e-12	5.594774857126458e-12	4.007257401963909e-12	3.128203731987351e-12	2.5712155066497036e-12	2.1876861970585633e-12	3.816547029046703e-12	0.0	1.5304437835991415e-12	4.192918647496325e-12	2.578589749978698e-12	5.997954400776667e-12	2.248877828817251e-12	2.1217688796306693e-12	5.0337087138195825e-12	9.603615587799124e-13	1.8409569137532466e-12	8.861078176028283e-13	1.7129492345282463e-12	0.0	0.0	0.0	0.0	0.0	0.0	0.0	0.0	0.0	0.0
36.033	0.0	0.0	0.0	0.0	0.0	0.0	0.0	0.0	0.0	0.0	0.0	0.0	1.7993863202330005e-12	1.6866583716129384e-12	0.0	0.0	0.0	0.0	0.0	0.0	0.0	0.0	0.0	0.0	0.0	0.0	0.0	0.0	0.0	0.0
48.044	0.0	0.0	0.0	0.0	0.0	0.0	0.0	0.0	0.0	0.0	0.0	0.0	0.0	0.0	0.0	0.0	0.0	0.0	0.0	0.0	0.0	0.0	0.0	0.0	1.5232574630508125e-12	0.0	0.0	0.0	0.0	0.0
other	0.0	0.0	2.797387428563229e-12	4.007257401963909e-12	3.128203731987351e-12	0.0	2.1876861970585633e-12	1.9082735145233515e-12	4.2406842927115974e-12	7.652218917995707e-13	3.4940988729136037e-12	0.0	5.997954400776668e-13	3.3733167432258764e-12	2.1217688796306693e-12	2.013483485527833e-12	4.801807793899562e-13	1.3807176853149352e-12	2.2152695440070707e-12	8.564746172641231e-13	1.2464447629220483e-12	4.0454052990416545e-13	1.1856491556494172e-12	0.0	0.0	0.0	0.0	3.682830416899266e-13	3.6626139084902195e-13	0.0
Bottom
other	0.0	0.0	0.0	0.0	0.0	0.0	0.0	0.0	0.0	0.0	0.0	0.0	0.0	0.0	0.0	0.0	0.0	0.0	0.0	0.0	0.0	0.0	0.0	0.0	0.0	0.0	0.0	0.0	0.0	0.0
Graph
other	0.0	0.0	8.392162285689687e-12	2.0036287009819543e-12	6.256407463974702e-12	0.0	3.2815292955878453e-12	3.816547029046703e-12	2.544410575626959e-12	1.5304437835991415e-12	4.891738422079046e-12	0.0	5.997954400776667e-12	2.8110972860215638e-12	1.5913266597230021e-12	2.5168543569097913e-12	4.801807793899562e-13	4.602392284383116e-13	8.861078176028283e-13	2.141186543160308e-12	0.0	0.0	7.904327704329447e-13	0.0	1.5232574630508125e-12	0.0	0.0	3.682830416899266e-13	3.6626139084902195e-13	0.0
C60
other	0.0	9.307584438167562e-12	0.0	6.010886102945863e-12	0.0	2.5712155066497036e-12	1.0938430985292816e-12	1.9082735145233515e-12	1.6962737170846392e-12	7.652218917995707e-13	2.7952790983308833e-12	2.578589749978698e-12	2.399181760310667e-12	4.497755657634502e-12	2.6522110995383366e-12	4.530337842437624e-12	9.603615587799124e-13	2.7614353706298705e-12	2.2152695440070707e-12	4.2823730863206157e-13	1.2464447629220483e-12	4.0454052990416545e-13	3.9521638521647234e-13	0.0	0.0	0.0	0.0	0.0	0.0	0.0
