dphi = 0.05235987755982988	first column is a mass, last row consists of all other masses	mass / surface of the sphere ring	scaled mass sums in consecutive angle intervals, last interval most often smaller (ends at pi/2)
Top
24.022	0.0	0.0	1.1189549714252916e-11	4.007257401963909e-12	9.384611195962053e-12	7.713646519949112e-12	2.1876861970585633e-12	5.724820543570056e-12	8.481368585423195e-12	6.121775134396566e-12	2.7952790983308833e-12	3.8678846249680474e-12	1.1995908801553335e-12	4.497755657634502e-12	3.1826533194460043e-12	2.013483485527833e-12	3.8414462351196495e-12	0.0	0.0	1.7129492345282463e-12	8.309631752813654e-13	8.090810598083309e-13	7.904327704329447e-13	1.5494006264949737e-12	0.0	0.0	0.0	7.365660833798532e-13	7.325227816980439e-13	0.0
36.033	0.0	0.0	0.0	0.0	0.0	0.0	0.0	2.862410271785028e-12	0.0	0.0	0.0	0.0	0.0	0.0	0.0	1.510112614145875e-12	0.0	0.0	0.0	0.0	0.0	0.0	0.0	0.0	0.0	0.0	0.0	0.0	0.0	0.0
other	0.0	0.0	2.797387428563229e-12	2.0036287009819543e-12	4.692305597981027e-12	2.5712155066497036e-12	1.0938430985292816e-12	5.724820543570054e-12	5.088821151253917e-12	7.652218917995707e-13	0.0	3.223237187473372e-12	2.9989772003883336e-12	2.8110972860215638e-12	1.5913266597230021e-12	1.0067417427639165e-12	2.4009038969497806e-12	4.602392284383116e-13	4.4305390880141416e-13	1.284711925896185e-12	1.2464447629220483e-12	0.0	0.0	0.0	3.808143657627031e-13	7.510152701253097e-13	0.0	0.0	3.6626139084902195e-13	0.0
Bottom
other	0.0	0.0	0.0	0.0	0.0	0.0	0.0	0.0	0.0	0.0	0.0	0.0	0.0	0.0	0.0	0.0	0.0	0.0	0.0	0.0	0.0	0.0	0.0	0.0	0.0	0.0	0.0	0.0	0.0	0.0
Graph
other	0.0	0.0	1.3986937142816144e-11	6.010886102945863e-12	1.4076916793943079e-11	7.713646519949112e-12	3.2815292955878453e-12	1.4312051358925135e-11	1.2722052878134792e-11	3.826109458997854e-12	1.3976395491654416e-12	5.80182693745207e-12	3.5987726404660002e-12	6.18441402924744e-12	3.713095539353672e-12	2.013483485527833e-12	5.2819885732895175e-12	4.602392284383116e-13	0.0	2.56942385179237e-12	2.0774079382034135e-12	8.090810598083309e-13	0.0	1.5494006264949737e-12	3.808143657627031e-13	0.0	0.0	7.365660833798532e-13	7.325227816980439e-13	0.0
C60
other	0.0	0.0	0.0	0.0	0.0	2.5712155066497036e-12	0.0	0.0	8.481368585423196e-13	3.060887567198283e-12	1.3976395491654416e-12	1.289294874989349e-12	5.997954400776668e-13	1.1244389144086255e-12	1.0608844398153346e-12	2.5168543569097913e-12	9.603615587799124e-13	0.0	4.4305390880141416e-13	4.2823730863206157e-13	0.0	0.0	7.904327704329447e-13	0.0	0.0	7.510152701253097e-13	0.0	0.0	3.6626139084902195e-13	0.0
