dphi = 0.05235987755982988	first column is a mass, last row consists of all other masses	mass / surface of the sphere ring	scaled mass sums in consecutive angle intervals, last interval most often smaller (ends at pi/2)
Top
24.022	0.0	2.792275331450269e-11	5.594774857126458e-12	1.6029029607855635e-11	6.256407463974702e-12	1.0284862026598814e-11	1.7501489576468503e-11	1.1449641087140108e-11	8.481368585423195e-12	9.182662701594848e-12	5.5905581966617666e-12	1.289294874989349e-12	4.798363520621334e-12	4.497755657634502e-12	7.426191078707342e-12	3.02022522829175e-12	2.8810846763397373e-12	1.8409569137532466e-12	8.861078176028283e-13	8.564746172641231e-13	1.6619263505627309e-12	8.090810598083309e-13	7.904327704329447e-13	7.747003132474868e-13	0.0	0.0	7.42701259674812e-13	7.365660833798532e-13	7.325227816980439e-13	7.305149876704477e-13
36.033	0.0	1.3961376657251346e-11	0.0	0.0	0.0	0.0	3.2815292955878453e-12	2.862410271785028e-12	0.0	0.0	0.0	1.9339423124840237e-12	5.398158960699001e-12	1.6866583716129384e-12	0.0	3.02022522829175e-12	0.0	0.0	1.3291617264042426e-12	0.0	0.0	0.0	0.0	0.0	0.0	0.0	0.0	0.0	0.0	0.0
48.044	0.0	0.0	0.0	0.0	0.0	0.0	0.0	0.0	0.0	0.0	2.7952790983308833e-12	0.0	0.0	0.0	0.0	0.0	0.0	0.0	0.0	0.0	0.0	0.0	0.0	0.0	0.0	0.0	1.485402519349624e-12	0.0	0.0	0.0
108.099	0.0	0.0	0.0	0.0	0.0	0.0	0.0	0.0	0.0	0.0	0.0	5.80182693745207e-12	0.0	0.0	0.0	0.0	0.0	0.0	0.0	0.0	0.0	0.0	0.0	0.0	0.0	0.0	0.0	0.0	0.0	0.0
60.055	0.0	0.0	0.0	0.0	0.0	0.0	0.0	0.0	0.0	0.0	3.4940988729136037e-12	0.0	0.0	0.0	0.0	0.0	0.0	0.0	0.0	0.0	0.0	0.0	0.0	0.0	0.0	0.0	0.0	0.0	0.0	0.0
other	0.0	0.0	2.797387428563229e-12	0.0	1.5641018659936755e-12	1.2856077533248518e-12	0.0	0.0	0.0	7.652218917995707e-13	6.988197745827208e-13	0.0	5.997954400776668e-13	0.0	5.304422199076673e-13	0.0	0.0	9.204784568766233e-13	0.0	4.2823730863206157e-13	0.0	0.0	0.0	0.0	0.0	0.0	0.0	0.0	0.0	0.0
Bottom
other	0.0	0.0	0.0	0.0	0.0	0.0	0.0	0.0	0.0	0.0	0.0	0.0	0.0	0.0	0.0	0.0	0.0	0.0	0.0	0.0	0.0	0.0	0.0	0.0	0.0	0.0	0.0	0.0	0.0	0.0
Graph
other	0.0	4.188412997175403e-11	8.392162285689687e-12	1.6029029607855635e-11	4.692305597981027e-12	8.999254273273963e-12	2.078301887205635e-11	1.2403777844401784e-11	8.481368585423195e-12	9.182662701594848e-12	1.1181116393323533e-11	9.025064124925442e-12	8.996931601165e-12	5.059975114838815e-12	7.426191078707342e-12	6.040450456583498e-12	2.8810846763397373e-12	1.8409569137532466e-12	1.3291617264042426e-12	1.284711925896185e-12	1.6619263505627309e-12	0.0	7.904327704329447e-13	7.747003132474868e-13	0.0	0.0	2.2281037790244364e-12	0.0	7.325227816980439e-13	7.305149876704477e-13
C60
other	0.0	0.0	0.0	0.0	3.128203731987351e-12	2.5712155066497036e-12	0.0	1.9082735145233515e-12	0.0	7.652218917995707e-13	1.3976395491654416e-12	0.0	1.7993863202330005e-12	1.1244389144086255e-12	5.304422199076673e-13	0.0	0.0	9.204784568766233e-13	8.861078176028283e-13	0.0	0.0	8.090810598083309e-13	0.0	0.0	0.0	0.0	0.0	7.365660833798532e-13	0.0	0.0
