dphi = 0.05235987755982988	first column is a mass, last row consists of all other masses	mass / surface of the sphere ring	scaled mass sums in consecutive angle intervals, last interval most often smaller (ends at pi/2)
Top
24.022	0.0	3.723033775267025e-11	1.1189549714252916e-11	1.6029029607855635e-11	3.128203731987351e-12	1.0284862026598814e-11	8.750744788234253e-12	5.724820543570056e-12	6.785094868338557e-12	7.652218917995707e-12	6.988197745827207e-12	3.8678846249680474e-12	5.997954400776667e-12	4.497755657634502e-12	4.2435377592613385e-12	2.013483485527833e-12	3.8414462351196495e-12	1.8409569137532466e-12	8.861078176028283e-13	2.56942385179237e-12	8.309631752813654e-13	0.0	7.904327704329447e-13	7.747003132474868e-13	0.0	1.5020305402506194e-12	0.0	7.365660833798532e-13	1.4650455633960878e-12	0.0
36.033	0.0	0.0	0.0	0.0	0.0	0.0	0.0	0.0	0.0	0.0	0.0	1.9339423124840237e-12	0.0	1.6866583716129384e-12	3.1826533194460043e-12	1.510112614145875e-12	0.0	0.0	0.0	0.0	0.0	0.0	0.0	0.0	1.1424430972881095e-12	0.0	0.0	1.1048491250697798e-12	1.098784172547066e-12	0.0
2211753.584	0.0	0.0	0.0	0.0	0.0	0.0	0.0	0.0	0.0	0.0	0.0	0.0	0.0	0.0	0.0	0.0	0.0	0.0	0.0	7.885733096062288e-08	0.0	0.0	0.0	0.0	0.0	0.0	0.0	0.0	0.0	0.0
other	0.0	4.653792219083781e-12	5.594774857126458e-12	0.0	6.256407463974702e-12	3.856823259974556e-12	3.2815292955878453e-12	7.633094058093406e-12	4.2406842927115974e-12	3.060887567198283e-12	4.891738422079045e-12	2.578589749978698e-12	3.5987726404660002e-12	1.1244389144086255e-12	2.1217688796306693e-12	1.510112614145875e-12	9.603615587799124e-13	4.602392284383116e-13	4.4305390880141416e-13	4.2823730863206157e-13	4.154815876406827e-13	0.0	1.1856491556494172e-12	0.0	0.0	0.0	7.42701259674812e-13	0.0	3.6626139084902195e-13	0.0
Bottom
other	0.0	0.0	0.0	0.0	0.0	0.0	0.0	0.0	0.0	0.0	0.0	0.0	0.0	0.0	0.0	0.0	0.0	0.0	0.0	0.0	0.0	0.0	0.0	0.0	0.0	0.0	0.0	0.0	0.0	0.0
Graph
other	0.0	2.3268961095418908e-11	1.3986937142816146e-11	1.6029029607855635e-11	7.820509329968377e-12	1.0284862026598814e-11	4.3753723941171266e-12	8.587230815355082e-12	8.481368585423195e-12	5.356553242596996e-12	7.687017520409927e-12	7.091121812441419e-12	6.597749840854334e-12	4.497755657634502e-12	6.365306638892009e-12	5.0337087138195825e-12	4.321627014509606e-12	2.3011961421915585e-12	1.3291617264042426e-12	7.88603286217833e-08	0.0	0.0	1.1856491556494172e-12	7.747003132474868e-13	1.1424430972881095e-12	1.5020305402506194e-12	7.42701259674812e-13	1.841415208449633e-12	2.9300911267921756e-12	0.0
C60
other	0.0	1.8615168876335124e-11	2.797387428563229e-12	0.0	1.5641018659936755e-12	3.856823259974556e-12	7.656901689704972e-12	4.770683786308379e-12	2.544410575626959e-12	5.356553242596996e-12	4.192918647496325e-12	1.289294874989349e-12	2.998977200388334e-12	2.8110972860215638e-12	3.1826533194460043e-12	0.0	4.801807793899562e-13	0.0	0.0	0.0	1.2464447629220483e-12	0.0	7.904327704329447e-13	0.0	0.0	0.0	0.0	0.0	0.0	0.0
