dphi = 0.05235987755982988	first column is a mass, last row consists of all other masses	mass / surface of the sphere ring	scaled mass sums in consecutive angle intervals, last interval most often smaller (ends at pi/2)
Top
24.022	0.0	9.307584438167562e-12	0.0	0.0	9.384611195962053e-12	5.142431013299407e-12	1.3126117182351378e-11	9.541367572616757e-12	1.0177642302507834e-11	7.652218917995707e-12	9.78347684415809e-12	1.289294874989349e-12	3.598772640466001e-12	4.497755657634502e-12	8.487075518522677e-12	3.02022522829175e-12	1.9207231175598247e-12	0.0	1.7722156352056566e-12	1.7129492345282463e-12	8.309631752813654e-13	8.090810598083309e-13	0.0	2.3241009397424607e-12	0.0	0.0	2.2281037790244364e-12	0.0	0.0	0.0
36.033	0.0	0.0	8.392162285689687e-12	0.0	4.692305597981027e-12	0.0	0.0	0.0	0.0	0.0	2.0964593237481625e-12	1.9339423124840237e-12	0.0	0.0	0.0	1.510112614145875e-12	0.0	0.0	0.0	1.284711925896185e-12	0.0	0.0	0.0	0.0	0.0	0.0	0.0	0.0	0.0	0.0
other	1.3948620936259577e-11	4.653792219083781e-12	2.797387428563229e-12	6.010886102945863e-12	4.692305597981027e-12	5.142431013299407e-12	5.469215492646408e-12	4.770683786308379e-12	5.088821151253917e-12	4.591331350797424e-12	2.7952790983308833e-12	1.289294874989349e-12	1.7993863202330005e-12	2.248877828817251e-12	1.0608844398153346e-12	2.013483485527833e-12	1.9207231175598247e-12	4.602392284383116e-13	0.0	4.2823730863206157e-13	0.0	4.0454052990416545e-13	3.9521638521647234e-13	0.0	0.0	0.0	0.0	0.0	0.0	0.0
Bottom
other	0.0	0.0	0.0	0.0	0.0	0.0	0.0	0.0	0.0	0.0	0.0	0.0	0.0	0.0	0.0	0.0	0.0	0.0	0.0	0.0	0.0	0.0	0.0	0.0	0.0	0.0	0.0	0.0	0.0	0.0
Graph
other	0.0	4.653792219083781e-12	1.1189549714252916e-11	4.007257401963909e-12	1.0948713061955728e-11	5.142431013299407e-12	1.531380337940994e-11	8.587230815355082e-12	1.1025779161050153e-11	9.947884593394419e-12	9.783476844158091e-12	3.8678846249680474e-12	3.598772640466001e-12	2.811097286021564e-12	5.8348644189843405e-12	5.0337087138195825e-12	3.3612654557296936e-12	4.602392284383116e-13	1.7722156352056566e-12	2.56942385179237e-12	8.309631752813654e-13	4.0454052990416545e-13	3.9521638521647234e-13	2.3241009397424607e-12	0.0	0.0	2.2281037790244364e-12	0.0	0.0	0.0
C60
other	1.3948620936259577e-11	9.307584438167562e-12	0.0	2.0036287009819543e-12	7.820509329968377e-12	5.142431013299407e-12	3.2815292955878453e-12	5.724820543570056e-12	4.240684292711598e-12	2.2956656753987123e-12	4.891738422079046e-12	6.446474374946745e-13	1.7993863202330005e-12	3.9355362004301895e-12	3.713095539353672e-12	1.510112614145875e-12	4.801807793899562e-13	0.0	0.0	8.564746172641231e-13	0.0	8.090810598083309e-13	0.0	0.0	0.0	0.0	0.0	0.0	0.0	0.0
