dphi = 0.05235987755982988	first column is a mass, last row consists of all other masses	mass / surface of the sphere ring	scaled mass sums in consecutive angle intervals, last interval most often smaller (ends at pi/2)
Top
24.022	2.7897241872519153e-11	3.723033775267025e-11	1.6784324571379374e-11	4.007257401963909e-12	3.128203731987351e-12	2.5712155066497036e-12	6.563058591175691e-12	7.633094058093406e-12	1.1873916019592473e-11	6.121775134396566e-12	2.7952790983308833e-12	5.157179499957396e-12	8.397136161087334e-12	4.497755657634502e-12	3.1826533194460043e-12	4.026966971055666e-12	9.603615587799124e-13	0.0	8.861078176028283e-13	8.564746172641231e-13	0.0	0.0	0.0	0.0	0.0	7.510152701253097e-13	7.42701259674812e-13	0.0	0.0	0.0
36.033	0.0	0.0	0.0	0.0	4.692305597981027e-12	0.0	0.0	2.862410271785028e-12	0.0	2.2956656753987123e-12	0.0	0.0	0.0	0.0	0.0	0.0	0.0	0.0	0.0	0.0	0.0	0.0	0.0	0.0	0.0	0.0	0.0	0.0	0.0	0.0
2212258.046	0.0	0.0	0.0	0.0	0.0	0.0	0.0	0.0	0.0	0.0	0.0	0.0	0.0	0.0	0.0	0.0	0.0	0.0	0.0	0.0	0.0	0.0	0.0	0.0	0.0	6.916324927154531e-08	0.0	0.0	0.0	0.0
other	0.0	9.307584438167562e-12	5.594774857126458e-12	6.010886102945863e-12	7.820509329968377e-12	7.71364651994911e-12	5.469215492646408e-12	2.862410271785028e-12	3.3925474341692784e-12	3.060887567198283e-12	2.7952790983308833e-12	1.9339423124840237e-12	2.399181760310667e-12	2.248877828817251e-12	3.182653319446004e-12	5.033708713819583e-13	3.841446235119649e-12	9.204784568766233e-13	4.4305390880141416e-13	4.2823730863206157e-13	8.309631752813654e-13	4.0454052990416545e-13	0.0	3.873501566237434e-13	0.0	0.0	0.0	3.682830416899266e-13	0.0	0.0
Bottom
other	0.0	0.0	0.0	0.0	0.0	0.0	0.0	0.0	0.0	0.0	0.0	0.0	0.0	0.0	0.0	0.0	0.0	0.0	0.0	0.0	0.0	0.0	0.0	0.0	0.0	0.0	0.0	0.0	0.0	0.0
Graph
other	2.7897241872519153e-11	2.3268961095418908e-11	0.0	8.014514803927817e-12	1.5641018659936755e-11	8.999254273273963e-12	3.2815292955878453e-12	6.6789573008317314e-12	1.1025779161050153e-11	8.417440809795277e-12	3.494098872913604e-12	5.157179499957396e-12	7.1975452809320004e-12	5.6221945720431275e-12	4.2435377592613385e-12	3.5235960996737078e-12	2.4009038969497806e-12	9.204784568766233e-13	1.3291617264042426e-12	1.284711925896185e-12	8.309631752813654e-13	4.0454052990416545e-13	0.0	3.873501566237434e-13	0.0	6.916400028681542e-08	7.42701259674812e-13	3.682830416899266e-13	0.0	0.0
C60
other	0.0	2.3268961095418905e-11	2.237909942850583e-11	2.0036287009819543e-12	0.0	1.2856077533248518e-12	8.750744788234253e-12	6.6789573008317314e-12	4.240684292711598e-12	3.060887567198283e-12	2.0964593237481625e-12	1.9339423124840237e-12	3.598772640466001e-12	1.1244389144086255e-12	2.1217688796306693e-12	1.0067417427639165e-12	2.400903896949781e-12	0.0	0.0	0.0	0.0	0.0	0.0	0.0	0.0	0.0	0.0	0.0	0.0	0.0
