dphi = 0.05235987755982988	first column is a mass, last row consists of all other masses	mass / surface of the sphere ring	scaled mass sums in consecutive angle intervals, last interval most often smaller (ends at pi/2)
Top
24.022	0.0	0.0	1.1189549714252916e-11	2.8050801813747357e-11	9.384611195962053e-12	1.0284862026598814e-11	0.0	1.9082735145233515e-11	6.785094868338557e-12	9.182662701594848e-12	4.192918647496325e-12	3.8678846249680474e-12	4.798363520621334e-12	2.248877828817251e-12	2.1217688796306693e-12	3.02022522829175e-12	2.8810846763397373e-12	9.204784568766233e-13	1.7722156352056566e-12	2.56942385179237e-12	0.0	1.6181621196166618e-12	0.0	0.0	7.616287315254062e-13	0.0	0.0	0.0	0.0	0.0
36.033	0.0	0.0	0.0	0.0	9.384611195962053e-12	0.0	0.0	0.0	0.0	0.0	0.0	0.0	0.0	0.0	1.5913266597230021e-12	0.0	1.4405423381698686e-12	0.0	1.3291617264042426e-12	0.0	0.0	0.0	0.0	0.0	0.0	0.0	0.0	0.0	0.0	0.0
2212125.925	0.0	0.0	0.0	0.0	0.0	0.0	0.0	0.0	0.0	0.0	0.0	0.0	0.0	0.0	0.0	0.0	0.0	8.476455989749759e-08	0.0	0.0	0.0	0.0	0.0	0.0	0.0	0.0	0.0	0.0	0.0	0.0
other	0.0	4.653792219083781e-12	2.797387428563229e-12	2.0036287009819543e-12	1.5641018659936755e-12	2.5712155066497036e-12	4.3753723941171266e-12	3.816547029046703e-12	8.481368585423195e-12	5.356553242596994e-12	2.0964593237481625e-12	3.223237187473372e-12	2.399181760310667e-12	1.6866583716129384e-12	1.0608844398153346e-12	1.510112614145875e-12	4.801807793899562e-13	9.204784568766233e-13	1.3291617264042426e-12	4.2823730863206157e-13	4.154815876406827e-13	0.0	0.0	3.873501566237434e-13	0.0	0.0	0.0	3.682830416899266e-13	0.0	0.0
Bottom
other	0.0	0.0	0.0	0.0	0.0	0.0	0.0	0.0	0.0	0.0	0.0	0.0	0.0	0.0	0.0	0.0	0.0	0.0	0.0	0.0	0.0	0.0	0.0	0.0	0.0	0.0	0.0	0.0	0.0	0.0
Graph
other	0.0	0.0	0.0	1.402540090687368e-11	1.7205120525930428e-11	8.999254273273963e-12	2.1876861970585633e-12	1.0495504329878433e-11	1.1873916019592473e-11	6.886997026196136e-12	5.5905581966617666e-12	6.446474374946744e-12	5.997954400776667e-12	3.3733167432258764e-12	4.2435377592613385e-12	2.013483485527833e-12	4.801807793899562e-12	8.476502013672602e-08	3.5444312704113133e-12	2.9976611604244312e-12	4.154815876406827e-13	8.090810598083309e-13	0.0	3.873501566237434e-13	7.616287315254062e-13	0.0	0.0	3.682830416899266e-13	0.0	0.0
C60
other	0.0	4.653792219083781e-12	1.3986937142816146e-11	1.6029029607855635e-11	3.128203731987351e-12	3.856823259974556e-12	2.1876861970585633e-12	1.2403777844401784e-11	3.3925474341692784e-12	7.652218917995707e-12	6.988197745827208e-13	6.446474374946745e-13	1.1995908801553335e-12	5.622194572043128e-13	5.304422199076673e-13	2.5168543569097913e-12	0.0	1.3807176853149352e-12	8.861078176028283e-13	0.0	0.0	8.090810598083309e-13	0.0	0.0	0.0	0.0	0.0	0.0	0.0	0.0
