dphi = 0.05235987755982988	first column is a mass, last row consists of all other masses	mass / surface of the sphere ring	scaled mass sums in consecutive angle intervals, last interval most often smaller (ends at pi/2)
Top
24.022	0.0	0.0	0.0	8.014514803927817e-12	0.0	2.5712155066497036e-12	2.1876861970585633e-12	3.816547029046703e-12	0.0	6.121775134396566e-12	5.5905581966617666e-12	2.578589749978698e-12	1.1995908801553335e-12	4.497755657634502e-12	2.1217688796306693e-12	0.0	2.8810846763397373e-12	9.204784568766233e-13	8.861078176028283e-13	8.564746172641231e-13	0.0	0.0	1.5808655408658894e-12	7.747003132474868e-13	0.0	0.0	0.0	0.0	0.0	0.0
36.033	0.0	0.0	0.0	0.0	0.0	3.856823259974556e-12	0.0	0.0	0.0	2.2956656753987123e-12	0.0	0.0	1.7993863202330005e-12	0.0	0.0	0.0	0.0	0.0	0.0	0.0	0.0	0.0	0.0	0.0	0.0	1.1265229051879647e-12	0.0	1.1048491250697798e-12	0.0	1.0957724815056716e-12
48.044	0.0	0.0	0.0	0.0	0.0	0.0	0.0	0.0	0.0	0.0	0.0	0.0	0.0	0.0	0.0	0.0	0.0	0.0	0.0	0.0	0.0	0.0	1.5808655408658894e-12	0.0	0.0	0.0	0.0	0.0	1.4650455633960878e-12	0.0
other	0.0	0.0	5.594774857126458e-12	0.0	0.0	2.5712155066497036e-12	2.1876861970585633e-12	2.862410271785028e-12	2.544410575626959e-12	4.591331350797424e-12	2.0964593237481625e-12	5.1571794999573955e-12	0.0	2.8110972860215638e-12	3.713095539353671e-12	1.0067417427639165e-12	1.4405423381698686e-12	3.681913827506493e-12	8.861078176028283e-13	4.2823730863206157e-13	1.2464447629220483e-12	8.090810598083309e-13	7.904327704329447e-13	0.0	0.0	3.7550763506265485e-13	3.71350629837406e-13	0.0	3.6626139084902195e-13	0.0
Bottom
other	0.0	0.0	0.0	0.0	0.0	0.0	0.0	0.0	0.0	0.0	0.0	0.0	0.0	0.0	0.0	0.0	0.0	0.0	0.0	0.0	0.0	0.0	0.0	0.0	0.0	0.0	0.0	0.0	0.0	0.0
Graph
other	0.0	0.0	2.797387428563229e-12	4.007257401963909e-12	0.0	8.999254273273963e-12	4.3753723941171266e-12	4.770683786308379e-12	1.6962737170846392e-12	8.417440809795277e-12	4.891738422079045e-12	4.512532062462722e-12	1.1995908801553335e-12	5.6221945720431275e-12	3.713095539353672e-12	1.0067417427639165e-12	2.4009038969497806e-12	2.3011961421915585e-12	1.7722156352056566e-12	8.564746172641231e-13	8.309631752813654e-13	8.090810598083309e-13	3.1617310817317787e-12	7.747003132474868e-13	0.0	1.1265229051879647e-12	3.71350629837406e-13	0.0	1.8313069542451095e-12	1.0957724815056716e-12
C60
other	0.0	0.0	2.797387428563229e-12	4.007257401963909e-12	0.0	0.0	0.0	1.9082735145233515e-12	8.481368585423196e-13	4.591331350797424e-12	2.7952790983308833e-12	3.223237187473372e-12	1.7993863202330005e-12	1.6866583716129384e-12	2.1217688796306693e-12	0.0	1.9207231175598247e-12	2.3011961421915585e-12	0.0	4.2823730863206157e-13	4.154815876406827e-13	0.0	7.904327704329447e-13	0.0	0.0	3.7550763506265485e-13	0.0	1.1048491250697798e-12	0.0	0.0
