dphi = 0.05235987755982988	first column is a mass, last row consists of all other masses	mass / surface of the sphere ring	scaled mass sums in consecutive angle intervals, last interval most often smaller (ends at pi/2)
Top
24.022	2.7897241872519153e-11	2.792275331450269e-11	1.1189549714252916e-11	2.8050801813747357e-11	2.5025629855898802e-11	7.713646519949112e-12	1.9689175773527068e-11	1.335791460166346e-11	8.481368585423195e-12	1.0713106485193988e-11	1.6771674589985296e-11	7.735769249936093e-12	4.798363520621334e-12	3.373316743225877e-12	3.1826533194460043e-12	2.013483485527833e-12	3.8414462351196495e-12	1.8409569137532466e-12	0.0	3.4258984690564925e-12	8.309631752813654e-13	0.0	0.0	0.0	0.0	7.510152701253097e-13	0.0	0.0	7.325227816980439e-13	0.0
36.033	0.0	1.3961376657251346e-11	0.0	0.0	0.0	3.856823259974556e-12	6.563058591175691e-12	5.724820543570056e-12	0.0	2.2956656753987123e-12	8.38583729499265e-12	1.9339423124840237e-12	1.7993863202330005e-12	3.373316743225877e-12	1.5913266597230021e-12	0.0	1.4405423381698686e-12	0.0	1.3291617264042426e-12	0.0	0.0	0.0	1.1856491556494172e-12	0.0	2.284886194576219e-12	0.0	0.0	0.0	0.0	0.0
3318086.794	0.0	0.0	0.0	0.0	0.0	3.551542842860573e-07	0.0	0.0	0.0	0.0	0.0	0.0	0.0	0.0	0.0	0.0	0.0	0.0	0.0	0.0	0.0	0.0	0.0	0.0	0.0	0.0	0.0	0.0	0.0	0.0
other	0.0	4.653792219083781e-12	2.797387428563229e-12	2.0036287009819543e-12	1.5641018659936755e-12	2.5712155066497036e-12	3.2815292955878453e-12	2.862410271785028e-12	5.088821151253917e-12	2.2956656753987123e-12	6.988197745827208e-13	1.289294874989349e-12	0.0	1.1244389144086255e-12	5.304422199076673e-13	0.0	1.4405423381698686e-12	1.3807176853149352e-12	8.861078176028283e-13	4.2823730863206157e-13	0.0	0.0	0.0	0.0	0.0	0.0	0.0	0.0	3.6626139084902195e-13	0.0
Bottom
other	0.0	0.0	0.0	0.0	0.0	0.0	0.0	0.0	0.0	0.0	0.0	0.0	0.0	0.0	0.0	0.0	0.0	0.0	0.0	0.0	0.0	0.0	0.0	0.0	0.0	0.0	0.0	0.0	0.0	0.0
Graph
other	2.7897241872519153e-11	2.792275331450269e-11	1.3986937142816144e-11	2.2039915710801494e-11	2.346152798990513e-11	3.5516585475583716e-07	1.8595332674997787e-11	1.9082735145233515e-11	1.0177642302507834e-11	9.182662701594848e-12	2.0964593237481625e-11	9.025064124925444e-12	5.398158960699001e-12	7.871072400860377e-12	5.304422199076674e-12	1.0067417427639165e-12	4.321627014509606e-12	3.221674599068182e-12	2.2152695440070707e-12	3.854135777688554e-12	8.309631752813654e-13	0.0	1.1856491556494172e-12	0.0	1.1424430972881095e-12	7.510152701253097e-13	0.0	0.0	1.098784172547066e-12	0.0
C60
other	0.0	1.8615168876335124e-11	0.0	8.014514803927817e-12	3.128203731987351e-12	2.5712155066497036e-12	1.0938430985292816e-11	2.862410271785028e-12	3.3925474341692784e-12	6.121775134396566e-12	4.891738422079046e-12	1.9339423124840237e-12	1.1995908801553335e-12	0.0	0.0	1.0067417427639165e-12	2.400903896949781e-12	0.0	0.0	0.0	0.0	0.0	0.0	0.0	1.1424430972881095e-12	0.0	0.0	0.0	0.0	0.0
