dphi = 0.05235987755982988	first column is a mass, last row consists of all other masses	mass / surface of the sphere ring	scaled mass sums in consecutive angle intervals, last interval most often smaller (ends at pi/2)
Top
24.022	2.7897241872519153e-11	9.307584438167562e-12	1.1189549714252916e-11	4.007257401963909e-12	3.128203731987351e-12	1.0284862026598814e-11	6.563058591175691e-12	1.1449641087140108e-11	1.0177642302507834e-11	4.591331350797425e-12	5.5905581966617666e-12	3.8678846249680474e-12	7.1975452809320004e-12	4.497755657634502e-12	3.1826533194460043e-12	2.013483485527833e-12	1.9207231175598247e-12	0.0	8.861078176028283e-13	2.56942385179237e-12	2.4928895258440966e-12	0.0	7.904327704329447e-13	0.0	7.616287315254062e-13	0.0	7.42701259674812e-13	7.365660833798532e-13	7.325227816980439e-13	0.0
36.033	0.0	0.0	0.0	0.0	0.0	0.0	0.0	0.0	0.0	0.0	4.192918647496325e-12	0.0	0.0	1.6866583716129384e-12	0.0	1.510112614145875e-12	0.0	0.0	0.0	0.0	0.0	0.0	0.0	0.0	0.0	0.0	0.0	0.0	0.0	0.0
2212053.859	0.0	0.0	0.0	0.0	0.0	0.0	0.0	0.0	0.0	0.0	0.0	0.0	0.0	0.0	0.0	0.0	0.0	0.0	0.0	0.0	0.0	0.0	0.0	0.0	0.0	6.915686564174927e-08	0.0	0.0	0.0	0.0
other	0.0	4.653792219083781e-12	1.678432457137937e-11	1.602902960785563e-11	3.128203731987351e-12	8.999254273273961e-12	6.563058591175689e-12	5.724820543570054e-12	2.544410575626959e-12	4.591331350797424e-12	2.7952790983308833e-12	0.0	2.399181760310667e-12	2.248877828817251e-12	1.5913266597230021e-12	1.0067417427639165e-12	1.4405423381698686e-12	1.8409569137532466e-12	8.861078176028283e-13	0.0	0.0	8.090810598083309e-13	3.9521638521647234e-13	0.0	0.0	0.0	0.0	0.0	0.0	3.6525749383522385e-13
Bottom
other	0.0	0.0	0.0	0.0	0.0	0.0	0.0	0.0	0.0	0.0	0.0	0.0	0.0	0.0	0.0	0.0	0.0	0.0	0.0	0.0	0.0	0.0	0.0	0.0	0.0	0.0	0.0	0.0	0.0	0.0
Graph
other	2.7897241872519153e-11	0.0	1.95817119999426e-11	8.014514803927817e-12	6.256407463974702e-12	1.1570469779923666e-11	3.2815292955878453e-12	1.1449641087140108e-11	1.0177642302507834e-11	8.417440809795277e-12	1.0482296618740812e-11	3.8678846249680474e-12	7.1975452809320004e-12	5.059975114838815e-12	4.773979979169006e-12	4.026966971055666e-12	2.881084676339737e-12	1.8409569137532466e-12	1.7722156352056566e-12	8.564746172641231e-13	8.309631752813654e-13	8.090810598083309e-13	1.1856491556494172e-12	0.0	7.616287315254062e-13	6.915686564174927e-08	7.42701259674812e-13	7.365660833798532e-13	7.325227816980439e-13	3.6525749383522385e-13
C60
other	0.0	1.3961376657251346e-11	8.392162285689687e-12	1.2021772205891724e-11	0.0	7.71364651994911e-12	9.844587886763534e-12	5.724820543570056e-12	2.544410575626959e-12	7.652218917995707e-13	2.0964593237481625e-12	0.0	2.399181760310667e-12	3.373316743225877e-12	0.0	5.033708713819583e-13	4.801807793899562e-13	0.0	0.0	1.7129492345282463e-12	1.6619263505627309e-12	0.0	0.0	0.0	0.0	0.0	0.0	0.0	0.0	0.0
