dphi = 0.05235987755982988	first column is a mass, last row consists of all other masses	mass / surface of the sphere ring	scaled mass sums in consecutive angle intervals, last interval most often smaller (ends at pi/2)
Top
24.022	0.0	0.0	0.0	4.007257401963909e-12	3.128203731987351e-12	2.5712155066497036e-12	0.0	5.724820543570056e-12	3.3925474341692784e-12	1.5304437835991415e-12	6.988197745827207e-12	5.157179499957396e-12	1.1995908801553335e-12	1.1244389144086255e-12	3.1826533194460043e-12	0.0	2.8810846763397373e-12	9.204784568766233e-13	1.7722156352056566e-12	8.564746172641231e-13	1.6619263505627309e-12	1.6181621196166618e-12	0.0	0.0	7.616287315254062e-13	0.0	0.0	0.0	0.0	7.305149876704477e-13
36.033	0.0	0.0	0.0	0.0	0.0	0.0	0.0	0.0	0.0	2.2956656753987123e-12	0.0	0.0	1.7993863202330005e-12	0.0	0.0	0.0	0.0	0.0	0.0	0.0	1.2464447629220483e-12	0.0	0.0	0.0	0.0	0.0	0.0	0.0	0.0	0.0
other	0.0	0.0	2.797387428563229e-12	4.007257401963909e-12	4.692305597981027e-12	3.856823259974556e-12	3.2815292955878453e-12	4.770683786308379e-12	4.2406842927115974e-12	7.652218917995707e-13	4.192918647496324e-12	0.0	1.7993863202330005e-12	2.8110972860215638e-12	2.1217688796306693e-12	1.0067417427639165e-12	9.603615587799124e-13	2.76143537062987e-12	8.861078176028283e-13	1.7129492345282463e-12	8.309631752813654e-13	4.0454052990416545e-13	3.9521638521647234e-13	3.873501566237434e-13	3.808143657627031e-13	1.1265229051879647e-12	3.71350629837406e-13	3.682830416899266e-13	0.0	0.0
Bottom
other	0.0	0.0	0.0	0.0	0.0	0.0	0.0	0.0	0.0	0.0	0.0	0.0	0.0	0.0	0.0	0.0	0.0	0.0	0.0	0.0	0.0	0.0	0.0	0.0	0.0	0.0	0.0	0.0	0.0	0.0
Graph
other	0.0	0.0	2.797387428563229e-12	8.014514803927817e-12	7.820509329968377e-12	3.856823259974556e-12	3.2815292955878453e-12	8.587230815355082e-12	5.088821151253917e-12	2.2956656753987123e-12	7.687017520409927e-12	3.8678846249680474e-12	2.998977200388334e-12	2.8110972860215638e-12	2.1217688796306693e-12	5.033708713819583e-13	2.400903896949781e-12	1.3807176853149352e-12	1.3291617264042426e-12	2.1411865431603078e-12	3.3238527011254618e-12	1.2136215897124964e-12	3.9521638521647234e-13	3.873501566237434e-13	1.1424430972881095e-12	3.7550763506265485e-13	0.0	0.0	0.0	0.0
C60
other	0.0	0.0	0.0	0.0	0.0	2.5712155066497036e-12	0.0	1.9082735145233515e-12	2.544410575626959e-12	2.2956656753987123e-12	3.494098872913604e-12	1.289294874989349e-12	1.7993863202330005e-12	1.1244389144086255e-12	3.1826533194460043e-12	5.033708713819583e-13	1.4405423381698686e-12	2.3011961421915585e-12	1.3291617264042426e-12	4.2823730863206157e-13	4.154815876406827e-13	8.090810598083309e-13	0.0	0.0	0.0	7.510152701253097e-13	3.71350629837406e-13	3.682830416899266e-13	0.0	7.305149876704477e-13
