dphi = 0.05235987755982988	first column is a mass, last row consists of all other masses	mass / surface of the sphere ring	scaled mass sums in consecutive angle intervals, last interval most often smaller (ends at pi/2)
Top
24.022	0.0	0.0	5.594774857126458e-12	1.2021772205891726e-11	6.256407463974702e-12	1.0284862026598814e-11	6.563058591175691e-12	5.724820543570056e-12	1.6962737170846392e-12	3.060887567198283e-12	2.7952790983308833e-12	2.578589749978698e-12	4.798363520621334e-12	5.6221945720431275e-12	2.1217688796306693e-12	1.0067417427639165e-12	2.8810846763397373e-12	1.8409569137532466e-12	8.861078176028283e-13	1.7129492345282463e-12	1.6619263505627309e-12	0.0	0.0	0.0	0.0	7.510152701253097e-13	0.0	7.365660833798532e-13	0.0	0.0
36.033	0.0	1.3961376657251346e-11	0.0	0.0	0.0	0.0	0.0	0.0	0.0	0.0	0.0	0.0	0.0	0.0	0.0	1.510112614145875e-12	0.0	0.0	0.0	0.0	0.0	0.0	0.0	0.0	0.0	0.0	0.0	0.0	0.0	0.0
other	0.0	4.653792219083781e-12	2.797387428563229e-12	8.014514803927817e-12	1.5641018659936755e-12	5.142431013299407e-12	1.0938430985292816e-12	1.9082735145233515e-12	2.544410575626959e-12	3.060887567198283e-12	0.0	2.578589749978698e-12	2.399181760310667e-12	5.622194572043128e-13	2.6522110995383366e-12	1.0067417427639165e-12	2.4009038969497806e-12	4.602392284383116e-13	1.7722156352056566e-12	1.7129492345282463e-12	4.154815876406827e-13	4.0454052990416545e-13	0.0	0.0	0.0	3.7550763506265485e-13	0.0	0.0	0.0	0.0
Bottom
other	0.0	0.0	0.0	0.0	0.0	0.0	0.0	0.0	0.0	0.0	0.0	0.0	0.0	0.0	0.0	0.0	0.0	0.0	0.0	0.0	0.0	0.0	0.0	0.0	0.0	0.0	0.0	0.0	0.0	0.0
Graph
other	0.0	1.8615168876335124e-11	5.594774857126458e-12	1.803265830883759e-11	7.820509329968377e-12	1.1570469779923666e-11	5.469215492646408e-12	7.633094058093406e-12	2.544410575626959e-12	6.121775134396566e-12	0.0	3.2232371874733726e-12	6.597749840854334e-12	6.18441402924744e-12	3.713095539353672e-12	2.5168543569097913e-12	4.321627014509606e-12	9.204784568766233e-13	1.7722156352056566e-12	3.4258984690564925e-12	8.309631752813654e-13	4.0454052990416545e-13	0.0	0.0	0.0	3.7550763506265485e-13	0.0	7.365660833798532e-13	0.0	0.0
C60
other	0.0	0.0	2.797387428563229e-12	2.0036287009819543e-12	0.0	3.856823259974556e-12	2.1876861970585633e-12	0.0	1.6962737170846392e-12	0.0	2.7952790983308833e-12	1.9339423124840237e-12	5.997954400776668e-13	0.0	1.0608844398153346e-12	1.0067417427639165e-12	9.603615587799124e-13	1.3807176853149352e-12	8.861078176028283e-13	0.0	1.2464447629220483e-12	0.0	0.0	0.0	0.0	7.510152701253097e-13	0.0	0.0	0.0	0.0
