dphi = 0.05235987755982988	first column is a mass, last row consists of all other masses	mass / surface of the sphere ring	scaled mass sums in consecutive angle intervals, last interval most often smaller (ends at pi/2)
Top
24.022	0.0	1.8615168876335124e-11	1.6784324571379374e-11	2.404354441178345e-11	9.384611195962053e-12	1.7998508546547923e-11	2.4064548167644194e-11	2.0991008659756866e-11	2.0355284605015668e-11	7.652218917995707e-12	8.385837294992648e-12	6.446474374946744e-12	7.1975452809320004e-12	1.0119950229677628e-11	9.547959958338012e-12	4.026966971055666e-12	1.9207231175598247e-12	9.204784568766233e-13	8.861078176028283e-13	0.0	1.6619263505627309e-12	8.090810598083309e-13	7.904327704329447e-13	7.747003132474868e-13	0.0	0.0	1.485402519349624e-12	0.0	0.0	0.0
36.033	0.0	1.3961376657251346e-11	8.392162285689687e-12	6.010886102945863e-12	0.0	7.713646519949112e-12	0.0	2.862410271785028e-12	2.544410575626959e-12	0.0	8.38583729499265e-12	3.8678846249680474e-12	0.0	1.6866583716129384e-12	0.0	0.0	0.0	0.0	0.0	0.0	1.2464447629220483e-12	0.0	0.0	0.0	0.0	0.0	0.0	0.0	0.0	0.0
3317858.585	0.0	0.0	0.0	0.0	0.0	0.0	0.0	0.0	0.0	2.1138106928069122e-07	0.0	0.0	0.0	0.0	0.0	0.0	0.0	0.0	0.0	0.0	0.0	0.0	0.0	0.0	0.0	0.0	0.0	0.0	0.0	0.0
48.044	0.0	0.0	0.0	0.0	0.0	0.0	0.0	0.0	0.0	0.0	0.0	0.0	0.0	0.0	0.0	0.0	1.9207231175598247e-12	0.0	0.0	0.0	0.0	0.0	0.0	0.0	0.0	0.0	0.0	0.0	0.0	0.0
other	0.0	4.653792219083781e-12	2.797387428563229e-12	0.0	0.0	8.999254273273961e-12	2.1876861970585633e-12	3.816547029046703e-12	8.481368585423196e-13	2.2956656753987123e-12	2.0964593237481625e-12	1.9339423124840237e-12	2.399181760310667e-12	1.1244389144086255e-12	1.5913266597230021e-12	1.0067417427639165e-12	0.0	0.0	0.0	4.2823730863206157e-13	0.0	4.0454052990416545e-13	0.0	0.0	0.0	0.0	0.0	0.0	0.0	0.0
Bottom
other	0.0	0.0	0.0	0.0	0.0	0.0	0.0	0.0	0.0	0.0	0.0	0.0	0.0	0.0	0.0	0.0	0.0	0.0	0.0	0.0	0.0	0.0	0.0	0.0	0.0	0.0	0.0	0.0	0.0	0.0
Graph
other	0.0	3.723033775267025e-11	2.237909942850583e-11	2.6047173112765403e-11	9.384611195962053e-12	2.6997762819821886e-11	1.9689175773527068e-11	1.9082735145233515e-11	2.0355284605015668e-11	2.11389486721501e-07	1.5374035040819855e-11	1.2248301312398814e-11	9.596727041242667e-12	9.557730772473317e-12	1.1139286618061012e-11	4.026966971055666e-12	1.9207231175598247e-12	9.204784568766233e-13	8.861078176028283e-13	4.2823730863206157e-13	2.908371113484779e-12	1.2136215897124964e-12	7.904327704329447e-13	7.747003132474868e-13	0.0	0.0	1.485402519349624e-12	0.0	0.0	0.0
C60
other	0.0	0.0	5.594774857126458e-12	4.007257401963909e-12	0.0	7.713646519949112e-12	6.563058591175691e-12	8.587230815355082e-12	3.3925474341692784e-12	1.5304437835991415e-12	3.494098872913604e-12	0.0	0.0	3.373316743225877e-12	0.0	1.0067417427639165e-12	1.9207231175598247e-12	0.0	0.0	0.0	0.0	0.0	0.0	0.0	0.0	0.0	0.0	0.0	0.0	0.0
