dphi = 0.05235987755982988	first column is a mass, last row consists of all other masses	mass / surface of the sphere ring	scaled mass sums in consecutive angle intervals, last interval most often smaller (ends at pi/2)
Top
24.022	2.7897241872519153e-11	9.307584438167562e-12	5.594774857126458e-12	1.6029029607855635e-11	1.5641018659936755e-11	5.142431013299407e-12	1.3126117182351378e-11	9.541367572616757e-12	6.785094868338557e-12	3.060887567198283e-12	4.192918647496325e-12	3.8678846249680474e-12	5.997954400776667e-12	4.497755657634502e-12	2.1217688796306693e-12	3.02022522829175e-12	1.9207231175598247e-12	1.8409569137532466e-12	0.0	0.0	8.309631752813654e-13	0.0	0.0	0.0	0.0	0.0	0.0	0.0	0.0	0.0
36.033	0.0	0.0	0.0	0.0	0.0	0.0	0.0	0.0	0.0	0.0	2.0964593237481625e-12	0.0	1.7993863202330005e-12	1.6866583716129384e-12	0.0	0.0	0.0	0.0	0.0	0.0	0.0	0.0	0.0	0.0	0.0	1.1265229051879647e-12	0.0	0.0	0.0	0.0
other	0.0	9.307584438167562e-12	8.392162285689687e-12	2.0036287009819543e-12	3.128203731987351e-12	7.71364651994911e-12	4.3753723941171266e-12	5.724820543570054e-12	8.481368585423195e-12	6.8869970261961354e-12	6.988197745827208e-13	6.4464743749467436e-12	2.9989772003883336e-12	1.1244389144086255e-12	1.5913266597230021e-12	1.510112614145875e-12	1.4405423381698686e-12	9.204784568766233e-13	4.4305390880141416e-13	8.564746172641231e-13	0.0	0.0	3.9521638521647234e-13	0.0	0.0	3.7550763506265485e-13	0.0	0.0	0.0	0.0
Bottom
other	0.0	0.0	0.0	0.0	0.0	0.0	0.0	0.0	0.0	0.0	0.0	0.0	0.0	0.0	0.0	0.0	0.0	0.0	0.0	0.0	0.0	0.0	0.0	0.0	0.0	0.0	0.0	0.0	0.0	0.0
Graph
other	0.0	1.3961376657251346e-11	8.392162285689687e-12	1.0018143504909772e-11	9.384611195962053e-12	6.4280387666242586e-12	1.2032274083822097e-11	1.0495504329878433e-11	9.329505443965514e-12	6.121775134396566e-12	5.5905581966617666e-12	7.091121812441419e-12	7.797340721009667e-12	5.6221945720431275e-12	3.1826533194460043e-12	3.5235960996737078e-12	1.9207231175598247e-12	1.8409569137532466e-12	4.4305390880141416e-13	8.564746172641231e-13	8.309631752813654e-13	0.0	3.9521638521647234e-13	0.0	0.0	1.5020305402506194e-12	0.0	0.0	0.0	0.0
C60
other	2.7897241872519153e-11	4.653792219083781e-12	5.594774857126458e-12	8.014514803927817e-12	9.384611195962053e-12	6.428038766624259e-12	5.469215492646409e-12	4.7706837863083795e-12	5.936958009796237e-12	3.826109458997854e-12	1.3976395491654416e-12	3.2232371874733726e-12	2.998977200388334e-12	1.6866583716129384e-12	5.304422199076673e-13	1.0067417427639165e-12	1.4405423381698686e-12	9.204784568766233e-13	0.0	0.0	0.0	0.0	0.0	0.0	0.0	0.0	0.0	0.0	0.0	0.0
