dphi = 0.05235987755982988	first column is a mass, last row consists of all other masses	mass / surface of the sphere ring	scaled mass sums in consecutive angle intervals, last interval most often smaller (ends at pi/2)
Top
24.022	0.0	0.0	1.6784324571379374e-11	1.2021772205891726e-11	6.256407463974702e-12	2.5712155066497036e-12	1.531380337940994e-11	7.633094058093406e-12	5.088821151253918e-12	4.591331350797425e-12	4.192918647496325e-12	6.446474374946744e-12	4.798363520621334e-12	5.6221945720431275e-12	3.1826533194460043e-12	4.026966971055666e-12	9.603615587799124e-13	1.8409569137532466e-12	8.861078176028283e-13	1.7129492345282463e-12	8.309631752813654e-13	1.6181621196166618e-12	0.0	0.0	0.0	7.510152701253097e-13	0.0	0.0	0.0	0.0
36.033	0.0	0.0	0.0	0.0	4.692305597981027e-12	0.0	0.0	2.862410271785028e-12	0.0	0.0	0.0	0.0	0.0	1.6866583716129384e-12	0.0	0.0	0.0	1.3807176853149352e-12	0.0	0.0	0.0	0.0	0.0	0.0	0.0	0.0	0.0	0.0	0.0	0.0
2212041.848	0.0	0.0	0.0	0.0	0.0	0.0	0.0	0.0	0.0	0.0	0.0	0.0	0.0	0.0	0.0	9.2704806640532e-08	0.0	0.0	0.0	0.0	0.0	0.0	0.0	0.0	0.0	0.0	0.0	0.0	0.0	0.0
other	0.0	1.8615168876335124e-11	8.392162285689687e-12	2.0036287009819543e-12	1.2512814927949401e-11	5.142431013299407e-12	1.3126117182351378e-11	2.862410271785028e-12	7.633231726880875e-12	1.5304437835991415e-12	2.7952790983308833e-12	3.223237187473372e-12	1.7993863202330005e-12	1.6866583716129384e-12	2.1217688796306693e-12	5.033708713819583e-13	1.4405423381698686e-12	4.602392284383116e-13	8.861078176028283e-13	8.564746172641231e-13	4.154815876406827e-13	4.0454052990416545e-13	0.0	3.873501566237434e-13	0.0	0.0	0.0	0.0	0.0	0.0
Bottom
other	0.0	0.0	0.0	0.0	0.0	0.0	0.0	0.0	0.0	0.0	0.0	0.0	0.0	0.0	0.0	0.0	0.0	0.0	0.0	0.0	0.0	0.0	0.0	0.0	0.0	0.0	0.0	0.0	0.0	0.0
Graph
other	0.0	4.653792219083781e-12	1.6784324571379374e-11	8.014514803927817e-12	7.820509329968377e-12	6.4280387666242586e-12	2.4064548167644194e-11	9.541367572616757e-12	7.633231726880875e-12	4.591331350797424e-12	4.192918647496325e-12	7.735769249936093e-12	6.597749840854334e-12	4.497755657634502e-12	3.713095539353672e-12	9.270833023663167e-08	2.4009038969497806e-12	3.221674599068182e-12	1.7722156352056566e-12	2.141186543160308e-12	8.309631752813654e-13	8.090810598083309e-13	0.0	3.873501566237434e-13	0.0	7.510152701253097e-13	0.0	0.0	0.0	0.0
C60
other	0.0	1.3961376657251346e-11	8.392162285689687e-12	6.010886102945863e-12	1.5641018659936755e-11	1.2856077533248518e-12	4.3753723941171266e-12	3.816547029046703e-12	5.088821151253918e-12	1.5304437835991415e-12	2.7952790983308833e-12	1.9339423124840237e-12	0.0	4.497755657634502e-12	1.5913266597230021e-12	1.0067417427639165e-12	0.0	4.602392284383116e-13	0.0	4.2823730863206157e-13	4.154815876406827e-13	1.2136215897124964e-12	0.0	0.0	0.0	0.0	0.0	0.0	0.0	0.0
