Total	Internal	Translational
Top
32.7470763326	4.07010708331	28.6769692493
7.47533268348	2.51948611991	4.95584656357
14.0856938498	0.55310308089	13.5325907689
22.530418749	2.99687330967e-32	22.530418749
1.28082263012	0.831888158156	0.448934471968
10.3427225371	1.14855472845	9.19416780865
29.2517553981	0.0	29.2517553981
10.1957300135	3.78793218061	6.4077978329
11.982658329	1.03475710324	10.9479012258
306.383552319	1.17727279231	305.206279527
180.348919684	4.68261454637e-34	180.348919684
Bottom
