dphi = 0.05235987755982988	first column is a mass, last row consists of all other masses	mass / surface of the sphere ring	scaled mass sums in consecutive angle intervals, last interval most often smaller (ends at pi/2)
Top
24.022	0.0	9.307584438167562e-12	5.594774857126458e-12	1.6029029607855635e-11	9.384611195962053e-12	1.0284862026598814e-11	4.3753723941171266e-12	3.816547029046703e-12	1.696273717084639e-11	9.182662701594848e-12	6.988197745827207e-12	6.446474374946744e-12	5.997954400776667e-12	2.248877828817251e-12	3.1826533194460043e-12	2.013483485527833e-12	5.762169352679474e-12	1.8409569137532466e-12	8.861078176028283e-13	1.7129492345282463e-12	0.0	0.0	3.952163852164723e-12	7.747003132474868e-13	7.616287315254062e-13	7.510152701253097e-13	0.0	0.0	7.325227816980439e-13	7.305149876704477e-13
36.033	0.0	0.0	0.0	6.010886102945863e-12	0.0	0.0	0.0	0.0	0.0	2.2956656753987123e-12	2.0964593237481625e-12	0.0	0.0	5.059975114838816e-12	1.5913266597230021e-12	0.0	0.0	0.0	0.0	0.0	0.0	0.0	0.0	0.0	0.0	0.0	0.0	0.0	1.098784172547066e-12	0.0
48.044	0.0	0.0	0.0	0.0	0.0	0.0	0.0	3.816547029046703e-12	0.0	0.0	0.0	0.0	0.0	0.0	0.0	0.0	0.0	0.0	0.0	0.0	0.0	0.0	0.0	0.0	0.0	0.0	0.0	0.0	0.0	0.0
other	0.0	4.653792219083781e-12	0.0	4.007257401963909e-12	1.5641018659936755e-12	2.5712155066497036e-12	0.0	2.862410271785028e-12	3.3925474341692784e-12	3.060887567198283e-12	4.891738422079045e-12	3.867884624968047e-12	1.1995908801553335e-12	2.248877828817251e-12	2.6522110995383366e-12	1.510112614145875e-12	4.801807793899562e-13	4.602392284383116e-13	4.4305390880141416e-13	8.564746172641231e-13	4.154815876406827e-13	1.2136215897124964e-12	0.0	3.873501566237434e-13	0.0	0.0	0.0	0.0	0.0	0.0
Bottom
other	0.0	0.0	0.0	0.0	0.0	0.0	0.0	0.0	0.0	0.0	0.0	0.0	0.0	0.0	0.0	0.0	0.0	0.0	0.0	0.0	0.0	0.0	0.0	0.0	0.0	0.0	0.0	0.0	0.0	0.0
Graph
other	0.0	1.3961376657251346e-11	0.0	2.2039915710801494e-11	1.0948713061955728e-11	1.2856077533248517e-11	2.1876861970585633e-12	1.0495504329878433e-11	1.696273717084639e-11	6.886997026196136e-12	1.2578755942488972e-11	9.669711562420116e-12	5.398158960699001e-12	3.935536200430189e-12	6.365306638892008e-12	3.5235960996737078e-12	4.801807793899561e-12	2.3011961421915585e-12	1.3291617264042426e-12	2.56942385179237e-12	4.154815876406827e-13	8.090810598083309e-13	3.952163852164723e-12	1.1620504698712303e-12	7.616287315254062e-13	7.510152701253097e-13	0.0	0.0	1.83130695424511e-12	7.305149876704477e-13
C60
other	0.0	0.0	5.594774857126458e-12	4.007257401963909e-12	0.0	0.0	2.1876861970585633e-12	0.0	3.3925474341692784e-12	7.652218917995707e-12	1.3976395491654416e-12	6.446474374946745e-13	1.7993863202330005e-12	5.622194572043128e-12	1.0608844398153346e-12	0.0	1.4405423381698686e-12	0.0	0.0	0.0	0.0	4.0454052990416545e-13	0.0	0.0	0.0	0.0	0.0	0.0	0.0	0.0
