dphi = 0.05235987755982988	first column is a mass, last row consists of all other masses	mass / surface of the sphere ring	scaled mass sums in consecutive angle intervals, last interval most often smaller (ends at pi/2)
Top
24.022	0.0	1.8615168876335124e-11	5.594774857126458e-12	8.014514803927817e-12	1.5641018659936755e-11	7.713646519949112e-12	1.0938430985292816e-11	3.816547029046703e-12	5.088821151253918e-12	6.121775134396566e-12	2.7952790983308833e-12	6.446474374946744e-12	9.596727041242667e-12	5.6221945720431275e-12	1.0608844398153346e-12	2.013483485527833e-12	1.9207231175598247e-12	1.8409569137532466e-12	1.7722156352056566e-12	1.7129492345282463e-12	8.309631752813654e-13	0.0	1.5808655408658894e-12	0.0	0.0	0.0	0.0	0.0	0.0	0.0
36.033	4.184586280877873e-11	0.0	0.0	0.0	0.0	0.0	0.0	0.0	2.544410575626959e-12	0.0	0.0	0.0	0.0	1.6866583716129384e-12	0.0	0.0	0.0	0.0	0.0	0.0	0.0	0.0	0.0	0.0	0.0	0.0	0.0	0.0	0.0	0.0
2212197.991	0.0	0.0	0.0	0.0	0.0	0.0	0.0	0.0	1.5621069474294617e-07	0.0	0.0	0.0	0.0	0.0	0.0	0.0	0.0	0.0	0.0	0.0	0.0	0.0	0.0	0.0	0.0	0.0	0.0	0.0	0.0	0.0
other	0.0	0.0	1.3986937142816144e-11	2.0036287009819543e-12	4.692305597981027e-12	3.856823259974556e-12	2.1876861970585633e-12	9.541367572616757e-12	4.2406842927115974e-12	5.356553242596994e-12	2.0964593237481625e-12	3.223237187473372e-12	3.5987726404660002e-12	1.6866583716129384e-12	5.304422199076673e-13	5.033708713819583e-13	1.4405423381698686e-12	9.204784568766233e-13	1.3291617264042426e-12	4.2823730863206157e-13	4.154815876406827e-13	1.2136215897124964e-12	7.904327704329447e-13	3.873501566237434e-13	0.0	0.0	0.0	3.682830416899266e-13	0.0	0.0
Bottom
other	0.0	0.0	0.0	0.0	0.0	0.0	0.0	0.0	0.0	0.0	0.0	0.0	0.0	0.0	0.0	0.0	0.0	0.0	0.0	0.0	0.0	0.0	0.0	0.0	0.0	0.0	0.0	0.0	0.0	0.0
Graph
other	4.184586280877873e-11	9.307584438167562e-12	1.3986937142816144e-11	6.010886102945863e-12	6.256407463974702e-12	8.999254273273963e-12	7.656901689704972e-12	1.0495504329878433e-11	1.562174798378145e-07	6.121775134396565e-12	4.891738422079046e-12	7.091121812441419e-12	7.1975452809320004e-12	6.18441402924744e-12	1.5913266597230021e-12	5.033708713819583e-13	2.4009038969497806e-12	2.7614353706298705e-12	2.2152695440070707e-12	1.7129492345282463e-12	1.2464447629220483e-12	1.2136215897124964e-12	2.3712983112988344e-12	3.873501566237434e-13	0.0	0.0	0.0	3.682830416899266e-13	0.0	0.0
C60
other	0.0	9.307584438167562e-12	5.594774857126458e-12	4.007257401963909e-12	1.4076916793943079e-11	2.5712155066497036e-12	5.469215492646408e-12	2.862410271785028e-12	5.088821151253918e-12	5.356553242596996e-12	0.0	2.578589749978698e-12	5.997954400776667e-12	2.811097286021564e-12	0.0	2.013483485527833e-12	9.603615587799124e-13	0.0	8.861078176028283e-13	4.2823730863206157e-13	0.0	0.0	0.0	0.0	0.0	0.0	0.0	0.0	0.0	0.0
