dphi = 0.05235987755982988	first column is a mass, last row consists of all other masses	mass / surface of the sphere ring	scaled mass sums in consecutive angle intervals, last interval most often smaller (ends at pi/2)
Top
24.022	0.0	0.0	5.594774857126458e-12	1.2021772205891726e-11	0.0	2.5712155066497036e-12	4.3753723941171266e-12	1.9082735145233515e-12	6.785094868338557e-12	0.0	6.988197745827207e-12	5.157179499957396e-12	1.1995908801553335e-12	2.248877828817251e-12	0.0	1.0067417427639165e-12	9.603615587799124e-13	0.0	8.861078176028283e-13	1.7129492345282463e-12	0.0	0.0	7.904327704329447e-13	0.0	0.0	0.0	0.0	0.0	0.0	7.305149876704477e-13
36.033	0.0	0.0	0.0	0.0	0.0	0.0	3.2815292955878453e-12	0.0	0.0	0.0	0.0	0.0	0.0	0.0	0.0	0.0	1.4405423381698686e-12	0.0	0.0	0.0	0.0	0.0	0.0	0.0	0.0	0.0	0.0	0.0	0.0	0.0
other	0.0	0.0	2.797387428563229e-12	6.010886102945863e-12	6.256407463974702e-12	1.2856077533248518e-12	2.1876861970585633e-12	2.862410271785028e-12	2.544410575626959e-12	4.591331350797424e-12	2.7952790983308833e-12	3.223237187473372e-12	1.7993863202330005e-12	1.1244389144086255e-12	1.5913266597230021e-12	1.510112614145875e-12	1.4405423381698686e-12	1.8409569137532466e-12	8.861078176028283e-13	4.2823730863206157e-13	0.0	8.090810598083309e-13	3.9521638521647234e-13	0.0	3.808143657627031e-13	3.7550763506265485e-13	0.0	0.0	0.0	0.0
Bottom
other	0.0	0.0	0.0	0.0	0.0	0.0	0.0	0.0	0.0	0.0	0.0	0.0	0.0	0.0	0.0	0.0	0.0	0.0	0.0	0.0	0.0	0.0	0.0	0.0	0.0	0.0	0.0	0.0	0.0	0.0
Graph
other	0.0	0.0	8.392162285689687e-12	1.402540090687368e-11	3.128203731987351e-12	0.0	5.469215492646409e-12	2.862410271785028e-12	1.6962737170846392e-12	2.2956656753987123e-12	1.3976395491654416e-12	1.9339423124840237e-12	2.9989772003883336e-12	1.6866583716129384e-12	5.304422199076673e-13	1.0067417427639165e-12	1.9207231175598247e-12	9.204784568766233e-13	1.7722156352056566e-12	1.284711925896185e-12	0.0	8.090810598083309e-13	1.1856491556494172e-12	0.0	3.808143657627031e-13	0.0	0.0	0.0	0.0	7.305149876704477e-13
C60
other	0.0	0.0	0.0	4.007257401963909e-12	3.128203731987351e-12	3.856823259974556e-12	4.3753723941171266e-12	1.9082735145233515e-12	7.633231726880875e-12	2.2956656753987123e-12	8.385837294992648e-12	6.446474374946744e-12	0.0	1.6866583716129384e-12	1.0608844398153346e-12	1.510112614145875e-12	1.9207231175598247e-12	9.204784568766233e-13	0.0	8.564746172641231e-13	0.0	0.0	0.0	0.0	0.0	3.7550763506265485e-13	0.0	0.0	0.0	0.0
