dphi = 0.05235987755982988	first column is a mass, last row consists of all other masses	mass / surface of the sphere ring	scaled mass sums in consecutive angle intervals, last interval most often smaller (ends at pi/2)
Top
24.022	0.0	1.8615168876335124e-11	1.1189549714252916e-11	3.606531661767517e-11	1.8769222391924104e-11	2.0569724053197625e-11	6.563058591175691e-12	7.633094058093406e-12	3.3925474341692784e-12	1.3773994052392271e-11	8.385837294992648e-12	9.025064124925442e-12	4.798363520621334e-12	5.6221945720431275e-12	5.304422199076673e-12	4.026966971055666e-12	2.8810846763397373e-12	9.204784568766233e-13	4.430539088014141e-12	1.7129492345282463e-12	0.0	0.0	0.0	7.747003132474868e-13	1.5232574630508125e-12	7.510152701253097e-13	1.485402519349624e-12	0.0	2.197568345094132e-12	1.4610299753408954e-12
36.033	0.0	0.0	0.0	1.2021772205891726e-11	0.0	0.0	0.0	0.0	0.0	0.0	0.0	0.0	0.0	0.0	0.0	0.0	0.0	0.0	0.0	0.0	1.2464447629220483e-12	0.0	0.0	0.0	1.1424430972881095e-12	0.0	0.0	0.0	0.0	0.0
48.044	0.0	0.0	1.1189549714252916e-11	0.0	6.256407463974702e-12	0.0	0.0	0.0	0.0	0.0	0.0	0.0	0.0	0.0	0.0	0.0	0.0	0.0	0.0	0.0	0.0	0.0	0.0	0.0	0.0	0.0	0.0	0.0	0.0	0.0
other	0.0	0.0	0.0	0.0	0.0	1.2856077533248518e-12	1.0938430985292816e-12	9.541367572616758e-13	1.6962737170846392e-12	2.2956656753987123e-12	6.988197745827208e-13	0.0	5.997954400776668e-13	1.1244389144086255e-12	0.0	5.033708713819583e-13	0.0	0.0	0.0	4.2823730863206157e-13	4.154815876406827e-13	0.0	0.0	0.0	3.808143657627031e-13	7.510152701253097e-13	0.0	0.0	0.0	0.0
Bottom
other	0.0	0.0	0.0	0.0	0.0	0.0	0.0	0.0	0.0	0.0	0.0	0.0	0.0	0.0	0.0	0.0	0.0	0.0	0.0	0.0	0.0	0.0	0.0	0.0	0.0	0.0	0.0	0.0	0.0	0.0
Graph
other	0.0	1.8615168876335124e-11	2.237909942850583e-11	4.80870888235669e-11	2.1897426123911456e-11	2.1855331806522477e-11	5.469215492646409e-12	8.587230815355082e-12	5.088821151253918e-12	1.3773994052392271e-11	7.687017520409927e-12	9.025064124925442e-12	2.998977200388334e-12	6.746633486451753e-12	4.2435377592613385e-12	2.5168543569097913e-12	2.8810846763397373e-12	9.204784568766233e-13	3.5444312704113133e-12	2.141186543160308e-12	1.6619263505627309e-12	0.0	0.0	7.747003132474868e-13	3.046514926101625e-12	1.5020305402506194e-12	1.485402519349624e-12	0.0	1.4650455633960878e-12	7.305149876704477e-13
C60
other	0.0	0.0	0.0	0.0	3.128203731987351e-12	0.0	2.1876861970585633e-12	0.0	0.0	2.2956656753987123e-12	1.3976395491654416e-12	0.0	2.399181760310667e-12	0.0	1.0608844398153346e-12	2.013483485527833e-12	0.0	0.0	8.861078176028283e-13	0.0	0.0	0.0	0.0	0.0	0.0	0.0	0.0	0.0	7.325227816980439e-13	7.305149876704477e-13
