dphi = 0.05235987755982988	first column is a mass, last row consists of all other masses	mass / surface of the sphere ring	scaled mass sums in consecutive angle intervals, last interval most often smaller (ends at pi/2)
Top
24.022	0.0	0.0	0.0	8.014514803927817e-12	3.128203731987351e-12	2.5712155066497036e-12	4.3753723941171266e-12	0.0	1.6962737170846392e-12	3.060887567198283e-12	4.192918647496325e-12	3.8678846249680474e-12	0.0	1.1244389144086255e-12	1.0608844398153346e-12	1.0067417427639165e-12	1.9207231175598247e-12	9.204784568766233e-13	0.0	0.0	1.6619263505627309e-12	8.090810598083309e-13	0.0	0.0	0.0	0.0	0.0	0.0	7.325227816980439e-13	0.0
48.044	0.0	0.0	0.0	0.0	0.0	0.0	0.0	0.0	0.0	0.0	0.0	0.0	0.0	0.0	0.0	2.013483485527833e-12	0.0	0.0	0.0	0.0	0.0	0.0	0.0	0.0	0.0	0.0	0.0	0.0	0.0	0.0
36.033	0.0	0.0	0.0	0.0	0.0	0.0	3.2815292955878453e-12	0.0	0.0	0.0	0.0	0.0	0.0	0.0	0.0	0.0	0.0	0.0	0.0	0.0	0.0	0.0	0.0	0.0	0.0	0.0	0.0	0.0	0.0	0.0
other	0.0	0.0	0.0	1.001814350490977e-11	4.692305597981027e-12	2.5712155066497036e-12	1.0938430985292816e-12	0.0	5.088821151253917e-12	2.2956656753987123e-12	4.891738422079045e-12	1.9339423124840237e-12	4.198568080543667e-12	0.0	3.713095539353671e-12	2.013483485527833e-12	4.801807793899562e-13	4.602392284383116e-13	8.861078176028283e-13	4.2823730863206157e-13	1.6619263505627309e-12	4.0454052990416545e-13	0.0	0.0	0.0	0.0	0.0	0.0	3.6626139084902195e-13	0.0
Bottom
other	0.0	0.0	0.0	0.0	0.0	0.0	0.0	0.0	0.0	0.0	0.0	0.0	0.0	0.0	0.0	0.0	0.0	0.0	0.0	0.0	0.0	0.0	0.0	0.0	0.0	0.0	0.0	0.0	0.0	0.0
Graph
other	0.0	0.0	0.0	8.014514803927817e-12	1.5641018659936755e-12	3.856823259974556e-12	2.1876861970585633e-12	0.0	5.088821151253918e-12	1.5304437835991415e-12	3.494098872913604e-12	6.446474374946745e-13	2.399181760310667e-12	1.1244389144086255e-12	2.1217688796306693e-12	3.020225228291749e-12	4.801807793899562e-13	1.3807176853149352e-12	4.4305390880141416e-13	4.2823730863206157e-13	8.309631752813654e-13	0.0	0.0	0.0	0.0	0.0	0.0	0.0	1.098784172547066e-12	0.0
C60
other	0.0	0.0	0.0	1.001814350490977e-11	6.256407463974702e-12	1.2856077533248518e-12	6.563058591175691e-12	0.0	1.6962737170846392e-12	3.826109458997854e-12	5.5905581966617666e-12	5.157179499957396e-12	1.7993863202330005e-12	0.0	2.652211099538337e-12	2.013483485527833e-12	1.9207231175598247e-12	0.0	4.4305390880141416e-13	0.0	2.4928895258440966e-12	1.2136215897124964e-12	0.0	0.0	0.0	0.0	0.0	0.0	0.0	0.0
