dphi = 0.05235987755982988	first column is a mass, last row consists of all other masses	mass / surface of the sphere ring	scaled mass sums in consecutive angle intervals, last interval most often smaller (ends at pi/2)
Top
24.022	2.7897241872519153e-11	9.307584438167562e-12	1.6784324571379374e-11	1.6029029607855635e-11	9.384611195962053e-12	7.713646519949112e-12	6.563058591175691e-12	9.541367572616757e-12	6.785094868338557e-12	6.121775134396566e-12	6.988197745827207e-12	5.157179499957396e-12	5.997954400776667e-12	3.373316743225877e-12	1.0608844398153346e-12	3.02022522829175e-12	0.0	1.8409569137532466e-12	0.0	8.564746172641231e-13	8.309631752813654e-13	1.6181621196166618e-12	0.0	0.0	0.0	1.5020305402506194e-12	0.0	0.0	0.0	7.305149876704477e-13
36.033	0.0	0.0	0.0	0.0	0.0	3.856823259974556e-12	3.2815292955878453e-12	5.724820543570056e-12	2.544410575626959e-12	0.0	0.0	0.0	0.0	0.0	1.5913266597230021e-12	0.0	0.0	0.0	0.0	0.0	0.0	0.0	0.0	0.0	0.0	0.0	0.0	0.0	0.0	0.0
2212053.859	0.0	0.0	0.0	0.0	0.0	0.0	0.0	0.0	0.0	0.0	0.0	0.0	0.0	0.0	0.0	0.0	0.0	0.0	0.0	0.0	0.0	7.450382485180733e-08	0.0	0.0	0.0	0.0	0.0	0.0	0.0	0.0
48.044	0.0	0.0	0.0	0.0	0.0	0.0	0.0	0.0	0.0	3.060887567198283e-12	0.0	0.0	0.0	0.0	0.0	0.0	0.0	0.0	0.0	0.0	0.0	0.0	0.0	0.0	0.0	0.0	0.0	0.0	0.0	0.0
other	0.0	9.307584438167562e-12	2.797387428563229e-12	4.007257401963909e-12	7.820509329968377e-12	6.4280387666242586e-12	7.65690168970497e-12	4.770683786308379e-12	5.9369580097962364e-12	5.356553242596994e-12	4.192918647496324e-12	1.289294874989349e-12	1.7993863202330005e-12	1.6866583716129384e-12	1.0608844398153346e-12	1.0067417427639165e-12	9.603615587799124e-13	4.602392284383116e-13	0.0	4.2823730863206157e-13	8.309631752813654e-13	0.0	0.0	0.0	0.0	0.0	0.0	0.0	0.0	0.0
Bottom
other	0.0	0.0	0.0	0.0	0.0	0.0	0.0	0.0	0.0	0.0	0.0	0.0	0.0	0.0	0.0	0.0	0.0	0.0	0.0	0.0	0.0	0.0	0.0	0.0	0.0	0.0	0.0	0.0	0.0	0.0
Graph
other	2.7897241872519153e-11	1.3961376657251346e-11	1.6784324571379374e-11	1.803265830883759e-11	7.820509329968377e-12	1.1570469779923666e-11	6.563058591175691e-12	7.633094058093406e-12	1.2722052878134792e-11	9.947884593394419e-12	9.78347684415809e-12	4.512532062462722e-12	5.997954400776667e-12	3.373316743225877e-12	1.0608844398153346e-12	4.026966971055666e-12	4.801807793899562e-13	2.3011961421915585e-12	0.0	1.284711925896185e-12	8.309631752813654e-13	7.450544301392694e-08	0.0	0.0	0.0	1.5020305402506194e-12	0.0	0.0	0.0	7.305149876704477e-13
C60
other	0.0	4.653792219083781e-12	2.797387428563229e-12	2.0036287009819543e-12	9.384611195962053e-12	6.428038766624259e-12	1.0938430985292816e-11	1.2403777844401784e-11	2.544410575626959e-12	4.591331350797425e-12	1.3976395491654416e-12	1.9339423124840237e-12	1.7993863202330005e-12	1.6866583716129384e-12	2.6522110995383366e-12	0.0	4.801807793899562e-13	0.0	0.0	0.0	8.309631752813654e-13	0.0	0.0	0.0	0.0	0.0	0.0	0.0	0.0	0.0
