dphi = 0.05235987755982988	first column is a mass, last row consists of all other masses	mass / surface of the sphere ring	scaled mass sums in consecutive angle intervals, last interval most often smaller (ends at pi/2)
Top
24.022	5.5794483745038306e-11	2.792275331450269e-11	1.1189549714252916e-11	2.8050801813747357e-11	1.8769222391924104e-11	1.2856077533248517e-11	1.7501489576468503e-11	1.1449641087140108e-11	1.1873916019592473e-11	1.224355026879313e-11	6.988197745827207e-12	6.446474374946744e-12	8.397136161087334e-12	3.373316743225877e-12	5.304422199076673e-12	6.040450456583498e-12	2.8810846763397373e-12	1.8409569137532466e-12	8.861078176028283e-13	8.564746172641231e-13	0.0	8.090810598083309e-13	0.0	0.0	0.0	0.0	0.0	0.0	2.197568345094132e-12	0.0
36.033	0.0	1.3961376657251346e-11	0.0	0.0	4.692305597981027e-12	0.0	0.0	0.0	0.0	2.2956656753987123e-12	4.192918647496325e-12	0.0	0.0	0.0	0.0	1.510112614145875e-12	0.0	1.3807176853149352e-12	0.0	0.0	0.0	0.0	0.0	1.1620504698712303e-12	0.0	0.0	0.0	0.0	0.0	0.0
3318423.102	0.0	0.0	0.0	0.0	0.0	0.0	0.0	0.0	2.3432494755116473e-07	0.0	0.0	0.0	0.0	0.0	0.0	0.0	0.0	0.0	0.0	0.0	0.0	0.0	0.0	0.0	0.0	0.0	0.0	0.0	0.0	0.0
other	0.0	4.653792219083781e-12	2.797387428563229e-12	0.0	4.692305597981027e-12	5.142431013299407e-12	2.1876861970585633e-12	1.9082735145233515e-12	1.6962737170846392e-12	1.5304437835991415e-12	4.891738422079045e-12	1.9339423124840237e-12	1.1995908801553335e-12	5.622194572043128e-13	1.0608844398153346e-12	1.510112614145875e-12	4.801807793899562e-13	9.204784568766233e-13	4.4305390880141416e-13	4.2823730863206157e-13	0.0	4.0454052990416545e-13	0.0	0.0	0.0	3.7550763506265485e-13	0.0	0.0	0.0	0.0
Bottom
other	0.0	0.0	0.0	0.0	0.0	0.0	0.0	0.0	0.0	0.0	0.0	0.0	0.0	0.0	0.0	0.0	0.0	0.0	0.0	0.0	0.0	0.0	0.0	0.0	0.0	0.0	0.0	0.0	0.0	0.0
Graph
other	0.0	2.3268961095418905e-11	8.392162285689687e-12	2.8050801813747357e-11	2.8153833587886154e-11	1.2856077533248517e-11	1.0938430985292816e-11	8.587230815355082e-12	2.343351251934672e-07	1.147832837699356e-11	1.3976395491654413e-11	7.091121812441419e-12	9.596727041242667e-12	2.248877828817251e-12	5.304422199076673e-12	8.557304813493289e-12	3.3612654557296936e-12	3.221674599068182e-12	1.3291617264042426e-12	4.2823730863206157e-13	0.0	4.0454052990416545e-13	0.0	1.1620504698712303e-12	0.0	3.7550763506265485e-13	0.0	0.0	2.197568345094132e-12	0.0
C60
other	5.5794483745038306e-11	2.3268961095418908e-11	5.594774857126458e-12	0.0	0.0	5.142431013299407e-12	8.750744788234253e-12	4.7706837863083795e-12	3.3925474341692784e-12	4.591331350797425e-12	2.0964593237481625e-12	1.289294874989349e-12	0.0	1.6866583716129384e-12	1.0608844398153346e-12	5.033708713819583e-13	0.0	9.204784568766233e-13	0.0	8.564746172641231e-13	0.0	8.090810598083309e-13	0.0	0.0	0.0	0.0	0.0	0.0	0.0	0.0
