id	name	mass [g/mol]	latitude [rad]	longitude [rad]
Top
8156	C184168	2212041.8479966475	0.8206619682532192	0.9501741371149282
8157	C	12.011	0.4455687452201984	-2.3242186451617095
8158	C2	24.022	0.4379902868825885	-0.27528703006858857
8159	C3	36.033	0.38373114567787825	-1.3854637544897779
8160	C2	24.022	0.5880996269652166	-2.1750819296337913
8161	C	12.011	0.8608255802870421	-2.9698066765125155
8162	C2	24.022	0.5779654242705006	-0.9147314040439761
8163	C2	24.022	0.6195129334594529	0.347570369371087
8164	C	12.011	0.5646013233295029	-0.7226443898488181
8165	C2	24.022	0.3586767199131781	-2.23967780513503
8166	C2	24.022	1.0804719876606785	-2.0514486304412065
8167	C2	24.022	0.5952091390830188	-1.9614076265278986
8168	C2	24.022	0.4732361263368965	-2.0407654786467204
8169	C2	24.022	0.8986009145755006	-3.1336047144203167
8170	C	12.011	0.23990108640771743	-0.5782769763204559
8171	C2	24.022	1.0222593825906414	-2.921422868522167
8172	C	12.011	0.4381240700405237	-0.621696734974175
8173	C2	24.022	0.32441194427860803	-2.918500663005734
8174	C2	24.022	0.8285264812425626	-0.8335043326748509
8175	C	12.011	0.9607767812668762	-1.901171750453254
8176	C	12.011	0.6706493371159955	-0.5989779047476606
8177	C2	24.022	1.3375098460423702	-0.8740992591297534
8178	C2	24.022	0.4877384370492808	-2.7452409245009517
8179	C	12.011	1.220883813105947	-2.86644861740487
8180	C2	24.022	0.7079174750702483	-2.1954661470278105
8181	C	12.011	0.2822664476443964	0.18162407403197436
8182	C	12.011	0.7680224485140743	-2.061580607863886
8183	C2	24.022	0.8569388930408031	-0.7887816302509927
8184	C	12.011	0.33939959075166337	-0.23404405903999703
8185	C	12.011	0.6035867386537335	-0.38868979003992105
8186	C	12.011	0.6219960900989828	0.2754417455605646
8187	C2	24.022	0.8939716307133618	-0.5268011283154197
8188	C2	24.022	0.3286809054344284	-0.8129977908368927
8189	C	12.011	0.11940364650626926	2.5897680321059875
8190	C	12.011	0.46326264840515197	2.182858101261946
8191	C3	36.033	0.2286536905060568	1.7245170163532262
8192	C	12.011	0.10904043547476233	2.4502814629566574
8193	C	12.011	0.08532849275311506	-2.3426211938319073
8194	C2	24.022	0.7480875042345789	1.565078756691338
8196	C	12.011	0.5291510136656015	-3.1409285809470937
8197	C2	24.022	0.6782789067726132	1.840099228850129
8198	C2	24.022	0.314319317036358	0.535893971865909
8199	C2	24.022	0.3629479757459615	-0.11271450595669792
8200	C2	24.022	0.8022372621279841	0.01945577112855326
8201	C2	24.022	1.035926172608222	0.21778115807052756
8202	C3	36.033	0.7190138566443189	1.4134026684488474
8203	C	12.011	0.7367521515488251	-0.5326671137430377
8204	C2	24.022	0.8347102840042298	-2.377557407732135
8205	C	12.011	1.0006190138056235	1.3005743643291532
8206	C2	24.022	0.9711714683984114	-0.601791061188912
8207	C	12.011	0.46461809965859674	-1.6346707071509263
8208	C	12.011	0.7212491216678428	0.7101471894284073
8209	C2	24.022	0.614429431061761	1.8018326769166768
8210	C	12.011	0.20993256462491336	1.2113149021388043
8211	C2	24.022	1.1171881906484822	1.9351191059946944
8212	C2	24.022	0.4441933814429578	2.0964963756624386
8213	C2	24.022	0.13829913422242004	-2.140172140481155
8214	C	12.011	0.5244145077443104	0.3729429011654591
8215	C2	24.022	0.6816888915574024	0.6598037441520744
8216	C2	24.022	0.5486782130925398	-2.2179182173510723
8217	C	12.011	0.3419100753344767	-0.0675180902492769
8218	C2	24.022	0.20797467046814155	-0.1513564889559724
8219	C	12.011	0.32086027806225453	-0.5289861685700431
8220	C2	24.022	0.7978344197068875	0.6796877794522151
8221	C2	24.022	0.40548374439367657	1.4808622358995882
8222	C	12.011	0.28954386513124897	1.7720980232666996
8223	C	12.011	0.24010197815023193	1.5413144796775555
8224	C	12.011	0.4041216692696652	1.2723877357538476
8226	C2	24.022	0.33558742477798015	-1.3866525586544685
8227	C	12.011	0.42808415022185475	0.967095396187217
8228	C	12.011	0.8864211721616505	-0.12360009259991825
8229	C2	24.022	0.18537157032999596	-2.9706135628992834
8230	C2	24.022	0.5238498509757825	-0.37102270475362154
8231	C2	24.022	1.1130320922044354	-2.5452417010456903
8232	C2	24.022	0.7719134035292873	-0.7951763653002363
8233	C	12.011	0.9639021613317859	2.6546971132927024
8234	C2	24.022	0.6618593442764416	2.059808226423121
8235	C	12.011	0.36595726477554696	-2.616408679156034
8236	C2	24.022	0.2800620378693949	0.5123727973772818
8237	C	12.011	0.6222403617359435	0.7752687198257318
8240	C2	24.022	0.14295368302989725	-0.7214892551118022
8241	C2	24.022	0.37155352999717733	-2.956288981175228
8242	C2	24.022	0.17988353745602514	1.784109954714846
8243	C2	24.022	0.4221396165254501	-2.344608365347821
8244	C	12.011	0.7493588964362331	2.6477389207501187
8245	C	12.011	0.3307224512865425	2.8973406195172227
8246	C	12.011	0.36909154598286104	-0.5022538655306997
8247	C	12.011	0.4508540258923024	-1.7219629545675184
8248	C	12.011	0.7958276484718566	0.13393021237247474
8249	C	12.011	0.38648564283756826	-1.397718890631892
8250	C	12.011	0.8802817905238733	2.022889550081456
8251	C	12.011	0.511387814083801	0.8780436543928115
8252	C2	24.022	0.6812758315504177	0.1771061419872493
8253	C2	24.022	0.6593218658652571	2.9895729338569144
8254	C	12.011	0.24450386796436493	-0.7027013902720672
8255	C	12.011	0.5485494417224909	1.9467916995831767
8256	C	12.011	0.33033162599227234	2.9911435185948068
8257	C	12.011	0.24958351825854533	-2.141171663917315
8258	C2	24.022	0.15695517091024563	-0.4314437332253381
8259	C	12.011	0.29702912349783195	-1.1464402227625767
8260	C3	36.033	0.9126341113551729	-0.3341274020453854
8261	C2	24.022	0.48154412712192074	-2.3748859182366857
8262	C	12.011	0.3464145009157806	0.9813711076858219
8263	C2	24.022	0.5261232479201637	1.8291894896084526
8264	C	12.011	0.4974906815830436	1.790303992316952
8265	C	12.011	0.4424023652859078	2.5196277511888625
8266	C2	24.022	0.7636063993639395	0.03512340957537585
8267	C2	24.022	0.32819429358306057	-0.29894098990673845
8268	C	12.011	0.6408337066138853	0.5560893259666881
8269	C	12.011	0.3441165236255974	1.7242371631353137
8270	C	12.011	0.3266219578124001	2.163117329981183
8271	C	12.011	0.705438818016707	2.4465097038315315
8272	C2	24.022	0.6908004880975582	2.0112389214661666
8273	C	12.011	0.36351415794425296	1.1465678971314384
8274	C2	24.022	0.3818498572430381	0.39396121447228305
8275	C	12.011	0.585190846368729	1.810460404985311
8276	C2	24.022	0.659443947371412	1.4722237643745597
8277	C2	24.022	0.41633210398823955	1.6812865947792626
8278	C	12.011	0.6631436047838224	2.071735340315601
8279	C2	24.022	0.23483014544728717	-0.15599635722661703
8280	C	12.011	0.1836112904057449	1.3156398522543904
8281	C	12.011	1.0342315848722918	-0.5058382569195123
8282	C	12.011	0.33412007373709324	1.9385990708029974
8283	C	12.011	0.13970330270750378	0.03922875885922695
8284	C	12.011	0.4270580669174137	-2.171783236310657
8285	C	12.011	0.6067617200446047	-1.884349826414002
8286	C	12.011	1.074428366159576	-3.0140836588488185
8287	C	12.011	0.9195749280997411	2.455323116859907
8288	C	12.011	0.07738494275954196	-0.5907022096023242
8289	C	12.011	0.09078281551061025	-3.112601038018032
8290	C	12.011	1.1479965136868675	-1.6174597775479103
8291	C	12.011	0.10226823446154473	-2.202034182471057
8292	C	12.011	0.43518563278180583	-0.9875965091017892
8293	C2	24.022	0.2570771554458719	-1.677886189662201
8294	C	12.011	0.22000722151072893	2.946734824847835
8295	C	12.011	0.7472776440509681	2.6387334216843756
8296	C	12.011	0.2098325873309651	2.9955400492962942
8297	C2	24.022	0.7045126043781585	0.6661420191391372
8298	C	12.011	0.7021862295541084	0.6697060006411849
8299	C	12.011	0.31045097936357424	2.87989835297944
8300	C	12.011	0.2540772889662428	0.8385165053141012
8301	C	12.011	0.3572527683022302	-1.0598369935491863
Bottom
