dphi = 0.05235987755982988	first column is a mass, last row consists of all other masses	mass / surface of the sphere ring	scaled mass sums in consecutive angle intervals, last interval most often smaller (ends at pi/2)
Top
24.022	0.0	0.0	0.0	0.0	3.128203731987351e-12	0.0	0.0	1.9082735145233515e-12	0.0	0.0	0.0	0.0	1.1995908801553335e-12	0.0	0.0	0.0	0.0	0.0	0.0	0.0	8.309631752813654e-13	0.0	1.5808655408658894e-12	0.0	0.0	0.0	0.0	0.0	0.0	0.0
48.044	0.0	0.0	0.0	0.0	0.0	0.0	0.0	0.0	0.0	0.0	0.0	2.578589749978698e-12	0.0	0.0	0.0	0.0	0.0	0.0	0.0	0.0	0.0	0.0	0.0	0.0	0.0	0.0	0.0	0.0	0.0	0.0
36.033	0.0	0.0	0.0	0.0	0.0	0.0	0.0	0.0	0.0	0.0	0.0	0.0	0.0	0.0	0.0	0.0	0.0	0.0	0.0	0.0	0.0	1.2136215897124964e-12	0.0	0.0	0.0	0.0	0.0	0.0	0.0	0.0
other	0.0	0.0	0.0	0.0	0.0	0.0	0.0	0.0	0.0	7.652218917995707e-13	0.0	0.0	0.0	0.0	0.0	0.0	0.0	0.0	0.0	0.0	0.0	0.0	0.0	0.0	0.0	0.0	0.0	0.0	3.6626139084902195e-13	0.0
Bottom
other	0.0	0.0	0.0	0.0	0.0	0.0	0.0	0.0	0.0	0.0	0.0	0.0	0.0	0.0	0.0	0.0	0.0	0.0	0.0	0.0	0.0	0.0	0.0	0.0	0.0	0.0	0.0	0.0	0.0	0.0
Graph
other	0.0	0.0	0.0	0.0	3.128203731987351e-12	0.0	0.0	1.9082735145233515e-12	0.0	7.652218917995707e-13	0.0	2.578589749978698e-12	1.1995908801553335e-12	0.0	0.0	0.0	0.0	0.0	0.0	0.0	8.309631752813654e-13	1.2136215897124964e-12	1.5808655408658894e-12	0.0	0.0	0.0	0.0	0.0	0.0	0.0
C60
other	0.0	0.0	0.0	0.0	0.0	0.0	0.0	0.0	0.0	0.0	0.0	0.0	0.0	0.0	0.0	0.0	0.0	0.0	0.0	0.0	0.0	0.0	0.0	0.0	0.0	0.0	0.0	0.0	3.6626139084902195e-13	0.0
