dphi = 0.05235987755982988	first column is a mass, last row consists of all other masses	mass / surface of the sphere ring	scaled mass sums in consecutive angle intervals, last interval most often smaller (ends at pi/2)
Top
24.022	0.0	2.792275331450269e-11	0.0	2.003628700981954e-11	6.256407463974702e-12	1.542729303989822e-11	4.3753723941171266e-12	9.541367572616757e-12	5.088821151253918e-12	7.652218917995707e-12	9.78347684415809e-12	2.578589749978698e-12	5.997954400776667e-12	5.6221945720431275e-12	0.0	1.0067417427639165e-12	4.801807793899561e-12	9.204784568766233e-13	8.861078176028283e-13	0.0	1.6619263505627309e-12	8.090810598083309e-13	1.5808655408658894e-12	0.0	0.0	7.510152701253097e-13	0.0	0.0	0.0	0.0
36.033	0.0	0.0	0.0	0.0	0.0	0.0	3.2815292955878453e-12	2.862410271785028e-12	0.0	0.0	0.0	0.0	0.0	0.0	0.0	0.0	0.0	0.0	0.0	1.284711925896185e-12	0.0	0.0	0.0	0.0	0.0	0.0	0.0	0.0	0.0	0.0
other	1.3948620936259577e-11	0.0	8.392162285689687e-12	4.007257401963909e-12	0.0	6.4280387666242586e-12	3.2815292955878453e-12	4.770683786308379e-12	6.785094868338556e-12	6.8869970261961354e-12	1.3976395491654416e-12	2.578589749978698e-12	4.798363520621333e-12	1.6866583716129384e-12	2.6522110995383366e-12	3.020225228291749e-12	4.801807793899562e-13	1.3807176853149352e-12	8.861078176028283e-13	8.564746172641231e-13	8.309631752813654e-13	4.0454052990416545e-13	3.9521638521647234e-13	3.873501566237434e-13	7.616287315254062e-13	0.0	0.0	0.0	0.0	0.0
Bottom
other	0.0	0.0	0.0	0.0	0.0	0.0	0.0	0.0	0.0	0.0	0.0	0.0	0.0	0.0	0.0	0.0	0.0	0.0	0.0	0.0	0.0	0.0	0.0	0.0	0.0	0.0	0.0	0.0	0.0	0.0
Graph
other	0.0	9.307584438167562e-12	2.797387428563229e-12	1.402540090687368e-11	0.0	1.1570469779923666e-11	1.0938430985292816e-11	1.6220324873448488e-11	5.936958009796237e-12	1.224355026879313e-11	4.891738422079046e-12	5.157179499957396e-12	7.797340721009667e-12	4.497755657634502e-12	2.1217688796306693e-12	2.5168543569097913e-12	1.9207231175598247e-12	1.3807176853149352e-12	1.7722156352056566e-12	2.1411865431603078e-12	8.309631752813654e-13	4.0454052990416545e-13	1.976081926082362e-12	3.873501566237434e-13	7.616287315254062e-13	7.510152701253097e-13	0.0	0.0	0.0	0.0
C60
other	1.3948620936259577e-11	1.8615168876335124e-11	5.594774857126458e-12	1.0018143504909772e-11	6.256407463974702e-12	1.0284862026598814e-11	0.0	9.541367572616758e-13	5.936958009796237e-12	2.2956656753987123e-12	6.2893779712444866e-12	0.0	2.9989772003883336e-12	2.8110972860215638e-12	5.304422199076673e-13	1.510112614145875e-12	3.3612654557296936e-12	9.204784568766233e-13	0.0	0.0	1.6619263505627309e-12	8.090810598083309e-13	0.0	0.0	0.0	0.0	0.0	0.0	0.0	0.0
