dphi = 0.05235987755982988	first column is a mass, last row consists of all other masses	mass / surface of the sphere ring	scaled mass sums in consecutive angle intervals, last interval most often smaller (ends at pi/2)
Top
24.022	0.0	9.307584438167562e-12	1.1189549714252916e-11	0.0	6.256407463974702e-12	1.0284862026598814e-11	1.3126117182351378e-11	7.633094058093406e-12	6.785094868338557e-12	4.591331350797425e-12	6.988197745827207e-12	3.8678846249680474e-12	5.997954400776667e-12	3.373316743225877e-12	4.2435377592613385e-12	0.0	1.9207231175598247e-12	9.204784568766233e-13	1.7722156352056566e-12	1.7129492345282463e-12	0.0	8.090810598083309e-13	7.904327704329447e-13	0.0	7.616287315254062e-13	0.0	0.0	7.365660833798532e-13	7.325227816980439e-13	0.0
36.033	0.0	0.0	0.0	0.0	0.0	0.0	0.0	0.0	0.0	0.0	4.192918647496325e-12	0.0	3.598772640466001e-12	0.0	1.5913266597230021e-12	0.0	0.0	2.7614353706298705e-12	0.0	0.0	0.0	0.0	0.0	0.0	0.0	0.0	0.0	0.0	0.0	0.0
2212222.013	0.0	0.0	0.0	0.0	0.0	0.0	0.0	0.0	0.0	0.0	0.0	0.0	0.0	0.0	0.0	0.0	0.0	0.0	0.0	0.0	0.0	0.0	7.279213947821518e-08	0.0	0.0	0.0	0.0	0.0	0.0	0.0
other	1.3948620936259577e-11	0.0	5.594774857126458e-12	6.010886102945863e-12	3.128203731987351e-12	1.0284862026598813e-11	3.2815292955878453e-12	3.816547029046703e-12	3.3925474341692784e-12	6.8869970261961354e-12	2.7952790983308833e-12	1.9339423124840237e-12	2.399181760310667e-12	2.8110972860215638e-12	1.5913266597230021e-12	5.033708713819583e-13	9.603615587799124e-13	9.204784568766233e-13	4.4305390880141416e-13	4.2823730863206157e-13	4.154815876406827e-13	0.0	0.0	0.0	0.0	0.0	0.0	0.0	0.0	0.0
Bottom
other	0.0	0.0	0.0	0.0	0.0	0.0	0.0	0.0	0.0	0.0	0.0	0.0	0.0	0.0	0.0	0.0	0.0	0.0	0.0	0.0	0.0	0.0	0.0	0.0	0.0	0.0	0.0	0.0	0.0	0.0
Graph
other	1.3948620936259577e-11	0.0	1.6784324571379374e-11	6.010886102945863e-12	3.128203731987351e-12	1.0284862026598814e-11	1.2032274083822097e-11	5.724820543570056e-12	4.2406842927115974e-12	3.826109458997854e-12	9.783476844158091e-12	2.578589749978698e-12	8.397136161087334e-12	6.18441402924744e-12	7.426191078707342e-12	5.033708713819583e-13	2.4009038969497806e-12	3.681913827506493e-12	1.7722156352056566e-12	2.1411865431603078e-12	4.154815876406827e-13	8.090810598083309e-13	7.279292991098562e-08	0.0	7.616287315254062e-13	0.0	0.0	0.0	7.325227816980439e-13	0.0
C60
other	0.0	9.307584438167562e-12	0.0	0.0	6.256407463974702e-12	1.0284862026598813e-11	4.3753723941171266e-12	5.724820543570056e-12	5.936958009796237e-12	7.652218917995707e-12	4.192918647496325e-12	3.2232371874733726e-12	3.598772640466001e-12	0.0	0.0	0.0	4.801807793899562e-13	9.204784568766233e-13	4.4305390880141416e-13	0.0	0.0	0.0	0.0	0.0	0.0	0.0	0.0	7.365660833798532e-13	0.0	0.0
