id	name	mass [g/mol]	latitude [rad]	longitude [rad]
Top
8309	C276203	3317474.2329911618	0.29285475865604	1.8129790984394307
8310	C2	24.022	0.2543481260743484	3.11371851923843
8311	C2	24.022	0.5298054345596307	1.5338827147772902
8312	C2	24.022	0.5215178825566804	1.216592061158223
8313	C4	48.044	0.4593226438493275	1.0597080203599782
8314	C4	48.044	0.8199345841442338	0.07641978730629335
8315	C2	24.022	0.6134855974960899	1.2641567612770743
8316	C3	36.033	0.09674685793843085	-1.3521051463220668
8317	C2	24.022	0.21386177799441625	0.8246296746827172
8318	C2	24.022	0.45597565601050033	0.7226143789979055
8319	C2	24.022	0.8030981026723882	1.5208008398598793
8320	C2	24.022	0.6118408067968772	0.10988477126658029
8321	C4	48.044	0.5406456594956892	-0.7690493484021591
8322	C2	24.022	0.13322912878163362	1.08941289506575
8323	C2	24.022	0.5036910162424934	0.9253325630717356
8324	C2	24.022	0.32860780037013393	-0.5154467823099264
8325	C2	24.022	0.7360046657542694	-0.7080754655656102
8326	C2	24.022	1.2037113047957466	-2.3904123725750264
8327	C3	36.033	0.4966545944399178	-0.8191688256873095
8329	C2	24.022	0.9990379714972409	0.33079283023222456
8330	C2	24.022	0.28525542677962934	-2.5529284672651853
8331	C	12.011	0.11945115445462962	0.7581862321619844
8332	C3	36.033	0.6501142091525614	-3.126869165182492
8333	C2	24.022	0.6001198513198414	-2.3309221883586964
8334	C2	24.022	0.9578457488690925	2.6837883705266616
8335	C	12.011	0.48652135989320944	0.40067943626230773
8336	C2	24.022	1.1366171128809293	-2.850271570510438
8337	C2	24.022	0.36027597116553983	-1.0587724856996876
8338	C3	36.033	0.48427237056829464	-1.2397459203232932
8339	C3	36.033	0.04188285233409564	2.2913876063860736
8340	C2	24.022	1.0387330142485502	-3.1039025904190343
8341	C2	24.022	0.37088574724763884	-0.9210036105451767
8342	C3	36.033	0.4065216016556586	2.361865253759921
8343	C2	24.022	0.34177378225066374	1.9441615386135287
8344	C	12.011	0.2853867084536588	-2.986137362301907
8345	C	12.011	0.5143827292980379	-2.284984528832372
8346	C2	24.022	0.2964673121586676	-1.7925997966248415
8347	C2	24.022	0.15946332117030634	-1.497792262698824
8348	C3	36.033	1.0635403198688245	2.8825658434557613
8349	C	12.011	0.8880309308652993	-2.9234152612162796
8350	C2	24.022	0.6203347751972398	-1.8724438744860648
8351	C2	24.022	0.29921306925786906	2.210350832870852
8352	C3	36.033	0.11745303560096096	-1.312839321560803
8353	C2	24.022	0.547665260182491	-1.9590535103847573
8354	C2	24.022	0.6913728539250272	-0.3151479776040548
8355	C2	24.022	1.0492070369465956	0.32883607505041124
8356	C2	24.022	0.7999987400653761	-2.9460559764422865
8357	C2	24.022	0.42628698940674586	0.9497128658969339
8358	C2	24.022	0.3010920165439381	2.996851926330048
8359	C2	24.022	0.9784656463087369	0.8086305643220172
8360	C2	24.022	0.8108401836618057	-2.964860588161292
8361	C2	24.022	0.7338207690402975	2.351002597839563
8362	C5	60.05499999999999	0.07535869273164822	-2.4602521161983595
8363	C2	24.022	0.15559278754790826	-1.8504186727737593
8364	C3	36.033	0.6553082483349332	-0.8743536704827437
8365	C2	24.022	1.2803111552295738	-1.399444416171828
8366	C2	24.022	0.6814666808273745	-1.6906758102296273
8367	C2	24.022	1.5161251700090888	-0.4886399420848413
8368	C2	24.022	0.6481678017958815	-1.6802008046932015
8369	C2	24.022	1.5298549436918796	-1.3736213487020654
8370	C2	24.022	1.1404088482918562	-2.2731436861703354
8371	C	12.011	0.2541106425549942	0.823870364498173
8372	C2	24.022	0.43436306998850166	-1.1466675627232124
8373	C2	24.022	0.6444537298129902	2.7373385485495154
8374	C	12.011	1.0866676828198438	3.0738304387293174
8375	C3	36.033	0.3933447849192382	-2.5848237353362653
8376	C2	24.022	0.646117097509304	-2.6595064028674202
8377	C	12.011	0.49329741695647084	-1.0940353361398714
8378	C2	24.022	0.4361426261184574	-2.110862400331153
8379	C2	24.022	0.4389524609029444	-1.982987440210728
8380	C	12.011	0.6001979699216332	2.876296344300793
8381	C2	24.022	0.5180657300872913	-3.116182397313251
8382	C	12.011	0.20602308265496058	-1.313976708428501
8383	C2	24.022	0.20458156098618815	2.287801733369371
8384	C2	24.022	0.12500086249727552	1.065136917158572
8385	C2	24.022	0.7717082206172995	2.7329841103686343
8386	C2	24.022	0.4947936112409407	-1.6279741046454301
8387	C2	24.022	0.43973889350018003	2.203007624677563
8388	C2	24.022	0.29735044962511353	-0.2900866903891243
8389	C3	36.033	0.7887620208663643	1.7048855988606697
8390	C2	24.022	0.6730703135091052	-1.0546451782463409
8391	C2	24.022	0.436340893954108	-1.2517316267499896
8392	C2	24.022	0.6189540657214577	-0.49137656486847947
8393	C3	36.033	0.14917883993159153	-1.0296396045835114
8394	C2	24.022	1.1859471580049403	2.1621217548638696
8395	C3	36.033	0.13269904693307283	-0.934681559384138
8396	C2	24.022	0.9302274600106976	1.3737872733570844
8397	C2	24.022	0.13809305305066033	0.5965451378629983
8398	C2	24.022	1.1272266524949197	-1.6631596042526644
8399	C3	36.033	0.508288415898276	0.19994989108484706
8400	C2	24.022	0.3778640911245022	-0.2869798106486521
8401	C	12.011	0.22064663023724773	-2.189111301190651
8402	C	12.011	1.1572346915188998	0.15741446659455738
8403	C2	24.022	0.30256326377948406	0.18269443969107974
8404	C2	24.022	0.2651823681495454	2.4989821737369247
8405	C	12.011	0.08945674298916984	-0.8208495510931767
8406	C2	24.022	0.20085556485014958	0.8058002128428229
8407	C2	24.022	0.04536299979121489	2.281362257000853
8409	C2	24.022	0.03642050575814711	1.113271426744696
8410	C	12.011	0.6595565708415982	-0.5522824004856394
8411	C	12.011	0.7763862090324782	1.7641358185648608
8413	C2	24.022	1.4629166411583168	1.5221145898252193
8414	C2	24.022	0.8164951245089949	2.4163156017444942
8415	C2	24.022	0.4004164767215156	1.371413929535577
8416	C2	24.022	0.9555937711394112	-0.5276687329934414
8417	C2	24.022	0.2093413616380105	0.4490583865137114
8418	C3	36.033	0.6496788462800704	2.5745619466043443
8419	C	12.011	0.8425598002424609	1.4361530429185343
8420	C2	24.022	0.4319628236185782	2.234997921963198
8421	C2	24.022	0.6324835976175249	-2.7410918484548716
8422	C2	24.022	0.7532195945122534	-2.803124778511593
8423	C	12.011	0.38704409534116263	-0.9713879472003263
8424	C	12.011	0.11013050749731843	1.207070496707079
8425	C2	24.022	0.6456791219339646	-1.574931481806932
8426	C2	24.022	0.06271114042439496	1.5454493834914003
8427	C2	24.022	0.7025694228558506	1.3558282162293152
8428	C2	24.022	0.262783267810138	-1.7124506930798364
8429	C2	24.022	1.0377891343076426	1.1978301157672586
8430	C2	24.022	0.7419718176584394	-0.5240389226116311
8431	C2	24.022	0.47350425520100253	2.79729800917617
8432	C	12.011	0.8072477844742264	-2.2749942166272117
8433	C	12.011	0.38169913374171616	1.3519725550448995
8434	C3	36.033	0.3254511648249497	2.3892024183148504
8435	C	12.011	0.5947363230387009	3.074137351415914
8436	C	12.011	0.5777055816180037	1.9822733763232794
8437	C	12.011	0.6189535229023961	-0.3136709219882847
8438	C2	24.022	0.21590976284243854	-0.34947803252941295
8439	C2	24.022	0.7665583250231194	-0.019426615296311314
8440	C2	24.022	0.10809321932232582	2.591088617285716
8441	C2	24.022	0.36035951869628563	2.2865189278227644
8442	C2	24.022	0.811395695125183	2.1147312030602827
8443	C	12.011	0.23577580028172304	-0.004551236360786783
8444	C3	36.033	0.5543071101998066	1.4036538226974098
8445	C2	24.022	0.39017550596866457	-0.048383293239569185
8446	C2	24.022	0.5181215199913404	1.7491657404288312
8447	C2	24.022	0.6726746941972567	-2.767882718399159
8448	C2	24.022	0.7781257976498724	1.7853991206532185
8449	C2	24.022	0.5567234666262171	-0.7608391610824224
8450	C	12.011	0.33190722729714867	-1.4783130715527197
8451	C2	24.022	0.5556015952042361	1.0959111998244528
8452	C3	36.033	0.18501998726325786	0.546476886979871
8453	C	12.011	0.28373667836985317	-0.6296116382483138
8454	C2	24.022	0.4231246503189101	-1.2484190165412021
8455	C2	24.022	0.4645275899042662	0.6566416327736898
8456	C2	24.022	0.27637911757529804	-0.35821998901516694
8457	C2	24.022	0.2552651725496983	0.12163215822244022
8458	C2	24.022	0.7780559246657626	2.807242852758025
8459	C2	24.022	0.34905484698856787	0.20888674766437992
8460	C2	24.022	0.7103063150894938	0.8458298194145826
8461	C2	24.022	0.3611324660149523	0.3170502545612039
8462	C2	24.022	0.36940082442558475	-1.770497837925447
8463	C	12.011	0.45801152711232485	2.1907549424081934
8464	C2	24.022	1.3735946805816266	-0.9206112085506866
8465	C2	24.022	0.5844465826485947	-2.0668477864792476
8466	C2	24.022	0.9810810735523118	-1.4615421777989057
8467	C2	24.022	0.6423896604040112	-0.8838096696934661
8468	C3	36.033	1.455372297057085	0.4701886691435768
8469	C2	24.022	0.5696329595430838	-1.3081807744788305
8470	C2	24.022	0.9183899314767671	-1.1015918847309671
8471	C	12.011	0.20015340285104988	-0.07327083225562624
8472	C2	24.022	0.12175633076170249	-3.028704075721901
8473	C	12.011	0.5320132030390663	0.6777467981867727
8474	C	12.011	0.4907606122853258	-2.746347388905497
8475	C2	24.022	0.7872431428790118	-0.1468942940951723
8476	C2	24.022	0.3256594899489559	0.44214300262309525
8478	C	12.011	0.2653024912506101	-1.6568385111717026
8479	C	12.011	0.6068728221226054	-0.31143494915604897
8480	C	12.011	0.19026150218151291	1.2097386616858319
8481	C	12.011	0.43702460542947114	-2.49879022268203
8482	C	12.011	0.4440179190173159	-2.5127337747777903
8483	C	12.011	0.8294198568992359	3.0425382412829607
8484	C	12.011	0.48442857320747434	0.21414160794770293
8485	C	12.011	0.49448683926469283	2.9072368325001863
8486	C	12.011	0.5138743821600853	1.9673830403203163
Bottom
