dphi = 0.05235987755982988	first column is a mass, last row consists of all other masses	mass / surface of the sphere ring	scaled mass sums in consecutive angle intervals, last interval most often smaller (ends at pi/2)
Top
24.022	0.0	9.307584438167562e-12	0.0	1.2021772205891726e-11	1.5641018659936755e-11	2.5712155066497036e-12	1.3126117182351378e-11	9.541367572616757e-12	1.1873916019592473e-11	1.0713106485193988e-11	1.3976395491654416e-12	5.157179499957396e-12	2.399181760310667e-12	3.373316743225877e-12	5.304422199076673e-12	1.0067417427639165e-12	3.8414462351196495e-12	9.204784568766233e-13	3.5444312704113133e-12	8.564746172641231e-13	1.6619263505627309e-12	1.6181621196166618e-12	0.0	0.0	0.0	1.5020305402506194e-12	1.485402519349624e-12	0.0	7.325227816980439e-13	0.0
36.033	0.0	0.0	8.392162285689687e-12	0.0	0.0	0.0	0.0	0.0	2.544410575626959e-12	0.0	2.0964593237481625e-12	1.9339423124840237e-12	0.0	1.6866583716129384e-12	0.0	0.0	0.0	0.0	0.0	0.0	0.0	0.0	0.0	0.0	0.0	0.0	0.0	0.0	1.098784172547066e-12	0.0
2211777.606	0.0	0.0	0.0	0.0	0.0	0.0	0.0	0.0	0.0	0.0	0.0	0.0	0.0	0.0	0.0	0.0	0.0	0.0	0.0	0.0	0.0	0.0	0.0	0.0	0.0	0.0	0.0	0.0	6.744557007918181e-08	0.0
other	2.7897241872519153e-11	1.3961376657251346e-11	2.797387428563229e-12	2.0036287009819543e-12	3.128203731987351e-12	5.142431013299407e-12	3.2815292955878453e-12	3.816547029046703e-12	9.329505443965514e-12	2.2956656753987123e-12	3.4940988729136037e-12	2.578589749978698e-12	1.1995908801553335e-12	3.935536200430189e-12	2.1217688796306693e-12	2.5168543569097913e-12	2.881084676339737e-12	9.204784568766233e-13	8.861078176028283e-13	4.2823730863206157e-13	4.154815876406827e-13	1.6181621196166618e-12	3.9521638521647234e-13	0.0	0.0	0.0	0.0	0.0	3.6626139084902195e-13	0.0
Bottom
other	0.0	0.0	0.0	0.0	0.0	0.0	0.0	0.0	0.0	0.0	0.0	0.0	0.0	0.0	0.0	0.0	0.0	0.0	0.0	0.0	0.0	0.0	0.0	0.0	0.0	0.0	0.0	0.0	0.0	0.0
Graph
other	2.7897241872519153e-11	1.3961376657251346e-11	2.797387428563229e-12	1.0018143504909772e-11	1.0948713061955728e-11	6.4280387666242586e-12	7.656901689704972e-12	8.587230815355082e-12	1.441832659521943e-11	9.947884593394419e-12	6.2893779712444866e-12	5.157179499957396e-12	2.998977200388334e-12	6.18441402924744e-12	4.2435377592613385e-12	2.013483485527833e-12	4.801807793899561e-12	1.8409569137532466e-12	3.101377361609899e-12	1.284711925896185e-12	1.2464447629220483e-12	3.2363242392333236e-12	0.0	0.0	0.0	1.5020305402506194e-12	1.485402519349624e-12	0.0	6.744776764752691e-08	0.0
C60
other	0.0	9.307584438167562e-12	8.392162285689687e-12	4.007257401963909e-12	7.820509329968377e-12	1.2856077533248518e-12	8.750744788234253e-12	4.7706837863083795e-12	9.329505443965514e-12	3.060887567198283e-12	6.988197745827208e-13	4.512532062462722e-12	5.997954400776668e-13	2.8110972860215638e-12	3.1826533194460043e-12	1.510112614145875e-12	1.9207231175598247e-12	0.0	1.3291617264042426e-12	0.0	8.309631752813654e-13	0.0	3.9521638521647234e-13	0.0	0.0	0.0	0.0	0.0	0.0	0.0
