dphi = 0.05235987755982988	first column is a mass, last row consists of all other masses	mass / surface of the sphere ring	scaled mass sums in consecutive angle intervals, last interval most often smaller (ends at pi/2)
Top
24.022	0.0	0.0	1.6784324571379374e-11	8.014514803927817e-12	3.128203731987351e-12	7.713646519949112e-12	2.1876861970585633e-12	1.1449641087140108e-11	1.1873916019592473e-11	7.652218917995707e-12	5.5905581966617666e-12	2.578589749978698e-12	4.798363520621334e-12	5.6221945720431275e-12	2.1217688796306693e-12	1.0067417427639165e-12	1.9207231175598247e-12	0.0	8.861078176028283e-13	0.0	0.0	8.090810598083309e-13	0.0	0.0	0.0	7.510152701253097e-13	7.42701259674812e-13	0.0	0.0	7.305149876704477e-13
36.033	0.0	0.0	0.0	0.0	0.0	0.0	0.0	2.862410271785028e-12	0.0	0.0	0.0	0.0	1.7993863202330005e-12	0.0	0.0	0.0	0.0	0.0	0.0	0.0	0.0	0.0	1.1856491556494172e-12	0.0	0.0	0.0	0.0	0.0	0.0	1.0957724815056716e-12
2212306.09	0.0	0.0	0.0	0.0	0.0	0.0	0.0	0.0	0.0	0.0	0.0	0.0	0.0	0.0	0.0	0.0	0.0	0.0	0.0	0.0	0.0	0.0	0.0	7.134602534841914e-08	0.0	0.0	0.0	0.0	0.0	0.0
48.044	0.0	0.0	0.0	0.0	0.0	0.0	0.0	0.0	0.0	0.0	0.0	0.0	0.0	0.0	0.0	0.0	1.9207231175598247e-12	0.0	0.0	0.0	0.0	0.0	0.0	0.0	0.0	0.0	0.0	0.0	0.0	0.0
other	0.0	4.653792219083781e-12	1.1189549714252916e-11	4.007257401963909e-12	3.128203731987351e-12	7.71364651994911e-12	3.2815292955878453e-12	4.770683786308379e-12	8.481368585423196e-13	4.591331350797424e-12	2.7952790983308833e-12	3.223237187473372e-12	2.9989772003883336e-12	5.622194572043128e-13	2.1217688796306693e-12	2.5168543569097913e-12	3.3612654557296928e-12	9.204784568766233e-13	1.3291617264042426e-12	4.2823730863206157e-13	0.0	8.090810598083309e-13	0.0	0.0	3.808143657627031e-13	0.0	0.0	3.682830416899266e-13	3.6626139084902195e-13	0.0
Bottom
other	0.0	0.0	0.0	0.0	0.0	0.0	0.0	0.0	0.0	0.0	0.0	0.0	0.0	0.0	0.0	0.0	0.0	0.0	0.0	0.0	0.0	0.0	0.0	0.0	0.0	0.0	0.0	0.0	0.0	0.0
Graph
other	0.0	0.0	8.392162285689687e-12	6.010886102945863e-12	0.0	1.0284862026598814e-11	4.3753723941171266e-12	1.812859838797184e-11	7.633231726880875e-12	9.182662701594848e-12	3.494098872913604e-12	5.80182693745207e-12	8.397136161087334e-12	5.059975114838815e-12	2.6522110995383366e-12	2.5168543569097913e-12	2.4009038969497806e-12	9.204784568766233e-13	1.7722156352056566e-12	4.2823730863206157e-13	0.0	1.2136215897124964e-12	1.1856491556494172e-12	7.134602534841914e-08	3.808143657627031e-13	0.0	0.0	3.682830416899266e-13	0.0	1.8262874691761194e-12
C60
other	0.0	4.653792219083781e-12	1.9581711999942603e-11	6.010886102945863e-12	6.256407463974702e-12	5.142431013299407e-12	1.0938430985292816e-12	9.541367572616758e-13	5.088821151253918e-12	3.060887567198283e-12	4.891738422079046e-12	0.0	1.1995908801553335e-12	1.1244389144086255e-12	1.5913266597230021e-12	1.0067417427639165e-12	4.801807793899561e-12	0.0	4.4305390880141416e-13	0.0	0.0	4.0454052990416545e-13	0.0	0.0	0.0	7.510152701253097e-13	7.42701259674812e-13	0.0	3.6626139084902195e-13	0.0
