dphi = 0.05235987755982988	first column is a mass, last row consists of all other masses	mass / surface of the sphere ring	scaled mass sums in consecutive angle intervals, last interval most often smaller (ends at pi/2)
Top
24.022	2.7897241872519153e-11	0.0	1.6784324571379374e-11	1.2021772205891726e-11	6.256407463974702e-12	1.0284862026598814e-11	1.0938430985292816e-11	1.1449641087140108e-11	1.0177642302507834e-11	7.652218917995707e-12	4.192918647496325e-12	1.0314358999914791e-11	3.598772640466001e-12	2.248877828817251e-12	1.0608844398153346e-12	3.02022522829175e-12	2.8810846763397373e-12	3.681913827506493e-12	8.861078176028283e-13	3.4258984690564925e-12	0.0	1.6181621196166618e-12	2.3712983112988344e-12	7.747003132474868e-13	2.284886194576219e-12	0.0	1.485402519349624e-12	7.365660833798532e-13	0.0	7.305149876704477e-13
36.033	0.0	0.0	0.0	0.0	0.0	0.0	0.0	0.0	0.0	0.0	0.0	0.0	0.0	0.0	0.0	0.0	1.4405423381698686e-12	0.0	0.0	0.0	0.0	0.0	0.0	0.0	0.0	0.0	0.0	0.0	0.0	0.0
other	0.0	0.0	2.797387428563229e-12	2.0036287009819543e-12	1.5641018659936755e-12	3.856823259974556e-12	1.0938430985292816e-12	3.816547029046703e-12	8.481368585423196e-13	7.652218917995707e-13	6.988197745827208e-13	0.0	1.1995908801553335e-12	0.0	1.5913266597230021e-12	1.0067417427639165e-12	4.801807793899562e-13	0.0	4.4305390880141416e-13	0.0	0.0	0.0	3.9521638521647234e-13	0.0	3.808143657627031e-13	3.7550763506265485e-13	0.0	3.682830416899266e-13	0.0	0.0
Bottom
other	0.0	0.0	0.0	0.0	0.0	0.0	0.0	0.0	0.0	0.0	0.0	0.0	0.0	0.0	0.0	0.0	0.0	0.0	0.0	0.0	0.0	0.0	0.0	0.0	0.0	0.0	0.0	0.0	0.0	0.0
Graph
other	2.7897241872519153e-11	0.0	1.9581711999942603e-11	1.402540090687368e-11	7.820509329968377e-12	1.4141685286573368e-11	1.0938430985292816e-11	1.335791460166346e-11	6.785094868338557e-12	6.886997026196136e-12	4.192918647496325e-12	7.735769249936093e-12	4.798363520621334e-12	2.248877828817251e-12	2.6522110995383366e-12	3.5235960996737078e-12	2.400903896949781e-12	2.7614353706298705e-12	1.3291617264042426e-12	3.4258984690564925e-12	0.0	1.6181621196166618e-12	1.9760819260823615e-12	7.747003132474868e-13	2.665700560338922e-12	3.7550763506265485e-13	1.485402519349624e-12	1.1048491250697798e-12	0.0	7.305149876704477e-13
C60
other	0.0	0.0	0.0	0.0	0.0	0.0	1.0938430985292816e-12	1.9082735145233515e-12	4.240684292711598e-12	1.5304437835991415e-12	6.988197745827208e-13	2.578589749978698e-12	0.0	0.0	0.0	5.033708713819583e-13	2.400903896949781e-12	9.204784568766233e-13	0.0	0.0	0.0	0.0	7.904327704329447e-13	0.0	0.0	0.0	0.0	0.0	0.0	0.0
