dphi = 0.05235987755982988	first column is a mass, last row consists of all other masses	mass / surface of the sphere ring	scaled mass sums in consecutive angle intervals, last interval most often smaller (ends at pi/2)
Top
24.022	8.369172561755746e-11	9.307584438167562e-12	3.91634239998852e-11	4.007257401963909e-12	6.256407463974702e-12	7.713646519949112e-12	1.0938430985292816e-11	5.724820543570056e-12	5.088821151253918e-12	7.652218917995707e-12	5.5905581966617666e-12	1.289294874989349e-12	1.1995908801553335e-12	2.248877828817251e-12	2.1217688796306693e-12	5.0337087138195825e-12	9.603615587799124e-13	9.204784568766233e-13	2.6583234528084853e-12	0.0	8.309631752813654e-13	0.0	0.0	7.747003132474868e-13	7.616287315254062e-13	1.5020305402506194e-12	0.0	0.0	7.325227816980439e-13	0.0
36.033	0.0	0.0	0.0	0.0	4.692305597981027e-12	3.856823259974556e-12	6.563058591175691e-12	2.862410271785028e-12	5.088821151253918e-12	6.886997026196137e-12	4.192918647496325e-12	1.9339423124840237e-12	1.7993863202330005e-12	0.0	1.5913266597230021e-12	0.0	0.0	0.0	0.0	0.0	0.0	0.0	0.0	0.0	0.0	0.0	0.0	0.0	2.197568345094132e-12	0.0
48.044	0.0	0.0	0.0	0.0	6.256407463974702e-12	0.0	0.0	0.0	0.0	0.0	0.0	0.0	0.0	0.0	0.0	0.0	0.0	0.0	0.0	0.0	0.0	0.0	0.0	0.0	0.0	1.5020305402506194e-12	0.0	0.0	0.0	0.0
120.11	0.0	0.0	0.0	0.0	0.0	0.0	0.0	0.0	0.0	0.0	0.0	0.0	0.0	0.0	0.0	0.0	0.0	0.0	0.0	0.0	0.0	0.0	0.0	0.0	0.0	0.0	0.0	0.0	3.662613908490219e-12	0.0
other	0.0	0.0	2.797387428563229e-12	0.0	1.5641018659936755e-12	1.2856077533248518e-12	0.0	0.0	0.0	7.652218917995707e-13	0.0	0.0	0.0	5.622194572043128e-13	5.304422199076673e-13	0.0	0.0	0.0	0.0	0.0	0.0	0.0	0.0	0.0	0.0	0.0	0.0	0.0	0.0	0.0
Bottom
other	0.0	0.0	0.0	0.0	0.0	0.0	0.0	0.0	0.0	0.0	0.0	0.0	0.0	0.0	0.0	0.0	0.0	0.0	0.0	0.0	0.0	0.0	0.0	0.0	0.0	0.0	0.0	0.0	0.0	0.0
Graph
other	8.369172561755746e-11	9.307584438167562e-12	3.0771261714195514e-11	4.007257401963909e-12	1.8769222391924107e-11	1.1570469779923667e-11	1.5313803379409945e-11	6.6789573008317314e-12	7.633231726880875e-12	1.4539215944191845e-11	8.38583729499265e-12	3.2232371874733726e-12	2.998977200388334e-12	1.1244389144086255e-12	3.713095539353672e-12	4.026966971055666e-12	9.603615587799124e-13	9.204784568766233e-13	1.7722156352056566e-12	0.0	8.309631752813654e-13	0.0	0.0	7.747003132474868e-13	0.0	2.2530458103759294e-12	0.0	0.0	6.5927050352823955e-12	0.0
C60
other	0.0	0.0	1.1189549714252916e-11	0.0	0.0	1.2856077533248518e-12	2.1876861970585633e-12	1.9082735145233515e-12	2.544410575626959e-12	7.652218917995707e-13	1.3976395491654416e-12	0.0	0.0	1.6866583716129384e-12	5.304422199076673e-13	1.0067417427639165e-12	0.0	0.0	8.861078176028283e-13	0.0	0.0	0.0	0.0	0.0	7.616287315254062e-13	7.510152701253097e-13	0.0	0.0	0.0	0.0
