Total	Internal	Translational
Top
976.65151548	976.459680069	0.191835410179
6.63908132905	2.20880218562	4.43027914343
18.017162111	3.70668555578	14.3104765552
6.3860672864	0.890414705588	5.49565258081
6.57236831306	1.3078031073	5.26456520576
12.3139363916	1.87304581855e-33	12.3139363916
66.4538703699	0.0	66.4538703699
14.2485844869	2.96016396803	11.2884205189
4.56190636121	2.99687330967e-32	4.56190636121
18.0144439921	0.934637074569	17.0798069175
19.3537532177	1.5590922747	17.794660943
25.9462638587	2.71683162832	23.2294322304
9.76368450789	0.454966407949	9.30871809994
20.4086983368	5.7996197034	14.6090786334
35.4604101959	4.79499729548e-31	35.4604101959
7.1205046087	3.00134279646	4.11916181225
11.4539163724	3.61941726891	7.83449910346
3.24837922009	7.49218327419e-33	3.24837922009
17.2006307727	2.85503207871	14.345598694
22.940410685	2.98680818746	19.9536024975
26.4705415934	1.03169170414	25.4388498893
29.2207834755	1.53967300308	27.6811104724
12.3829896418	3.20723995281	9.175749689
1.0958269739	0.266631798632	0.829195175266
33.5023491824	0.0	33.5023491824
41.8484691161	5.1962045844	36.6522645317
58.6199264486	1.19874932387e-31	58.6199264486
1.73782086577	0.416702886973	1.3211179788
1.90415185306	0.159036338926	1.74511551413
24.6516084725	4.02625076109	20.6253577114
4.27340795768	1.6494392797	2.62396867797
29.5189042614	6.28474443086	23.2341598305
9.6420613835	1.61095139988	8.03110998362
17.699846929	0.0985190185437	17.6013279104
14.9537451625	0.979146060233	13.9745991022
3.96140408904	1.06863383148	2.89277025756
5.22444837652	0.943737516771	4.28071085975
6.45680180675	3.49589223612	2.96090957063
36.2714432288	2.95791858781	33.3135246409
12.0492218551	0.75776725102	11.2914546041
8.3726091718	1.74172311836	6.63088605344
17.0165210371	0.634272056661	16.3822489804
20.3808305486	0.669822940964	19.7110076076
4.73753044784	0.0	4.73753044784
7.54235988375	1.91928761682	5.62307226694
6.10703257888	0.0	6.10703257888
19.1020737609	0.189745766005	18.9123279949
0.910748780698	0.225626748884	0.685122031813
18.9472634075	0.304712880806	18.6425505267
9.28905291262	1.60857643343	7.68047647919
7.58465180442	0.856342586423	6.728309218
7.348627287	1.39461584455	5.95401144245
18.0700528063	2.37363814025	15.696414666
34.1551665781	1.19874932387e-31	34.1551665781
12.968553065	2.58617382105	10.3823792439
7.34968802631	0.462499144697	6.88718888161
28.7245576037	4.01410332598	24.7104542777
0.601649158755	0.179151113082	0.422498045673
7.73324451633	1.02873775987	6.70450675646
11.4677274902	4.39660339293	7.07112409731
9.76237080608	0.421667162059	9.34070364402
7.10270876855	2.93948942178	4.16321934676
7.03920918076	0.0	7.03920918076
20.247565365	0.605605155739	19.6419602093
2.38052092461	0.399526144402	1.98099478021
10.0828142511	1.35448800826	8.72832624281
15.2387038249	0.635934807982	14.6027690169
12.3565524158	4.31943133369	8.03712108207
95.8664658684	0.0	95.8664658684
35.1294780009	0.0	35.1294780009
9.76721129758	0.0	9.76721129758
0.760994372885	0.0	0.760994372885
1.29739230997	4.68261454637e-34	1.29739230997
7.12946341146	0.526472159476	6.60299125199
37.9421727596	3.55782304343	34.3843497162
9.18419466131	3.11014316271	6.07405149861
71.222364662	0.0	71.222364662
9.56204224674	0.41145701486	9.15058523188
24.0927029943	0.0	24.0927029943
2.79970087922	2.15034201572	0.649358863505
81.7912052701	4.07193143244	77.7192738376
5.48441920013	1.43839766083	4.04602153929
1.20335981017	0.205307508086	0.998052302085
17.5953177994	1.02173310206	16.5735846974
4.9192312739	1.67742176601	3.24180950789
10.8716277324	0.587751297987	10.2838764345
12.7351281234	3.75256835915	8.98255976429
7.00361169673	1.48095666547	5.52265503126
2.71908992564	1.91420178074	0.804888144901
24.0443809681	0.232730349505	23.8116506186
71.3118165868	0.0	71.3118165868
8.76981640359	2.47688761706	6.29292878653
10.3460044168	2.20442104568	8.14158337108
21.0864349008	3.03882709729	18.0476078035
14.2558280752	2.32763513024	11.928192945
22.6078168074	2.26658480638	20.341232001
6.78404366149	2.77395411826	4.01008954323
38.2715090499	0.757951533533	37.5135575164
35.5522620534	0.0	35.5522620534
73.6587632849	2.99687330967e-32	73.6587632849
16.6170197435	7.46603177448	9.15098796905
9.06992861762	1.58990399227	7.48002462534
2.0065518311	0.357885622466	1.64866620863
4.41779545229	1.61593977873	2.80185567356
4.44942746623	1.19874932387e-31	4.44942746623
40.8669302976	2.99687330967e-32	40.8669302976
8.13838206361	1.20346576131	6.93491630231
47.8679808344	0.0	47.8679808344
1.39832361276	0.776550609848	0.621773002914
8.45502233517	2.25261107059	6.20241126458
8.16594743372	0.0	8.16594743372
3.49048363054	0.0	3.49048363054
7.86392075992	1.47629894226	6.38762181766
14.1025969705	0.0	14.1025969705
4.06947703403	2.20178649358	1.86769054044
4.73873854676	0.758325260173	3.98041328659
6.26943679529	0.263517014822	6.00591978046
5.69245040223	0.0	5.69245040223
6.33703132408	0.0900537757726	6.24697754831
11.1962589843	3.68601119579	7.5102477885
13.2526436298	0.838964892058	12.4136787377
15.5704708499	2.09920012538	13.4712707245
9.66193081076	1.50117635282	8.16075445794
15.1087039634	0.944075666151	14.1646282973
50.215914298	6.30802496371	43.9078893343
2.75960908058	1.94689898533	0.812710095247
55.6212761467	0.0	55.6212761467
2.48248862259	1.90231215946e-33	2.48248862259
21.4668698406	2.21895594416	19.2479138964
4.59444863063	0.491914448883	4.10253418175
11.6224922841	0.961659550544	10.6608327336
1.48835869964	0.0596731819021	1.42868551774
42.1984125914	5.21740100386	36.9810115876
6.73365378518	0.0668136643916	6.66684012079
30.0318700758	8.25763470324	21.7742353725
14.5734344362	1.03183992212	13.5415945141
18.6172264683	7.45938469762	11.1578417706
18.459184005	0.402321015675	18.0568629894
9.62384736679	1.3264117929	8.29743557389
11.7961949989	2.77319002813	9.02300497076
33.4872447765	5.99374661935e-31	33.4872447765
27.3918951545	0.0	27.3918951545
5.9574941895	0.986807978582	4.97068621092
3.82804528291	0.571337675725	3.25670760719
36.9869319802	1.19614321217	35.790788768
5.75778813167	7.49218327419e-33	5.75778813167
10.0492109581	0.0	10.0492109581
19.2991691112	1.34368916239	17.9554799488
58.2768198874	4.79499729548e-31	58.2768198874
5.49899046685	0.623341909343	4.87564855751
67.7048824303	0.0	67.7048824303
8.21501076178	9.36522909273e-33	8.21501076178
1.53838420257	1.17065363659e-34	1.53838420257
6.14978490099	0.0	6.14978490099
90.9554299698	1.91799891819e-30	90.9554299698
40.4003810248	0.0	40.4003810248
3.3986743595	5.99374661935e-32	3.3986743595
1.87413773481	0.0	1.87413773481
108.744276621	0.0	108.744276621
31.7365080981	4.79499729548e-31	31.7365080981
16.406984527	0.0	16.406984527
0.356977537639	0.0	0.356977537639
14.9017634852	0.0	14.9017634852
2.77480784431	0.0	2.77480784431
Bottom
