dphi = 0.05235987755982988	first column is a mass, last row consists of all other masses	mass / surface of the sphere ring	scaled mass sums in consecutive angle intervals, last interval most often smaller (ends at pi/2)
Top
24.022	0.0	0.0	0.0	4.007257401963909e-12	3.128203731987351e-12	2.5712155066497036e-12	6.563058591175691e-12	7.633094058093406e-12	1.6962737170846392e-12	0.0	6.988197745827207e-12	5.157179499957396e-12	4.798363520621334e-12	5.6221945720431275e-12	5.304422199076673e-12	1.0067417427639165e-12	0.0	0.0	0.0	1.7129492345282463e-12	1.6619263505627309e-12	8.090810598083309e-13	0.0	2.3241009397424607e-12	0.0	0.0	7.42701259674812e-13	7.365660833798532e-13	0.0	0.0
36.033	0.0	0.0	0.0	0.0	0.0	0.0	0.0	0.0	0.0	0.0	0.0	0.0	0.0	1.6866583716129384e-12	1.5913266597230021e-12	0.0	0.0	0.0	0.0	0.0	0.0	1.2136215897124964e-12	0.0	0.0	0.0	0.0	0.0	0.0	0.0	0.0
other	0.0	9.307584438167562e-12	5.594774857126458e-12	2.0036287009819543e-12	3.128203731987351e-12	0.0	1.0938430985292816e-12	1.9082735145233515e-12	3.3925474341692784e-12	2.2956656753987123e-12	2.7952790983308833e-12	1.289294874989349e-12	1.1995908801553335e-12	1.1244389144086255e-12	2.1217688796306693e-12	2.013483485527833e-12	4.801807793899562e-13	1.3807176853149352e-12	4.4305390880141416e-13	1.7129492345282463e-12	8.309631752813654e-13	8.090810598083309e-13	0.0	7.747003132474868e-13	0.0	0.0	0.0	0.0	3.6626139084902195e-13	3.6525749383522385e-13
Bottom
other	0.0	0.0	0.0	0.0	0.0	0.0	0.0	0.0	0.0	0.0	0.0	0.0	0.0	0.0	0.0	0.0	0.0	0.0	0.0	0.0	0.0	0.0	0.0	0.0	0.0	0.0	0.0	0.0	0.0	0.0
Graph
other	0.0	9.307584438167562e-12	5.594774857126458e-12	6.010886102945863e-12	4.692305597981027e-12	2.5712155066497036e-12	5.469215492646408e-12	7.633094058093406e-12	5.088821151253918e-12	2.2956656753987123e-12	4.891738422079046e-12	3.8678846249680474e-12	3.5987726404660002e-12	5.059975114838816e-12	6.365306638892008e-12	2.5168543569097913e-12	4.801807793899562e-13	9.204784568766233e-13	4.4305390880141416e-13	3.4258984690564925e-12	2.492889525844096e-12	2.022702649520827e-12	0.0	2.3241009397424607e-12	0.0	0.0	7.42701259674812e-13	7.365660833798532e-13	3.6626139084902195e-13	0.0
C60
other	0.0	0.0	0.0	0.0	1.5641018659936755e-12	0.0	2.1876861970585633e-12	1.9082735145233515e-12	0.0	0.0	4.891738422079046e-12	2.578589749978698e-12	2.399181760310667e-12	3.373316743225877e-12	2.652211099538337e-12	5.033708713819583e-13	0.0	4.602392284383116e-13	0.0	0.0	0.0	8.090810598083309e-13	0.0	7.747003132474868e-13	0.0	0.0	0.0	0.0	0.0	3.6525749383522385e-13
