dphi = 0.05235987755982988	first column is a mass, last row consists of all other masses	mass / surface of the sphere ring	scaled mass sums in consecutive angle intervals, last interval most often smaller (ends at pi/2)
Top
24.022	0.0	0.0	0.0	4.007257401963909e-12	6.256407463974702e-12	5.142431013299407e-12	8.750744788234253e-12	0.0	6.785094868338557e-12	3.060887567198283e-12	4.192918647496325e-12	1.289294874989349e-12	4.798363520621334e-12	1.1244389144086255e-12	8.487075518522677e-12	3.02022522829175e-12	9.603615587799124e-13	0.0	1.7722156352056566e-12	0.0	8.309631752813654e-13	0.0	0.0	0.0	7.616287315254062e-13	0.0	7.42701259674812e-13	0.0	0.0	0.0
36.033	0.0	0.0	0.0	0.0	0.0	0.0	3.2815292955878453e-12	0.0	0.0	0.0	0.0	1.9339423124840237e-12	0.0	0.0	0.0	0.0	0.0	0.0	0.0	0.0	0.0	0.0	0.0	0.0	0.0	0.0	0.0	0.0	0.0	0.0
48.044	0.0	0.0	0.0	0.0	0.0	0.0	0.0	0.0	0.0	0.0	0.0	0.0	0.0	0.0	0.0	0.0	0.0	0.0	0.0	0.0	1.6619263505627309e-12	0.0	0.0	0.0	0.0	0.0	0.0	0.0	0.0	0.0
other	0.0	4.653792219083781e-12	2.797387428563229e-12	2.0036287009819543e-12	0.0	1.2856077533248518e-12	2.1876861970585633e-12	2.862410271785028e-12	2.544410575626959e-12	2.2956656753987123e-12	4.192918647496324e-12	3.223237187473372e-12	2.9989772003883336e-12	5.622194572043128e-13	1.5913266597230021e-12	5.033708713819583e-13	1.4405423381698686e-12	1.8409569137532466e-12	0.0	1.7129492345282463e-12	4.154815876406827e-13	1.2136215897124964e-12	3.9521638521647234e-13	0.0	0.0	0.0	0.0	0.0	0.0	0.0
Bottom
other	0.0	0.0	0.0	0.0	0.0	0.0	0.0	0.0	0.0	0.0	0.0	0.0	0.0	0.0	0.0	0.0	0.0	0.0	0.0	0.0	0.0	0.0	0.0	0.0	0.0	0.0	0.0	0.0	0.0	0.0
Graph
other	0.0	4.653792219083781e-12	0.0	4.007257401963909e-12	3.128203731987351e-12	6.428038766624259e-12	1.421996028088066e-11	9.541367572616758e-13	5.088821151253918e-12	3.060887567198283e-12	1.3976395491654416e-12	3.867884624968047e-12	4.198568080543667e-12	5.622194572043128e-13	8.487075518522677e-12	3.5235960996737078e-12	2.400903896949781e-12	1.3807176853149352e-12	1.7722156352056566e-12	1.284711925896185e-12	4.154815876406827e-13	1.2136215897124964e-12	3.9521638521647234e-13	0.0	0.0	0.0	7.42701259674812e-13	0.0	0.0	0.0
C60
other	0.0	0.0	2.797387428563229e-12	2.0036287009819543e-12	3.128203731987351e-12	0.0	0.0	1.9082735145233515e-12	4.240684292711598e-12	2.2956656753987123e-12	6.988197745827207e-12	2.578589749978698e-12	3.598772640466001e-12	1.1244389144086255e-12	1.5913266597230021e-12	0.0	0.0	4.602392284383116e-13	0.0	4.2823730863206157e-13	2.4928895258440966e-12	0.0	0.0	0.0	7.616287315254062e-13	0.0	0.0	0.0	0.0	0.0
