dphi = 0.05235987755982988	first column is a mass, last row consists of all other masses	mass / surface of the sphere ring	scaled mass sums in consecutive angle intervals, last interval most often smaller (ends at pi/2)
Top
24.022	2.7897241872519153e-11	1.8615168876335124e-11	1.1189549714252916e-11	1.6029029607855635e-11	6.256407463974702e-12	1.2856077533248517e-11	1.0938430985292816e-11	1.1449641087140108e-11	1.526646345376175e-11	1.3773994052392271e-11	8.385837294992648e-12	5.157179499957396e-12	9.596727041242667e-12	2.248877828817251e-12	4.2435377592613385e-12	4.026966971055666e-12	9.603615587799124e-13	3.681913827506493e-12	8.861078176028283e-13	8.564746172641231e-13	8.309631752813654e-13	8.090810598083309e-13	2.3712983112988344e-12	7.747003132474868e-13	0.0	7.510152701253097e-13	0.0	7.365660833798532e-13	0.0	0.0
36.033	0.0	1.3961376657251346e-11	8.392162285689687e-12	0.0	0.0	0.0	6.563058591175691e-12	0.0	0.0	2.2956656753987123e-12	2.0964593237481625e-12	0.0	1.7993863202330005e-12	0.0	0.0	0.0	0.0	0.0	0.0	0.0	0.0	0.0	0.0	0.0	0.0	0.0	0.0	0.0	0.0	0.0
48.044	0.0	0.0	0.0	0.0	0.0	0.0	0.0	3.816547029046703e-12	0.0	0.0	0.0	0.0	0.0	0.0	0.0	0.0	0.0	0.0	0.0	0.0	0.0	0.0	0.0	0.0	0.0	0.0	0.0	0.0	0.0	0.0
other	0.0	4.653792219083781e-12	5.594774857126458e-12	4.007257401963909e-12	0.0	1.2856077533248518e-12	0.0	0.0	0.0	1.5304437835991415e-12	0.0	0.0	2.399181760310667e-12	5.622194572043128e-13	0.0	5.033708713819583e-13	4.801807793899562e-13	0.0	0.0	0.0	4.154815876406827e-13	4.0454052990416545e-13	3.9521638521647234e-13	0.0	0.0	0.0	0.0	3.682830416899266e-13	0.0	0.0
Bottom
other	0.0	0.0	0.0	0.0	0.0	0.0	0.0	0.0	0.0	0.0	0.0	0.0	0.0	0.0	0.0	0.0	0.0	0.0	0.0	0.0	0.0	0.0	0.0	0.0	0.0	0.0	0.0	0.0	0.0	0.0
Graph
other	2.7897241872519153e-11	3.723033775267025e-11	1.9581711999942603e-11	1.6029029607855635e-11	6.256407463974702e-12	8.999254273273963e-12	1.531380337940994e-11	1.335791460166346e-11	1.3570189736677112e-11	1.7600103511390123e-11	9.084657069575369e-12	3.8678846249680474e-12	1.2595704241630999e-11	2.811097286021564e-12	3.1826533194460043e-12	4.530337842437624e-12	1.4405423381698686e-12	1.8409569137532466e-12	8.861078176028283e-13	8.564746172641231e-13	1.2464447629220483e-12	1.2136215897124964e-12	1.976081926082362e-12	7.747003132474868e-13	0.0	7.510152701253097e-13	0.0	1.1048491250697798e-12	0.0	0.0
C60
other	0.0	0.0	5.594774857126458e-12	4.007257401963909e-12	0.0	5.142431013299407e-12	2.1876861970585633e-12	1.9082735145233515e-12	1.6962737170846392e-12	0.0	1.3976395491654416e-12	1.289294874989349e-12	1.1995908801553335e-12	0.0	1.0608844398153346e-12	0.0	0.0	1.8409569137532466e-12	0.0	0.0	0.0	0.0	7.904327704329447e-13	0.0	0.0	0.0	0.0	0.0	0.0	0.0
