dphi = 0.05235987755982988	first column is a mass, last row consists of all other masses	mass / surface of the sphere ring	scaled mass sums in consecutive angle intervals, last interval most often smaller (ends at pi/2)
Top
24.022	2.7897241872519153e-11	1.8615168876335124e-11	1.6784324571379374e-11	4.007257401963909e-12	9.384611195962053e-12	1.2856077533248517e-11	1.3126117182351378e-11	1.335791460166346e-11	6.785094868338557e-12	1.0713106485193988e-11	1.8169314139150738e-11	2.578589749978698e-12	2.399181760310667e-12	4.497755657634502e-12	4.2435377592613385e-12	2.013483485527833e-12	1.9207231175598247e-12	3.681913827506493e-12	2.6583234528084853e-12	2.56942385179237e-12	2.4928895258440966e-12	8.090810598083309e-13	0.0	0.0	0.0	0.0	0.0	7.365660833798532e-13	0.0	7.305149876704477e-13
36.033	0.0	0.0	0.0	0.0	9.384611195962053e-12	0.0	6.563058591175691e-12	2.862410271785028e-12	0.0	4.591331350797425e-12	0.0	0.0	0.0	3.373316743225877e-12	1.5913266597230021e-12	0.0	0.0	0.0	1.3291617264042426e-12	0.0	1.2464447629220483e-12	1.2136215897124964e-12	0.0	0.0	0.0	0.0	0.0	0.0	1.098784172547066e-12	0.0
other	1.3948620936259577e-11	0.0	0.0	2.0036287009819543e-12	7.820509329968377e-12	1.2856077533248518e-12	3.2815292955878453e-12	1.9082735145233515e-12	2.544410575626959e-12	3.826109458997854e-12	2.0964593237481625e-12	1.289294874989349e-12	5.997954400776668e-13	2.248877828817251e-12	2.1217688796306693e-12	0.0	1.4405423381698686e-12	0.0	4.4305390880141416e-13	4.2823730863206157e-13	4.154815876406827e-13	4.0454052990416545e-13	7.904327704329447e-13	3.873501566237434e-13	0.0	0.0	0.0	0.0	0.0	0.0
Bottom
other	0.0	0.0	0.0	0.0	0.0	0.0	0.0	0.0	0.0	0.0	0.0	0.0	0.0	0.0	0.0	0.0	0.0	0.0	0.0	0.0	0.0	0.0	0.0	0.0	0.0	0.0	0.0	0.0	0.0	0.0
Graph
other	4.184586280877873e-11	1.8615168876335124e-11	1.6784324571379374e-11	2.0036287009819543e-12	2.346152798990513e-11	1.1570469779923666e-11	2.0783018872056352e-11	1.335791460166346e-11	8.481368585423195e-12	1.7600103511390126e-11	1.8169314139150738e-11	2.578589749978698e-12	2.998977200388334e-12	7.871072400860377e-12	7.95663329861501e-12	1.0067417427639165e-12	2.8810846763397373e-12	3.681913827506493e-12	3.5444312704113133e-12	2.9976611604244312e-12	2.908371113484779e-12	2.427243179424993e-12	3.9521638521647234e-13	3.873501566237434e-13	0.0	0.0	0.0	7.365660833798532e-13	0.0	7.305149876704477e-13
C60
other	0.0	0.0	0.0	4.007257401963909e-12	3.128203731987351e-12	2.5712155066497036e-12	2.1876861970585633e-12	4.7706837863083795e-12	8.481368585423196e-13	1.5304437835991415e-12	2.0964593237481625e-12	1.289294874989349e-12	0.0	2.248877828817251e-12	0.0	1.0067417427639165e-12	4.801807793899562e-13	0.0	8.861078176028283e-13	0.0	1.2464447629220483e-12	0.0	3.9521638521647234e-13	0.0	0.0	0.0	0.0	0.0	1.098784172547066e-12	0.0
