dphi = 0.05235987755982988	first column is a mass, last row consists of all other masses	mass / surface of the sphere ring	scaled mass sums in consecutive angle intervals, last interval most often smaller (ends at pi/2)
Top
24.022	0.0	9.307584438167562e-12	0.0	0.0	1.2512814927949404e-11	5.142431013299407e-12	1.0938430985292816e-11	9.541367572616757e-12	8.481368585423195e-12	3.060887567198283e-12	6.988197745827207e-12	6.446474374946744e-12	2.399181760310667e-12	5.6221945720431275e-12	4.2435377592613385e-12	4.026966971055666e-12	0.0	9.204784568766233e-13	0.0	1.7129492345282463e-12	1.6619263505627309e-12	0.0	1.5808655408658894e-12	1.5494006264949737e-12	7.616287315254062e-13	0.0	0.0	7.365660833798532e-13	0.0	0.0
36.033	0.0	0.0	0.0	0.0	0.0	0.0	6.563058591175691e-12	0.0	2.544410575626959e-12	0.0	2.0964593237481625e-12	0.0	0.0	0.0	3.1826533194460043e-12	0.0	0.0	0.0	0.0	0.0	0.0	0.0	0.0	1.1620504698712303e-12	0.0	0.0	0.0	0.0	0.0	0.0
2212137.936	0.0	0.0	0.0	0.0	0.0	0.0	0.0	0.0	0.0	0.0	0.0	0.0	0.0	0.0	0.0	0.0	0.0	0.0	0.0	0.0	0.0	0.0	0.0	7.134060244622644e-08	0.0	0.0	0.0	0.0	0.0	0.0
other	0.0	4.653792219083781e-12	5.594774857126458e-12	6.010886102945863e-12	7.820509329968377e-12	2.5712155066497036e-12	8.750744788234252e-12	4.770683786308379e-12	3.3925474341692784e-12	4.591331350797424e-12	4.891738422079045e-12	2.578589749978698e-12	2.9989772003883336e-12	1.1244389144086255e-12	2.1217688796306693e-12	5.033708713819583e-13	4.801807793899562e-13	4.602392284383116e-13	4.4305390880141416e-13	4.2823730863206157e-13	0.0	0.0	0.0	0.0	0.0	3.7550763506265485e-13	0.0	0.0	0.0	0.0
Bottom
other	0.0	0.0	0.0	0.0	0.0	0.0	0.0	0.0	0.0	0.0	0.0	0.0	0.0	0.0	0.0	0.0	0.0	0.0	0.0	0.0	0.0	0.0	0.0	0.0	0.0	0.0	0.0	0.0	0.0	0.0
Graph
other	0.0	4.653792219083781e-12	5.594774857126458e-12	4.007257401963909e-12	1.0948713061955728e-11	5.142431013299407e-12	9.844587886763534e-12	3.816547029046703e-12	1.1025779161050155e-11	6.121775134396566e-12	1.1181116393323532e-11	6.446474374946744e-12	4.798363520621334e-12	5.6221945720431275e-12	4.2435377592613385e-12	3.5235960996737078e-12	0.0	4.602392284383116e-13	4.4305390880141416e-13	2.141186543160308e-12	8.309631752813654e-13	0.0	7.904327704329447e-13	7.134331389732279e-08	7.616287315254062e-13	3.7550763506265485e-13	0.0	0.0	0.0	0.0
C60
other	0.0	9.307584438167562e-12	0.0	2.0036287009819543e-12	9.384611195962053e-12	2.5712155066497036e-12	1.6407646477939225e-11	1.0495504329878433e-11	3.3925474341692784e-12	1.5304437835991415e-12	2.7952790983308833e-12	2.578589749978698e-12	5.997954400776668e-13	1.1244389144086255e-12	5.304422199076673e-12	1.0067417427639165e-12	4.801807793899562e-13	9.204784568766233e-13	0.0	0.0	8.309631752813654e-13	0.0	7.904327704329447e-13	0.0	0.0	0.0	0.0	7.365660833798532e-13	0.0	0.0
