id	name	mass [g/mol]	latitude [rad]	longitude [rad]
Top
3148	C184200	2212426.1999966456	0.3958463113327102	-0.9971394251563667
3149	C2	24.022	0.4120300678193795	-0.5489747788827946
3150	C3	36.033	0.30812074620114843	-0.48679862797552953
3151	C2	24.022	0.3504310427484615	-2.685186962521453
3152	C3	36.033	0.20509491685014672	0.9493991102382773
3153	C	12.011	0.09882169582334242	0.9928092242392448
3154	C	12.011	0.5135567235274167	-2.439187693508309
3155	C2	24.022	0.4097492017507471	-1.4373773991253007
3156	C2	24.022	0.4293195702259756	-2.008871764593241
3157	C2	24.022	0.7373168357501745	1.2469286099628163
3158	C2	24.022	0.4507885843142083	-2.424906484143141
3159	C2	24.022	0.8975728348463914	-1.1546333970108422
3160	C2	24.022	0.591582945163351	1.3058145624305548
3161	C3	36.033	0.790405093099598	2.551567873769165
3162	C	12.011	0.8550687635807034	-1.8038560940675756
3163	C2	24.022	0.6859428617838519	-1.6143774626217358
3164	C	12.011	0.41649319739054513	-1.079988747339337
3165	C2	24.022	1.2897859007922632	-0.6875362856830176
3166	C	12.011	0.3096131035204808	2.399795805154622
3167	C2	24.022	0.33576210942804907	-0.7360206244480489
3168	C	12.011	0.47066899330328776	-1.9193068971363934
3169	C	12.011	0.3253314913236974	-1.8770875300429792
3170	C2	24.022	0.41737342371112013	-0.958075865096061
3171	C2	24.022	0.38518646924212685	1.1912170862078741
3172	C2	24.022	0.784278632732324	-1.0074356384196603
3173	C2	24.022	0.39368961256684065	-0.15719450520015
3174	C2	24.022	0.17225867370035577	-1.6776199477327494
3175	C2	24.022	0.2556220689790214	0.15379218383643206
3176	C2	24.022	0.08399825580532759	-0.17352019851443
3177	C2	24.022	0.5120641680599778	-0.49112731868456366
3178	C	12.011	0.4660224682647449	1.4575604750790647
3179	C	12.011	0.395939063707223	-1.7335863447482873
3180	C	12.011	0.6700472590488029	2.283920140377496
3181	C2	24.022	0.5904782406392791	2.058366164902811
3182	C	12.011	0.9727913124229077	2.898304781626498
3183	C2	24.022	0.27051817802454314	-2.369415712786003
3184	C2	24.022	0.3348133151535885	-0.4741026480140801
3185	C	12.011	0.7741313994058899	-1.866848892697097
3186	C	12.011	1.0391499033960754	1.2975045953333013
3187	C2	24.022	0.3338561954824394	-1.237367639524903
3188	C2	24.022	0.6560347346230351	-1.0516448735652046
3189	C	12.011	0.7971656570409184	-0.2602328806919037
3190	C2	24.022	0.2648329833057223	-2.717105146382955
3191	C2	24.022	0.33156311794648186	-2.6369037888544753
3192	C2	24.022	1.1767395651337398	-2.7019762687202915
3193	C2	24.022	1.2545235525107241	-0.14734625796014628
3194	C2	24.022	0.22549778813047672	3.086477788624858
3195	C3	36.033	0.4116281786064902	-1.4345328325638627
3196	C2	24.022	0.7157492523639898	-2.7250661417077136
3197	C	12.011	0.18301076339788283	-2.9942449147512695
3198	C	12.011	0.7041700818743613	-2.561105653986152
3199	C2	24.022	0.5330832960944791	-2.5822944112549244
3200	C2	24.022	0.29013152685742105	1.791186152299575
3201	C	12.011	0.9185947275794369	2.385846295939882
3202	C2	24.022	0.6570224195787937	1.6674783022319692
3203	C	12.011	0.14057876017178766	-0.25782774713346057
3204	C2	24.022	0.8739955925339031	-0.3366423883557464
3205	C2	24.022	1.028319385790197	-0.5334903448200825
3206	C2	24.022	0.7357004890800102	-3.0378941724359407
3207	C2	24.022	0.2867076402048187	-1.717097979957572
3208	C	12.011	0.8414711915998507	-1.8304333872112177
3209	C	12.011	0.30787477492126647	-1.391009599318337
3210	C2	24.022	0.5504580470004414	-2.992032218691099
3211	C	12.011	0.537198193565634	-2.7017179065664525
3212	C	12.011	0.7884942307291628	1.356298932659456
3213	C2	24.022	1.1418161783445164	1.845763101284348
3214	C2	24.022	1.20775255660682	1.6982706347279755
3215	C2	24.022	0.3510310163437778	3.1123626834421083
3216	C	12.011	0.7279185611209562	-0.7409252738047184
3217	C3	36.033	0.6998258099346432	-0.8958132834829039
3218	C3	36.033	1.047281371678241	0.26094701799838416
3219	C	12.011	1.0734391553559153	2.2177095815845624
3220	C2	24.022	0.5825782059889039	-2.1650307685489065
3221	C2	24.022	0.5602972492344042	-2.9076545046776223
3222	C	12.011	0.6841574864606191	2.619284475050499
3223	C2	24.022	0.17254679786091204	2.840294160017547
3224	C2	24.022	0.2069302658427538	1.057432335469779
3225	C	12.011	0.6547768393142103	-1.5618330378252216
3226	C	12.011	0.41131000536245144	-1.9823739307669128
3227	C2	24.022	0.3959043970718661	-1.1078346684827411
3228	C	12.011	0.389594874566051	-0.89362088492191
3229	C	12.011	0.838362584253472	-2.0588973915519824
3230	C2	24.022	0.3353744582633408	2.503570193605454
3231	C	12.011	0.6385812955874186	-2.7559291109185287
3232	C	12.011	0.10482163834196685	-2.703144980075117
3233	C2	24.022	0.621744088263971	1.137849207127255
3234	C	12.011	0.9839909997646378	0.43180873588021296
3235	C2	24.022	1.2660454257294482	-0.5640639715818205
3236	C2	24.022	0.8549861840897376	2.1949525030249197
3237	C	12.011	0.450071789345105	2.596648680368535
3238	C	12.011	0.390464490868653	3.028588070826561
3239	C	12.011	0.6548832201150045	2.75278144721312
3240	C	12.011	0.37721723389395656	0.1965193488852089
3241	C2	24.022	0.5732740868294527	0.5933143552345778
3242	C	12.011	0.4866131029135591	-0.27274664440013535
3243	C2	24.022	0.15331494658144498	2.428583435684251
3244	C	12.011	0.5075342698499193	1.7742932186990767
3245	C	12.011	0.8453091901322425	0.1284964258869765
3246	C2	24.022	0.8729117973690044	0.6027977581895648
3247	C	12.011	0.33907723288113417	-0.7837578892455382
3248	C	12.011	0.35857596571164324	-0.0323668289968474
3249	C2	24.022	0.2919745202715151	0.2611792784146019
3250	C	12.011	0.49666594656092444	-0.7637071775495704
3251	C	12.011	0.8988082397695675	1.1000130759108269
3252	C	12.011	0.15599765273168983	-0.49663157376350175
3253	C2	24.022	0.8301532624606451	2.533730341479639
3254	C2	24.022	0.4717138000884894	1.9176585053024782
3255	C	12.011	0.5655102162603024	-0.9915170868264117
3256	C	12.011	0.297853959429408	0.14499025752149441
3257	C	12.011	0.4834797356564734	-0.9144968367440952
3258	C	12.011	0.40176316580335497	-1.955054792778074
3259	C	12.011	0.4769501029019094	-0.7615889196588509
3260	C	12.011	0.10292938093356145	1.4554099274020011
3261	C	12.011	0.19838596445188975	-2.7241979664372358
3262	C	12.011	0.4006489600019582	-3.064425293427165
3263	C	12.011	0.5534775622873052	1.0118328785179438
3264	C	12.011	1.1862473785842675	-0.9244674307401438
Bottom
