dphi = 0.05235987755982988	first column is a mass, last row consists of all other masses	mass / surface of the sphere ring	scaled mass sums in consecutive angle intervals, last interval most often smaller (ends at pi/2)
Top
24.022	0.0	9.307584438167562e-12	0.0	0.0	1.2512814927949404e-11	7.713646519949112e-12	8.750744788234253e-12	7.633094058093406e-12	8.481368585423195e-12	4.591331350797425e-12	6.988197745827207e-12	2.578589749978698e-12	4.798363520621334e-12	8.995511315269003e-12	2.1217688796306693e-12	2.013483485527833e-12	2.8810846763397373e-12	1.8409569137532466e-12	8.861078176028283e-13	0.0	1.6619263505627309e-12	0.0	7.904327704329447e-13	0.0	0.0	7.510152701253097e-13	1.485402519349624e-12	7.365660833798532e-13	7.325227816980439e-13	0.0
36.033	0.0	0.0	0.0	0.0	0.0	0.0	3.2815292955878453e-12	0.0	2.544410575626959e-12	0.0	2.0964593237481625e-12	0.0	0.0	0.0	1.5913266597230021e-12	0.0	0.0	0.0	0.0	0.0	0.0	0.0	0.0	0.0	0.0	0.0	0.0	0.0	0.0	0.0
2212041.848	0.0	0.0	0.0	0.0	0.0	0.0	0.0	0.0	0.0	0.0	0.0	0.0	0.0	0.0	9.769048275580723e-08	0.0	0.0	0.0	0.0	0.0	0.0	0.0	0.0	0.0	0.0	0.0	0.0	0.0	0.0	0.0
48.044	0.0	0.0	0.0	0.0	0.0	0.0	0.0	0.0	0.0	0.0	0.0	2.578589749978698e-12	0.0	0.0	0.0	0.0	0.0	0.0	0.0	0.0	0.0	0.0	0.0	0.0	0.0	0.0	0.0	0.0	0.0	0.0
other	0.0	2.7922753314502685e-11	1.1189549714252916e-11	1.4025400906873679e-11	3.128203731987351e-12	7.71364651994911e-12	2.1876861970585633e-12	4.770683786308379e-12	2.544410575626959e-12	3.826109458997854e-12	6.9881977458272066e-12	3.223237187473372e-12	1.7993863202330005e-12	1.1244389144086255e-12	1.0608844398153346e-12	1.0067417427639165e-12	9.603615587799124e-13	9.204784568766233e-13	8.861078176028283e-13	8.564746172641231e-13	8.309631752813654e-13	4.0454052990416545e-13	3.9521638521647234e-13	3.873501566237434e-13	0.0	0.0	0.0	0.0	0.0	0.0
Bottom
other	0.0	0.0	0.0	0.0	0.0	0.0	0.0	0.0	0.0	0.0	0.0	0.0	0.0	0.0	0.0	0.0	0.0	0.0	0.0	0.0	0.0	0.0	0.0	0.0	0.0	0.0	0.0	0.0	0.0	0.0
Graph
other	0.0	1.8615168876335124e-11	5.594774857126458e-12	1.001814350490977e-11	9.384611195962053e-12	1.1570469779923666e-11	6.563058591175691e-12	7.633094058093406e-12	1.0177642302507835e-11	5.356553242596996e-12	1.2578755942488972e-11	7.091121812441419e-12	4.798363520621334e-12	6.18441402924744e-12	9.769472629356647e-08	3.02022522829175e-12	1.4405423381698686e-12	1.3807176853149352e-12	1.7722156352056566e-12	8.564746172641231e-13	1.6619263505627309e-12	4.0454052990416545e-13	1.1856491556494172e-12	3.873501566237434e-13	0.0	7.510152701253097e-13	1.485402519349624e-12	7.365660833798532e-13	7.325227816980439e-13	0.0
C60
other	0.0	1.8615168876335124e-11	5.594774857126458e-12	4.007257401963909e-12	6.256407463974702e-12	3.856823259974556e-12	7.656901689704972e-12	4.770683786308379e-12	3.3925474341692784e-12	3.060887567198283e-12	3.4940988729136037e-12	1.289294874989349e-12	1.7993863202330005e-12	3.9355362004301895e-12	5.304422199076673e-13	0.0	2.4009038969497806e-12	1.3807176853149352e-12	0.0	0.0	8.309631752813654e-13	0.0	0.0	0.0	0.0	0.0	0.0	0.0	0.0	0.0
