dphi = 0.05235987755982988	first column is a mass, last row consists of all other masses	mass / surface of the sphere ring	scaled mass sums in consecutive angle intervals, last interval most often smaller (ends at pi/2)
Top
24.022	2.7897241872519153e-11	3.723033775267025e-11	2.237909942850583e-11	1.6029029607855635e-11	2.8153833587886154e-11	7.713646519949112e-12	1.0938430985292816e-11	1.7174461630710164e-11	1.865901088793103e-11	1.224355026879313e-11	1.2578755942488972e-11	1.160365387490414e-11	7.1975452809320004e-12	7.871072400860377e-12	8.487075518522677e-12	7.047192199347415e-12	3.8414462351196495e-12	2.7614353706298705e-12	1.7722156352056566e-12	0.0	1.6619263505627309e-12	0.0	0.0	7.747003132474868e-13	0.0	0.0	7.42701259674812e-13	0.0	7.325227816980439e-13	7.305149876704477e-13
36.033	0.0	2.792275331450269e-11	1.6784324571379374e-11	1.2021772205891726e-11	4.692305597981027e-12	0.0	6.563058591175691e-12	5.724820543570056e-12	0.0	2.2956656753987123e-12	2.0964593237481625e-12	0.0	1.7993863202330005e-12	3.373316743225877e-12	0.0	1.510112614145875e-12	2.8810846763397373e-12	0.0	0.0	0.0	1.2464447629220483e-12	0.0	0.0	0.0	0.0	0.0	0.0	0.0	0.0	0.0
3317486.244	0.0	0.0	0.0	0.0	0.0	0.0	0.0	0.0	0.0	2.1135734740204556e-07	0.0	0.0	0.0	0.0	0.0	0.0	0.0	0.0	0.0	0.0	0.0	0.0	0.0	0.0	0.0	0.0	0.0	0.0	0.0	0.0
other	0.0	4.653792219083781e-12	2.797387428563229e-12	4.007257401963909e-12	4.692305597981027e-12	0.0	4.3753723941171266e-12	1.9082735145233515e-12	1.6962737170846392e-12	3.826109458997854e-12	1.3976395491654416e-12	1.289294874989349e-12	1.1995908801553335e-12	2.248877828817251e-12	5.304422199076673e-13	5.033708713819583e-13	4.801807793899562e-13	0.0	4.4305390880141416e-13	8.564746172641231e-13	0.0	0.0	3.9521638521647234e-13	0.0	0.0	0.0	0.0	0.0	0.0	3.6525749383522385e-13
Bottom
other	0.0	0.0	0.0	0.0	0.0	0.0	0.0	0.0	0.0	0.0	0.0	0.0	0.0	0.0	0.0	0.0	0.0	0.0	0.0	0.0	0.0	0.0	0.0	0.0	0.0	0.0	0.0	0.0	0.0	0.0
Graph
other	0.0	5.584550662900537e-11	3.636603657132197e-11	2.4043544411783452e-11	3.284613918586718e-11	7.713646519949112e-12	2.078301887205635e-11	1.9082735145233515e-11	1.9507147746473347e-11	2.1137188661798974e-07	1.3277575717071692e-11	1.160365387490414e-11	7.797340721009667e-12	1.0119950229677631e-11	6.895748858799675e-12	5.53707958520154e-12	5.281988573289518e-12	1.8409569137532466e-12	2.2152695440070707e-12	8.564746172641231e-13	2.908371113484779e-12	0.0	0.0	7.747003132474868e-13	0.0	0.0	7.42701259674812e-13	0.0	7.325227816980439e-13	1.0957724815056716e-12
C60
other	2.7897241872519153e-11	1.3961376657251346e-11	5.594774857126458e-12	8.014514803927817e-12	4.692305597981027e-12	0.0	1.0938430985292816e-12	5.724820543570056e-12	8.481368585423196e-13	3.826109458997854e-12	2.7952790983308833e-12	1.289294874989349e-12	2.399181760310667e-12	3.373316743225877e-12	2.1217688796306693e-12	3.5235960996737078e-12	1.9207231175598247e-12	9.204784568766233e-13	0.0	0.0	0.0	0.0	3.9521638521647234e-13	0.0	0.0	0.0	0.0	0.0	0.0	0.0
