dphi = 0.05235987755982988	first column is a mass, last row consists of all other masses	mass / surface of the sphere ring	scaled mass sums in consecutive angle intervals, last interval most often smaller (ends at pi/2)
Top
24.022	2.7897241872519153e-11	1.8615168876335124e-11	5.594774857126458e-12	8.014514803927817e-12	6.256407463974702e-12	1.2856077533248517e-11	8.750744788234253e-12	1.9082735145233515e-12	8.481368585423195e-12	1.0713106485193988e-11	9.78347684415809e-12	0.0	8.397136161087334e-12	7.871072400860377e-12	3.1826533194460043e-12	1.0067417427639165e-12	9.603615587799124e-13	0.0	0.0	2.56942385179237e-12	0.0	0.0	7.904327704329447e-13	0.0	0.0	0.0	7.42701259674812e-13	0.0	0.0	7.305149876704477e-13
36.033	0.0	1.3961376657251346e-11	0.0	0.0	4.692305597981027e-12	0.0	0.0	0.0	2.544410575626959e-12	0.0	0.0	0.0	0.0	0.0	0.0	0.0	1.4405423381698686e-12	0.0	0.0	0.0	0.0	1.2136215897124964e-12	0.0	0.0	1.1424430972881095e-12	0.0	0.0	0.0	1.098784172547066e-12	0.0
2212041.848	0.0	0.0	0.0	0.0	0.0	0.0	0.0	0.0	0.0	0.0	0.0	0.0	0.0	0.0	0.0	0.0	0.0	0.0	8.159635227601518e-08	0.0	0.0	0.0	0.0	0.0	0.0	0.0	0.0	0.0	0.0	0.0
60.055	0.0	0.0	0.0	0.0	0.0	0.0	0.0	0.0	0.0	3.826109458997854e-12	0.0	0.0	0.0	0.0	0.0	0.0	0.0	0.0	0.0	0.0	0.0	0.0	0.0	0.0	0.0	0.0	0.0	0.0	0.0	0.0
other	0.0	4.653792219083781e-12	5.594774857126458e-12	1.001814350490977e-11	1.4076916793943077e-11	8.999254273273961e-12	2.1876861970585633e-12	5.724820543570054e-12	4.2406842927115974e-12	1.5304437835991415e-12	2.0964593237481625e-12	1.289294874989349e-12	2.399181760310667e-12	1.6866583716129384e-12	1.5913266597230021e-12	5.033708713819583e-13	9.603615587799124e-13	4.602392284383116e-13	4.4305390880141416e-13	0.0	1.2464447629220483e-12	0.0	3.9521638521647234e-13	0.0	0.0	0.0	3.71350629837406e-13	0.0	0.0	0.0
Bottom
other	0.0	0.0	0.0	0.0	0.0	0.0	0.0	0.0	0.0	0.0	0.0	0.0	0.0	0.0	0.0	0.0	0.0	0.0	0.0	0.0	0.0	0.0	0.0	0.0	0.0	0.0	0.0	0.0	0.0	0.0
Graph
other	2.7897241872519153e-11	2.3268961095418908e-11	1.1189549714252916e-11	1.402540090687368e-11	1.407691679394308e-11	1.4141685286573368e-11	7.656901689704972e-12	3.816547029046703e-12	1.1025779161050155e-11	1.147832837699356e-11	7.687017520409927e-12	1.289294874989349e-12	8.397136161087334e-12	6.18441402924744e-12	4.2435377592613385e-12	0.0	9.603615587799124e-13	0.0	8.159679532992398e-08	2.56942385179237e-12	8.309631752813654e-13	1.2136215897124964e-12	1.1856491556494172e-12	0.0	1.1424430972881095e-12	0.0	7.42701259674812e-13	0.0	1.098784172547066e-12	7.305149876704477e-13
C60
other	0.0	1.3961376657251346e-11	0.0	4.007257401963909e-12	1.0948713061955728e-11	7.713646519949112e-12	3.2815292955878453e-12	3.816547029046703e-12	4.2406842927115974e-12	4.591331350797425e-12	4.192918647496325e-12	0.0	2.399181760310667e-12	3.373316743225877e-12	5.304422199076673e-13	1.510112614145875e-12	2.400903896949781e-12	4.602392284383116e-13	0.0	0.0	4.154815876406827e-13	0.0	0.0	0.0	0.0	0.0	3.71350629837406e-13	0.0	0.0	0.0
