Total	Internal	Translational
Top
24.4944698896	2.99687330967e-32	24.4944698896
21.9154792021	0.0	21.9154792021
1.92344181006	0.576492080097	1.34694972996
19.6760906313	1.36503244579	18.3110581855
8.96843175604	2.43958474856	6.52884700748
10.274403164	1.3346512399	8.93975192414
4.74291565959	0.597994142235	4.14492151736
6.29093872568	2.21858717522	4.07235155046
14.289692526	2.02016769933	12.2695248267
7.75800830257	2.84387965757	4.914128645
6.64200696161	1.00959061224	5.63241634937
13.3223597346	0.69855079081	12.6238089438
Bottom
