dphi = 0.05235987755982988	first column is a mass, last row consists of all other masses	mass / surface of the sphere ring	scaled mass sums in consecutive angle intervals, last interval most often smaller (ends at pi/2)
Top
24.022	0.0	0.0	0.0	0.0	3.128203731987351e-12	1.0284862026598814e-11	6.563058591175691e-12	1.9082735145233515e-12	3.3925474341692784e-12	3.060887567198283e-12	1.3976395491654416e-12	7.735769249936093e-12	1.1995908801553335e-12	6.746633486451753e-12	2.1217688796306693e-12	4.026966971055666e-12	2.8810846763397373e-12	1.8409569137532466e-12	8.861078176028283e-13	8.564746172641231e-13	0.0	0.0	0.0	7.747003132474868e-13	0.0	0.0	7.42701259674812e-13	0.0	7.325227816980439e-13	7.305149876704477e-13
36.033	0.0	0.0	0.0	0.0	0.0	0.0	3.2815292955878453e-12	2.862410271785028e-12	0.0	0.0	0.0	1.9339423124840237e-12	1.7993863202330005e-12	0.0	0.0	0.0	0.0	0.0	0.0	0.0	0.0	0.0	0.0	0.0	0.0	0.0	0.0	0.0	0.0	0.0
other	0.0	0.0	0.0	4.007257401963909e-12	0.0	2.5712155066497036e-12	3.2815292955878453e-12	1.9082735145233515e-12	2.544410575626959e-12	2.2956656753987123e-12	1.3976395491654416e-12	4.512532062462721e-12	1.7993863202330005e-12	2.248877828817251e-12	1.5913266597230021e-12	2.013483485527833e-12	9.603615587799124e-13	4.602392284383116e-13	4.4305390880141416e-13	0.0	8.309631752813654e-13	0.0	0.0	3.873501566237434e-13	0.0	3.7550763506265485e-13	0.0	0.0	0.0	0.0
Bottom
other	0.0	0.0	0.0	0.0	0.0	0.0	0.0	0.0	0.0	0.0	0.0	0.0	0.0	0.0	0.0	0.0	0.0	0.0	0.0	0.0	0.0	0.0	0.0	0.0	0.0	0.0	0.0	0.0	0.0	0.0
Graph
other	0.0	0.0	0.0	2.0036287009819543e-12	3.128203731987351e-12	1.0284862026598814e-11	9.844587886763534e-12	6.6789573008317314e-12	5.936958009796237e-12	4.591331350797425e-12	2.0964593237481625e-12	1.0959006437409465e-11	2.399181760310667e-12	5.6221945720431275e-12	2.652211099538337e-12	4.026966971055666e-12	1.4405423381698686e-12	0.0	1.3291617264042426e-12	0.0	0.0	0.0	0.0	1.1620504698712303e-12	0.0	0.0	0.0	0.0	0.0	0.0
C60
other	0.0	0.0	0.0	2.0036287009819543e-12	0.0	2.5712155066497036e-12	3.2815292955878453e-12	0.0	0.0	7.652218917995707e-13	6.988197745827208e-13	3.223237187473372e-12	2.399181760310667e-12	3.373316743225877e-12	1.0608844398153346e-12	2.013483485527833e-12	2.400903896949781e-12	2.3011961421915585e-12	0.0	8.564746172641231e-13	8.309631752813654e-13	0.0	0.0	0.0	0.0	3.7550763506265485e-13	7.42701259674812e-13	0.0	7.325227816980439e-13	7.305149876704477e-13
