dphi = 0.05235987755982988	first column is a mass, last row consists of all other masses	mass / surface of the sphere ring	scaled mass sums in consecutive angle intervals, last interval most often smaller (ends at pi/2)
Top
24.022	0.0	0.0	1.6784324571379374e-11	1.6029029607855635e-11	1.2512814927949404e-11	1.542729303989822e-11	1.3126117182351378e-11	5.724820543570056e-12	5.088821151253918e-12	3.060887567198283e-12	8.385837294992648e-12	5.157179499957396e-12	5.997954400776667e-12	4.497755657634502e-12	7.426191078707342e-12	2.013483485527833e-12	2.8810846763397373e-12	1.8409569137532466e-12	2.6583234528084853e-12	1.7129492345282463e-12	8.309631752813654e-13	0.0	7.904327704329447e-13	0.0	0.0	7.510152701253097e-13	7.42701259674812e-13	1.4731321667597064e-12	0.0	7.305149876704477e-13
36.033	0.0	0.0	0.0	0.0	4.692305597981027e-12	0.0	0.0	2.862410271785028e-12	0.0	2.2956656753987123e-12	0.0	0.0	0.0	0.0	1.5913266597230021e-12	0.0	0.0	0.0	1.3291617264042426e-12	0.0	1.2464447629220483e-12	1.2136215897124964e-12	0.0	1.1620504698712303e-12	0.0	0.0	0.0	0.0	0.0	0.0
other	0.0	0.0	0.0	8.014514803927817e-12	3.128203731987351e-12	2.5712155066497036e-12	1.0938430985292816e-12	9.541367572616758e-13	8.481368585423196e-13	4.591331350797424e-12	1.3976395491654416e-12	3.223237187473372e-12	2.9989772003883336e-12	5.622194572043128e-13	2.6522110995383366e-12	0.0	9.603615587799124e-13	4.602392284383116e-13	1.3291617264042426e-12	4.2823730863206157e-13	0.0	8.090810598083309e-13	0.0	0.0	3.808143657627031e-13	0.0	0.0	0.0	0.0	0.0
Bottom
other	0.0	0.0	0.0	0.0	0.0	0.0	0.0	0.0	0.0	0.0	0.0	0.0	0.0	0.0	0.0	0.0	0.0	0.0	0.0	0.0	0.0	0.0	0.0	0.0	0.0	0.0	0.0	0.0	0.0	0.0
Graph
other	0.0	0.0	1.6784324571379374e-11	2.404354441178345e-11	1.5641018659936755e-11	1.4141685286573368e-11	8.750744788234253e-12	7.633094058093406e-12	4.240684292711598e-12	7.652218917995707e-12	8.385837294992648e-12	7.091121812441419e-12	7.1975452809320004e-12	5.059975114838815e-12	1.1669728837968681e-11	2.013483485527833e-12	2.8810846763397373e-12	1.8409569137532466e-12	2.6583234528084853e-12	1.7129492345282463e-12	8.309631752813654e-13	2.022702649520827e-12	7.904327704329447e-13	1.1620504698712303e-12	3.808143657627031e-13	7.510152701253097e-13	7.42701259674812e-13	1.4731321667597064e-12	0.0	7.305149876704477e-13
C60
other	0.0	0.0	0.0	0.0	4.692305597981027e-12	3.856823259974556e-12	5.469215492646409e-12	1.9082735145233515e-12	1.6962737170846392e-12	2.2956656753987123e-12	1.3976395491654416e-12	1.289294874989349e-12	1.7993863202330005e-12	0.0	0.0	0.0	9.603615587799124e-13	4.602392284383116e-13	2.6583234528084853e-12	4.2823730863206157e-13	1.2464447629220483e-12	0.0	0.0	0.0	0.0	0.0	0.0	0.0	0.0	0.0
