dphi = 0.05235987755982988	first column is a mass, last row consists of all other masses	mass / surface of the sphere ring	scaled mass sums in consecutive angle intervals, last interval most often smaller (ends at pi/2)
Top
24.022	2.7897241872519153e-11	9.307584438167562e-12	0.0	8.014514803927817e-12	0.0	2.5712155066497036e-12	4.3753723941171266e-12	1.9082735145233515e-12	1.6962737170846392e-12	4.591331350797425e-12	2.7952790983308833e-12	6.446474374946744e-12	3.598772640466001e-12	2.248877828817251e-12	3.1826533194460043e-12	4.026966971055666e-12	1.9207231175598247e-12	1.8409569137532466e-12	8.861078176028283e-13	8.564746172641231e-13	2.4928895258440966e-12	8.090810598083309e-13	7.904327704329447e-13	7.747003132474868e-13	0.0	7.510152701253097e-13	7.42701259674812e-13	0.0	0.0	0.0
36.033	0.0	0.0	0.0	0.0	0.0	0.0	0.0	2.862410271785028e-12	0.0	0.0	0.0	0.0	0.0	0.0	0.0	0.0	0.0	0.0	0.0	0.0	0.0	0.0	0.0	0.0	0.0	0.0	0.0	0.0	0.0	0.0
other	0.0	0.0	2.797387428563229e-12	4.007257401963909e-12	1.5641018659936755e-12	3.856823259974556e-12	2.1876861970585633e-12	9.541367572616758e-13	5.088821151253917e-12	2.2956656753987123e-12	6.988197745827208e-13	1.289294874989349e-12	4.198568080543667e-12	1.1244389144086255e-12	5.304422199076673e-13	2.013483485527833e-12	0.0	1.3807176853149352e-12	1.3291617264042426e-12	1.284711925896185e-12	8.309631752813654e-13	4.0454052990416545e-13	0.0	3.873501566237434e-13	0.0	0.0	0.0	0.0	3.6626139084902195e-13	3.6525749383522385e-13
Bottom
other	0.0	0.0	0.0	0.0	0.0	0.0	0.0	0.0	0.0	0.0	0.0	0.0	0.0	0.0	0.0	0.0	0.0	0.0	0.0	0.0	0.0	0.0	0.0	0.0	0.0	0.0	0.0	0.0	0.0	0.0
Graph
other	2.7897241872519153e-11	9.307584438167562e-12	2.797387428563229e-12	1.2021772205891726e-11	1.5641018659936755e-12	2.5712155066497036e-12	5.469215492646409e-12	9.541367572616758e-13	6.785094868338557e-12	6.121775134396566e-12	3.494098872913604e-12	6.446474374946744e-12	7.797340721009667e-12	3.373316743225877e-12	3.713095539353672e-12	5.53707958520154e-12	1.9207231175598247e-12	1.8409569137532466e-12	1.3291617264042426e-12	1.284711925896185e-12	2.4928895258440966e-12	1.2136215897124964e-12	0.0	3.873501566237434e-13	0.0	7.510152701253097e-13	0.0	0.0	0.0	3.6525749383522385e-13
C60
other	0.0	0.0	0.0	0.0	0.0	3.856823259974556e-12	1.0938430985292816e-12	4.7706837863083795e-12	0.0	7.652218917995707e-13	0.0	1.289294874989349e-12	0.0	0.0	0.0	5.033708713819583e-13	0.0	1.3807176853149352e-12	8.861078176028283e-13	8.564746172641231e-13	8.309631752813654e-13	0.0	7.904327704329447e-13	7.747003132474868e-13	0.0	0.0	7.42701259674812e-13	0.0	3.6626139084902195e-13	0.0
