dphi = 0.05235987755982988	first column is a mass, last row consists of all other masses	mass / surface of the sphere ring	scaled mass sums in consecutive angle intervals, last interval most often smaller (ends at pi/2)
Top
24.022	2.7897241872519153e-11	9.307584438167562e-12	2.237909942850583e-11	4.007257401963909e-12	0.0	1.7998508546547923e-11	1.0938430985292816e-11	7.633094058093406e-12	1.0177642302507834e-11	1.5304437835991415e-12	0.0	9.025064124925442e-12	8.397136161087334e-12	5.6221945720431275e-12	2.1217688796306693e-12	3.02022522829175e-12	3.8414462351196495e-12	0.0	8.861078176028283e-13	1.7129492345282463e-12	8.309631752813654e-13	3.2363242392333236e-12	7.904327704329447e-13	0.0	7.616287315254062e-13	0.0	0.0	0.0	0.0	0.0
36.033	0.0	0.0	0.0	0.0	0.0	0.0	3.2815292955878453e-12	0.0	2.544410575626959e-12	0.0	0.0	0.0	0.0	0.0	1.5913266597230021e-12	0.0	1.4405423381698686e-12	0.0	1.3291617264042426e-12	0.0	1.2464447629220483e-12	0.0	0.0	0.0	0.0	0.0	0.0	0.0	0.0	0.0
other	0.0	1.8615168876335124e-11	5.594774857126458e-12	8.014514803927817e-12	3.128203731987351e-12	3.856823259974556e-12	3.2815292955878453e-12	9.541367572616758e-13	1.6962737170846392e-12	4.591331350797424e-12	3.4940988729136037e-12	1.9339423124840237e-12	4.798363520621333e-12	3.3733167432258764e-12	2.1217688796306693e-12	3.020225228291749e-12	1.4405423381698686e-12	1.8409569137532466e-12	1.3291617264042426e-12	4.2823730863206157e-13	4.154815876406827e-13	0.0	3.9521638521647234e-13	3.873501566237434e-13	0.0	0.0	0.0	7.365660833798532e-13	3.6626139084902195e-13	0.0
Bottom
other	0.0	0.0	0.0	0.0	0.0	0.0	0.0	0.0	0.0	0.0	0.0	0.0	0.0	0.0	0.0	0.0	0.0	0.0	0.0	0.0	0.0	0.0	0.0	0.0	0.0	0.0	0.0	0.0	0.0	0.0
Graph
other	2.7897241872519153e-11	1.3961376657251346e-11	1.9581711999942603e-11	2.0036287009819543e-12	3.128203731987351e-12	1.1570469779923666e-11	1.3126117182351381e-11	4.770683786308379e-12	5.936958009796237e-12	5.356553242596994e-12	2.0964593237481625e-12	5.80182693745207e-12	1.1396113361475667e-11	8.43329185806469e-12	2.652211099538337e-12	5.0337087138195825e-12	5.7621693526794746e-12	1.8409569137532466e-12	3.5444312704113133e-12	2.1411865431603078e-12	2.4928895258440966e-12	2.427243179424993e-12	1.1856491556494172e-12	3.873501566237434e-13	7.616287315254062e-13	0.0	0.0	0.0	3.6626139084902195e-13	0.0
C60
other	0.0	1.3961376657251346e-11	8.392162285689687e-12	1.001814350490977e-11	0.0	1.0284862026598814e-11	4.3753723941171266e-12	3.816547029046703e-12	8.481368585423195e-12	7.652218917995707e-13	1.3976395491654416e-12	5.157179499957396e-12	1.7993863202330005e-12	5.622194572043128e-13	3.1826533194460043e-12	1.0067417427639165e-12	9.603615587799124e-13	0.0	0.0	0.0	0.0	8.090810598083309e-13	0.0	0.0	0.0	0.0	0.0	7.365660833798532e-13	0.0	0.0
