Total	Internal	Translational
Top
12.5003860225	0.427636965274	12.0727490572
7.26149134695	0.492638309988	6.76885303696
0.904212121124	0.0	0.904212121124
8.3780509891	1.09012071931	7.28793026979
2.82847390269	0.3639213464	2.46455255629
58.0425006255	0.0	58.0425006255
15.3863903759	0.725789227466	14.6606011484
18.8636017658	0.0	18.8636017658
8.43506648515	2.14492435059	6.29014213456
16.0971358387	0.292396621467	15.8047392172
0.516293710931	0.0	0.516293710931
5.54657122318	0.72222065622	4.82435056696
Bottom
