dphi = 0.05235987755982988	first column is a mass, last row consists of all other masses	mass / surface of the sphere ring	scaled mass sums in consecutive angle intervals, last interval most often smaller (ends at pi/2)
Top
24.022	0.0	9.307584438167562e-12	5.594774857126458e-12	8.014514803927817e-12	1.2512814927949404e-11	7.713646519949112e-12	1.0938430985292816e-11	9.541367572616757e-12	1.0177642302507834e-11	3.060887567198283e-12	1.3976395491654416e-12	5.157179499957396e-12	1.1995908801553335e-12	1.1244389144086255e-12	3.1826533194460043e-12	1.0067417427639165e-12	9.603615587799124e-13	1.8409569137532466e-12	8.861078176028283e-13	1.7129492345282463e-12	3.3238527011254618e-12	0.0	7.904327704329447e-13	7.747003132474868e-13	0.0	7.510152701253097e-13	7.42701259674812e-13	0.0	7.325227816980439e-13	1.4610299753408954e-12
36.033	0.0	0.0	0.0	0.0	0.0	7.713646519949112e-12	6.563058591175691e-12	2.862410271785028e-12	5.088821151253918e-12	4.591331350797425e-12	0.0	0.0	0.0	1.6866583716129384e-12	0.0	0.0	1.4405423381698686e-12	0.0	0.0	0.0	1.2464447629220483e-12	0.0	0.0	0.0	0.0	0.0	1.1140518895122182e-12	0.0	0.0	0.0
48.044	0.0	0.0	0.0	0.0	0.0	0.0	0.0	0.0	0.0	0.0	2.7952790983308833e-12	0.0	0.0	2.248877828817251e-12	2.1217688796306693e-12	0.0	0.0	0.0	0.0	0.0	0.0	0.0	0.0	0.0	0.0	0.0	0.0	0.0	0.0	0.0
60.055	0.0	0.0	0.0	0.0	0.0	0.0	0.0	0.0	0.0	0.0	3.4940988729136037e-12	0.0	0.0	0.0	0.0	0.0	0.0	0.0	0.0	0.0	0.0	0.0	0.0	0.0	0.0	0.0	0.0	0.0	0.0	0.0
other	0.0	0.0	2.797387428563229e-12	0.0	0.0	0.0	1.0938430985292816e-12	0.0	0.0	7.652218917995707e-13	6.988197745827208e-13	0.0	0.0	0.0	0.0	5.033708713819583e-13	0.0	4.602392284383116e-13	0.0	0.0	0.0	0.0	0.0	0.0	0.0	0.0	0.0	0.0	0.0	0.0
Bottom
other	0.0	0.0	0.0	0.0	0.0	0.0	0.0	0.0	0.0	0.0	0.0	0.0	0.0	0.0	0.0	0.0	0.0	0.0	0.0	0.0	0.0	0.0	0.0	0.0	0.0	0.0	0.0	0.0	0.0	0.0
Graph
other	0.0	9.307584438167562e-12	5.594774857126458e-12	4.007257401963909e-12	9.384611195962053e-12	1.542729303989822e-11	1.3126117182351378e-11	1.2403777844401784e-11	1.3570189736677113e-11	8.417440809795277e-12	8.38583729499265e-12	5.157179499957396e-12	1.1995908801553335e-12	5.059975114838815e-12	4.2435377592613385e-12	1.0067417427639165e-12	2.400903896949781e-12	2.3011961421915585e-12	8.861078176028283e-13	1.7129492345282463e-12	4.57029746404751e-12	0.0	0.0	7.747003132474868e-13	0.0	7.510152701253097e-13	1.85675314918703e-12	0.0	7.325227816980439e-13	7.305149876704477e-13
C60
other	0.0	0.0	2.797387428563229e-12	4.007257401963909e-12	3.128203731987351e-12	0.0	5.469215492646409e-12	0.0	1.6962737170846392e-12	0.0	0.0	0.0	0.0	0.0	1.0608844398153346e-12	5.033708713819583e-13	0.0	0.0	0.0	0.0	0.0	0.0	7.904327704329447e-13	0.0	0.0	0.0	0.0	0.0	0.0	7.305149876704477e-13
