dphi = 0.05235987755982988	first column is a mass, last row consists of all other masses	mass / surface of the sphere ring	scaled mass sums in consecutive angle intervals, last interval most often smaller (ends at pi/2)
Top
24.022	0.0	9.307584438167562e-12	1.6784324571379374e-11	2.003628700981954e-11	3.128203731987351e-12	5.142431013299407e-12	1.0938430985292816e-11	1.9082735145233515e-12	3.3925474341692784e-12	1.5304437835991415e-12	2.7952790983308833e-12	2.578589749978698e-12	1.1995908801553335e-12	2.248877828817251e-12	0.0	0.0	9.603615587799124e-13	0.0	0.0	0.0	0.0	0.0	7.904327704329447e-13	7.747003132474868e-13	0.0	0.0	0.0	0.0	0.0	0.0
36.033	0.0	0.0	0.0	0.0	0.0	0.0	0.0	0.0	0.0	2.2956656753987123e-12	0.0	0.0	0.0	0.0	0.0	0.0	0.0	0.0	0.0	0.0	0.0	0.0	0.0	0.0	0.0	0.0	0.0	0.0	0.0	0.0
other	0.0	4.653792219083781e-12	2.797387428563229e-12	4.007257401963909e-12	1.5641018659936755e-12	3.856823259974556e-12	6.563058591175689e-12	9.541367572616758e-13	5.9369580097962364e-12	2.2956656753987123e-12	2.7952790983308833e-12	2.578589749978698e-12	5.997954400776668e-13	1.1244389144086255e-12	1.0608844398153346e-12	1.0067417427639165e-12	4.801807793899562e-13	4.602392284383116e-13	4.4305390880141416e-13	0.0	8.309631752813654e-13	0.0	3.9521638521647234e-13	7.747003132474868e-13	0.0	3.7550763506265485e-13	0.0	0.0	0.0	0.0
Bottom
other	0.0	0.0	0.0	0.0	0.0	0.0	0.0	0.0	0.0	0.0	0.0	0.0	0.0	0.0	0.0	0.0	0.0	0.0	0.0	0.0	0.0	0.0	0.0	0.0	0.0	0.0	0.0	0.0	0.0	0.0
Graph
other	0.0	4.653792219083781e-12	0.0	8.014514803927817e-12	0.0	3.856823259974556e-12	5.469215492646408e-12	9.541367572616758e-13	3.3925474341692784e-12	3.060887567198283e-12	3.4940988729136037e-12	1.289294874989349e-12	1.1995908801553335e-12	2.8110972860215638e-12	5.304422199076673e-13	5.033708713819583e-13	1.4405423381698686e-12	4.602392284383116e-13	4.4305390880141416e-13	0.0	4.154815876406827e-13	0.0	3.9521638521647234e-13	7.747003132474868e-13	0.0	0.0	0.0	0.0	0.0	0.0
C60
other	0.0	9.307584438167562e-12	1.9581711999942603e-11	1.6029029607855635e-11	4.692305597981027e-12	5.142431013299407e-12	1.2032274083822097e-11	1.9082735145233515e-12	5.936958009796237e-12	3.060887567198283e-12	2.0964593237481625e-12	3.8678846249680474e-12	5.997954400776668e-13	5.622194572043128e-13	5.304422199076673e-13	5.033708713819583e-13	0.0	0.0	0.0	0.0	4.154815876406827e-13	0.0	7.904327704329447e-13	7.747003132474868e-13	0.0	3.7550763506265485e-13	0.0	0.0	0.0	0.0
