dphi = 0.05235987755982988	first column is a mass, last row consists of all other masses	mass / surface of the sphere ring	scaled mass sums in consecutive angle intervals, last interval most often smaller (ends at pi/2)
Top
24.022	5.5794483745038306e-11	9.307584438167562e-12	0.0	1.6029029607855635e-11	6.256407463974702e-12	7.713646519949112e-12	1.3126117182351378e-11	3.816547029046703e-12	6.785094868338557e-12	6.121775134396566e-12	5.5905581966617666e-12	3.8678846249680474e-12	4.798363520621334e-12	1.1244389144086255e-12	1.0608844398153346e-12	2.013483485527833e-12	9.603615587799124e-13	1.8409569137532466e-12	8.861078176028283e-13	0.0	8.309631752813654e-13	8.090810598083309e-13	7.904327704329447e-13	0.0	0.0	0.0	0.0	0.0	7.325227816980439e-13	7.305149876704477e-13
60.055	0.0	0.0	0.0	0.0	0.0	0.0	0.0	0.0	0.0	0.0	0.0	0.0	0.0	0.0	0.0	0.0	0.0	0.0	0.0	0.0	0.0	0.0	0.0	0.0	0.0	1.8775381753132743e-12	0.0	0.0	0.0	0.0
36.033	0.0	0.0	0.0	0.0	0.0	0.0	0.0	0.0	0.0	0.0	0.0	0.0	0.0	0.0	0.0	0.0	1.4405423381698686e-12	0.0	0.0	0.0	0.0	0.0	0.0	0.0	0.0	0.0	0.0	0.0	0.0	0.0
other	0.0	0.0	2.797387428563229e-12	2.0036287009819543e-12	3.128203731987351e-12	2.5712155066497036e-12	0.0	1.9082735145233515e-12	0.0	1.5304437835991415e-12	1.3976395491654416e-12	6.446474374946745e-13	5.997954400776668e-13	5.622194572043128e-13	5.304422199076673e-13	5.033708713819583e-13	4.801807793899562e-13	9.204784568766233e-13	0.0	8.564746172641231e-13	0.0	0.0	0.0	0.0	0.0	0.0	0.0	0.0	0.0	0.0
Bottom
other	0.0	0.0	0.0	0.0	0.0	0.0	0.0	0.0	0.0	0.0	0.0	0.0	0.0	0.0	0.0	0.0	0.0	0.0	0.0	0.0	0.0	0.0	0.0	0.0	0.0	0.0	0.0	0.0	0.0	0.0
Graph
other	5.5794483745038306e-11	9.307584438167562e-12	2.797387428563229e-12	1.803265830883759e-11	9.384611195962053e-12	7.713646519949112e-12	1.3126117182351378e-11	1.9082735145233515e-12	6.785094868338557e-12	7.652218917995707e-12	4.891738422079046e-12	4.512532062462722e-12	5.398158960699001e-12	5.622194572043128e-13	1.5913266597230021e-12	2.5168543569097913e-12	0.0	2.76143537062987e-12	8.861078176028283e-13	8.564746172641231e-13	8.309631752813654e-13	8.090810598083309e-13	7.904327704329447e-13	0.0	0.0	1.8775381753132743e-12	0.0	0.0	7.325227816980439e-13	7.305149876704477e-13
C60
other	0.0	0.0	0.0	0.0	0.0	2.5712155066497036e-12	0.0	3.816547029046703e-12	0.0	0.0	2.0964593237481625e-12	0.0	0.0	1.1244389144086255e-12	0.0	0.0	2.8810846763397373e-12	0.0	0.0	0.0	0.0	0.0	0.0	0.0	0.0	0.0	0.0	0.0	0.0	0.0
