dphi = 0.05235987755982988	first column is a mass, last row consists of all other masses	mass / surface of the sphere ring	scaled mass sums in consecutive angle intervals, last interval most often smaller (ends at pi/2)
Top
24.022	0.0	1.8615168876335124e-11	5.594774857126458e-12	2.8050801813747357e-11	2.1897426123911453e-11	1.0284862026598814e-11	8.750744788234253e-12	9.541367572616757e-12	1.696273717084639e-11	9.182662701594848e-12	1.2578755942488972e-11	3.8678846249680474e-12	5.997954400776667e-12	3.373316743225877e-12	4.2435377592613385e-12	4.026966971055666e-12	4.801807793899561e-12	1.8409569137532466e-12	2.6583234528084853e-12	1.7129492345282463e-12	2.4928895258440966e-12	1.6181621196166618e-12	7.904327704329447e-13	7.747003132474868e-13	0.0	0.0	0.0	0.0	0.0	7.305149876704477e-13
36.033	0.0	0.0	8.392162285689687e-12	0.0	4.692305597981027e-12	1.1570469779923667e-11	0.0	2.862410271785028e-12	5.088821151253918e-12	0.0	0.0	0.0	3.598772640466001e-12	0.0	3.1826533194460043e-12	0.0	0.0	0.0	1.3291617264042426e-12	0.0	0.0	0.0	0.0	0.0	0.0	0.0	0.0	0.0	0.0	0.0
3317330.101	0.0	0.0	0.0	0.0	0.0	0.0	0.0	0.0	0.0	0.0	0.0	0.0	0.0	0.0	0.0	0.0	1.3262160964013807e-07	0.0	0.0	0.0	0.0	0.0	0.0	0.0	0.0	0.0	0.0	0.0	0.0	0.0
48.044	0.0	0.0	0.0	0.0	0.0	0.0	0.0	0.0	0.0	3.060887567198283e-12	0.0	0.0	0.0	0.0	0.0	0.0	0.0	0.0	0.0	0.0	0.0	0.0	0.0	0.0	0.0	0.0	0.0	0.0	0.0	0.0
other	0.0	1.3961376657251346e-11	1.95817119999426e-11	6.010886102945863e-12	7.820509329968377e-12	1.0284862026598813e-11	5.469215492646408e-12	8.587230815355082e-12	6.785094868338556e-12	8.417440809795277e-12	1.3976395491654416e-12	4.512532062462721e-12	3.5987726404660002e-12	2.8110972860215638e-12	4.2435377592613385e-12	2.5168543569097913e-12	3.3612654557296928e-12	1.8409569137532466e-12	8.861078176028283e-13	1.284711925896185e-12	4.154815876406827e-13	4.0454052990416545e-13	3.9521638521647234e-13	0.0	3.808143657627031e-13	0.0	0.0	0.0	0.0	0.0
Bottom
other	0.0	0.0	0.0	0.0	0.0	0.0	0.0	0.0	0.0	0.0	0.0	0.0	0.0	0.0	0.0	0.0	0.0	0.0	0.0	0.0	0.0	0.0	0.0	0.0	0.0	0.0	0.0	0.0	0.0	0.0
Graph
other	0.0	2.792275331450269e-11	2.2379099428505828e-11	2.404354441178345e-11	2.8153833587886154e-11	2.6997762819821886e-11	1.421996028088066e-11	1.5266188116186812e-11	2.035528460501567e-11	1.913054729498927e-11	9.084657069575369e-12	6.446474374946744e-12	1.1396113361475667e-11	5.059975114838815e-12	1.0608844398153346e-11	6.543821327965457e-12	1.326292925326083e-07	3.681913827506493e-12	3.5444312704113133e-12	2.56942385179237e-12	2.908371113484779e-12	2.022702649520827e-12	1.1856491556494172e-12	7.747003132474868e-13	3.808143657627031e-13	0.0	0.0	0.0	0.0	7.305149876704477e-13
C60
other	0.0	4.653792219083781e-12	1.1189549714252916e-11	1.001814350490977e-11	6.256407463974702e-12	5.142431013299407e-12	0.0	5.724820543570054e-12	8.481368585423195e-12	1.5304437835991415e-12	4.891738422079046e-12	1.9339423124840237e-12	1.7993863202330005e-12	1.1244389144086255e-12	1.0608844398153346e-12	0.0	4.801807793899562e-13	0.0	1.3291617264042426e-12	4.2823730863206157e-13	0.0	0.0	0.0	0.0	0.0	0.0	0.0	0.0	0.0	0.0
