id	name	mass [g/mol]	latitude [rad]	longitude [rad]
Top
3681	C276155	3316897.7049911646	0.8496082892606776	-0.6737100897567281
3682	C	12.011	0.8835693866540332	1.1820764754008133
3683	C2	24.022	0.6465943056529188	1.3839638615046326
3685	C2	24.022	0.7044671907991251	1.4397553022597593
3686	C	12.011	1.0612086379628392	0.21266083741817873
3687	C3	36.033	0.7715804833591543	0.14027700997727244
3688	C2	24.022	0.7591219561604268	-3.0905408215624863
3689	C	12.011	0.6799941727579075	1.4272906014456646
3690	C2	24.022	0.4624917595191324	0.9017072809188293
3691	C2	24.022	0.3842113601415629	1.8101915668118456
3692	C	12.011	0.8354825926954498	0.9855128063830133
3693	C3	36.033	0.3331613322250419	1.2877334103090827
3694	C2	24.022	0.689208356797839	0.6631761981905959
3695	C6	72.06599999999999	0.492155020830654	1.358185706322545
3696	C2	24.022	0.6235820106436909	1.3663945097044674
3697	C	12.011	0.7093811539140878	1.560288186115332
3698	C2	24.022	0.7454509948991206	-0.26572639742800597
3699	C2	24.022	0.14046096662956725	1.268016954405214
3700	C	12.011	0.34755192497291243	-0.1619492263638559
3701	C	12.011	0.4026099956047292	0.2505031202402788
3702	C2	24.022	0.4263427428163286	1.714785062184411
3703	C	12.011	1.0342511777388532	1.2964979521016238
3704	C2	24.022	0.08379455098427192	-1.1282689031037636
3705	C2	24.022	0.602101348271092	1.4771040687299857
3706	C3	36.033	0.5741918544454704	0.3692634581064581
3707	C	12.011	0.5420098993517344	-2.7205569342380795
3708	C	12.011	0.44520231340507077	1.97984481827501
3709	C2	24.022	0.4429215294468524	-0.025071366818837874
3710	C	12.011	0.6454434655054626	-1.4108543082167297
3711	C2	24.022	0.7209323571652259	-0.41445089053858364
3712	C	12.011	0.5779235138905124	1.3226162049478625
3713	C	12.011	0.22765795475322345	2.891434926917854
3714	C2	24.022	0.7555884842695997	-1.5565241439590012
3715	C	12.011	0.9661186131928106	-0.7798099653542937
3716	C2	24.022	0.15765792658892563	-0.5419907775539302
3717	C2	24.022	0.5630601834799032	-1.1097095045768581
3719	C	12.011	0.7969333272875107	2.0494122966534096
3720	C2	24.022	0.5073910896941527	-1.1099058721523025
3721	C3	36.033	0.8661511157602382	-1.9501432821511437
3722	C2	24.022	0.2142415295064847	1.7609351175997718
3723	C2	24.022	1.0802749871618085	-0.49774066437752457
3724	C3	36.033	0.48053402193809963	1.1847073477552459
3725	C2	24.022	0.24780652984980756	2.023058571774284
3726	C2	24.022	0.1546122373099954	2.6854453964881735
3727	C6	72.06599999999999	1.357523032910431	-1.3665213214360288
3728	C	12.011	0.1868242228484567	-2.604370359483958
3729	C	12.011	0.5063236902374113	-0.38027828093028143
3730	C	12.011	0.2615334902873891	0.4947251594272109
3731	C	12.011	0.21798841683629647	0.8992195571998168
3732	C	12.011	0.7661625170699866	2.2178850781558332
3733	C2	24.022	0.9071277941462856	-2.0598825330161463
3734	C3	36.033	0.6025797824209702	1.8938356632729272
3735	C2	24.022	0.6606411747817779	0.9083938659440607
3736	C2	24.022	0.966354405996786	0.008721033213379019
3737	C2	24.022	0.6643852964692486	-2.53924046919911
3738	C	12.011	0.48320205625945983	2.0004572049466285
3739	C2	24.022	0.4444254378234128	-1.5899252089467366
3740	C	12.011	0.28885428763886456	-1.6585204154713158
3741	C2	24.022	0.7830642180564605	-1.4903959187012994
3742	C3	36.033	1.2540796624670139	1.1059699683143067
3743	C	12.011	0.48854342737149575	-0.4610749947500009
3744	C2	24.022	0.6591508862664035	-2.023029860206356
3745	C	12.011	0.6852108590838633	-1.1546871176337141
3746	C2	24.022	0.6633817275610024	-2.7559027241357263
3747	C	12.011	0.21016269480300273	-1.346635476614717
3748	C	12.011	0.8635610308638444	2.5039588196678473
3749	C2	24.022	0.19252810344772178	-1.5503163569026222
3750	C	12.011	0.7552760706201064	3.0898296486180343
3751	C3	36.033	0.6544483378193844	-0.6886691426637765
3752	C2	24.022	0.8922874152972772	-1.0431592276825226
3753	C3	36.033	0.04982058252408936	-1.3290628344482331
3754	C	12.011	0.9835798179797118	3.083048856481665
3755	C2	24.022	0.6388168847985342	3.070254454896099
3756	C2	24.022	0.076621229043836	-2.116850858149054
3757	C3	36.033	0.2898227610901447	-1.980630567700325
3758	C	12.011	0.5092948407229213	-0.6556488847760624
3759	C2	24.022	0.8477169532658904	-0.15430274260856205
3760	C2	24.022	0.27031180157012363	-2.6830332168782354
3761	C	12.011	0.3494898291936342	0.4010240970520701
3762	C	12.011	0.9247520911441679	-0.9948018929805759
3763	C2	24.022	0.8412142074239152	-1.6968791624632253
3764	C	12.011	0.4508842186811942	-3.1074348372953824
3765	C2	24.022	0.6722876285924	-1.323348863599064
3766	C	12.011	0.4782563736594891	-2.415612744562308
3767	C	12.011	1.0028970541271751	-1.752315514765572
3768	C2	24.022	0.5077024578378154	-0.15839696020770516
3769	C2	24.022	1.1161221533569226	-2.7034575593342534
3770	C	12.011	0.41881331489881607	-2.149617834126213
3771	C	12.011	0.33864445876724103	-1.0258395696955838
3772	C2	24.022	0.37269171861218753	-2.8781865937892785
3773	C2	24.022	0.26055003940015425	-1.376953844157667
3774	C	12.011	0.7524463402847739	-2.726442155883798
3775	C2	24.022	0.47714404129098587	-2.287214967898059
3776	C3	36.033	1.3626409063306106	-1.0653292466838717
3777	C	12.011	1.1580457681076894	-2.8985213975823703
3778	C	12.011	0.38630850523354066	-0.34266743120375637
3779	C	12.011	0.37858681103844305	3.0469961241723036
3780	C	12.011	0.11406360228666276	0.02940622676112096
3781	C	12.011	0.3260061981126212	-0.057722799137797015
3782	C2	24.022	0.7566875247397792	-1.70352282881805
3783	C	12.011	0.8061538328107921	-2.282152489101768
3784	C	12.011	0.15465054177329524	0.0984868237285121
3785	C2	24.022	0.5122821531932912	-2.6136462144637083
3786	C	12.011	1.1000194510043368	2.228690623613795
3787	C2	24.022	0.2404436102940036	-2.288223882422074
3788	C	12.011	0.49336221962632293	1.931506152639644
3789	C	12.011	0.2831833564529589	1.2784516079846169
3790	C2	24.022	0.6771287350688551	-2.359624144444035
3791	C3	36.033	0.4441558621468382	1.3624667788982094
3792	C2	24.022	0.480203092078311	-0.7128985697627567
3793	C	12.011	1.4127336365167398	-0.664700122683124
3794	C2	24.022	1.2627535185765306	2.5584607791383056
3795	C3	36.033	0.9061851336217616	2.649214441588579
3796	C2	24.022	0.7323043544611935	1.1124665629133859
3797	C2	24.022	0.8994932989975795	-0.3615420805849838
3799	C	12.011	0.6037694876622066	0.890590192792153
3800	C	12.011	0.7219948984642076	1.350793912584552
3801	C	12.011	0.6672044263234431	3.0191132753492824
3802	C2	24.022	0.2299464096595949	1.9785206636034582
3803	C2	24.022	0.8600306018452561	0.36656097224163064
3804	C2	24.022	0.5375479145278832	0.3100032470817617
3805	C	12.011	0.7362971449064205	1.1653042164940144
3806	C	12.011	0.7080170492465007	-0.10793386854091179
3807	C	12.011	0.6169678833801022	1.7343582619854863
3808	C2	24.022	0.7322948280425285	2.6075998897820387
3809	C2	24.022	0.2656459569738665	2.447680169560706
3810	C	12.011	0.8223347241619202	-0.4958012451799988
3811	C2	24.022	0.4119652353292219	-0.7242816679339993
3812	C	12.011	0.47060013283778385	-2.0119828107153115
3813	C2	24.022	0.9206019128017726	1.3001206457104826
3814	C	12.011	0.3409546323956031	0.8527415744778944
3815	C2	24.022	1.0458521954121336	2.269464302957295
3816	C	12.011	0.33675907154300067	-2.8121391580479917
3817	C	12.011	0.6566191982808376	2.3363986178221308
3818	C3	36.033	0.07836685951711629	1.2690414003226271
3819	C2	24.022	0.5070664811703487	-2.8330310408020494
3820	C2	24.022	1.1431796597721835	2.043004857508664
3821	C2	24.022	0.9278314574500459	-0.2226909169919019
3822	C2	24.022	0.6334661758852701	0.8561633272818737
3823	C	12.011	0.4164007275372257	-0.4328366387635597
3824	C2	24.022	0.975217900716875	-3.0493233007232288
3825	C	12.011	0.7178794635149329	0.6071277857423832
3826	C	12.011	0.08404355570646209	1.0953485137689651
3827	C	12.011	0.5478112312963876	0.23791539478983378
3828	C2	24.022	0.35268280381538497	-0.7322539644835464
3829	C2	24.022	0.6646953093009169	-0.22001224408776876
3830	C2	24.022	0.8251794081022621	1.5816869425627522
3831	C2	24.022	0.24245534738072436	-1.5652032615906841
3832	C	12.011	0.5706499638378261	1.6403250005149064
3833	C	12.011	0.5683071177959831	2.558455264599175
3834	C2	24.022	0.23271518284384254	2.7850004662212484
3835	C3	36.033	0.7730297600538342	2.1382350464229836
3836	C2	24.022	0.7066873649868851	-2.767924349441423
3837	C	12.011	0.7234165813316101	2.673771493536705
3838	C	12.011	0.3988961021439867	3.1071012967978167
3839	C2	24.022	0.3082081207519315	2.7699725624766085
3840	C3	36.033	0.46753384250591196	-3.0366282738828034
3841	C2	24.022	0.3695028006491783	1.4959120872616893
3842	C2	24.022	0.41131917571050675	-0.07670707895113163
3843	C	12.011	0.15129981897523187	1.280664971436668
3844	C2	24.022	1.3143000211875369	2.778862565780159
3845	C3	36.033	0.6126273135572335	2.111392690073284
3846	C2	24.022	0.2726884678425285	-2.9349966547927946
3847	C	12.011	0.7803931077431305	2.3988781685298743
3848	C	12.011	0.2978297921912123	2.116257824981647
3849	C2	24.022	0.4073435052400795	2.3543023233810145
3850	C2	24.022	1.2038558656005822	2.510112409844308
3851	C2	24.022	1.1283736894698226	2.9752656207592643
3852	C2	24.022	0.6314686600052127	2.116424112746407
3853	C	12.011	0.4439188842082721	2.4846841586787467
3854	C	12.011	0.590460613591388	2.0187708859714024
3855	C	12.011	0.9326076636726981	3.0241781347019834
3856	C3	36.033	0.8630468304528238	2.6082252237642307
3857	C	12.011	0.5299133732240788	-2.8833051386669024
3858	C3	36.033	0.6875698237475978	1.496544587350347
3859	C	12.011	0.4702147401952982	-2.488633494510579
3860	C	12.011	0.6491828578675609	1.0406503147876682
3861	C	12.011	0.9615779949414309	2.1101205903805003
3862	C	12.011	1.0746571961658238	0.7076944329239416
3863	C3	36.033	0.34880758256085936	0.8656893216964601
3864	C	12.011	0.5917447043489349	-1.886209341470396
3865	C2	24.022	0.9535361715844383	-2.2094463075820685
3866	C2	24.022	0.41221606989936393	-2.3013779960717216
3867	C	12.011	0.44997340085432813	1.7247963962873512
3868	C3	36.033	0.8874877652993325	-0.39452188329536003
3869	C	12.011	0.42633114928502663	1.839008977021204
3871	C2	24.022	0.4927166054936259	-2.4923824814670126
3872	C	12.011	0.9697950543000473	-0.00283175397367001
3873	C2	24.022	0.49126944247891613	2.42486139527336
3874	C	12.011	0.5849854706559775	1.243416038953921
3875	C2	24.022	0.8237729536987684	1.4616944675793473
3876	C	12.011	0.41442722926973297	-2.9976676334797685
3877	C2	24.022	1.1635943868262733	-0.8021951052061894
3878	C	12.011	0.8132607171505114	-1.6421726787474107
3879	C	12.011	0.597048546783061	-0.9827349500306386
3880	C2	24.022	1.0244029324152868	2.3289879440228636
3881	C2	24.022	0.4534244471503905	-0.7848825315109237
3882	C	12.011	0.4863595662295792	0.16861470723966265
3883	C2	24.022	0.33261151835555186	-1.7490675042735455
3884	C	12.011	0.3693696328556234	2.3957122507190727
3885	C	12.011	0.3219784017225013	2.4015384491176364
3886	C3	36.033	0.7565748804042715	0.6139303156243415
3887	C	12.011	0.7747611070595748	-1.0133321764850851
3888	C	12.011	0.7226090081867959	-2.3832039396722475
3889	C	12.011	0.28182901657522214	0.3680138217700312
3890	C2	24.022	0.8956150434651087	-0.8351094601260659
3891	C2	24.022	0.3567494907598913	-0.26948196554336884
3892	C	12.011	0.565508144379896	-0.17819187185286176
3893	C	12.011	0.3644420099983813	-1.065568559960339
3894	C	12.011	0.5565316843304416	-1.8621094332065424
3895	C	12.011	0.7918531881996294	1.3982720770762502
3896	C	12.011	0.5753257829785594	-2.1854419423483886
3897	C	12.011	0.8001007787436604	0.06357258868859592
3898	C	12.011	0.20946834877650733	0.2238467769948464
3899	C2	24.022	0.37326220438775154	0.36597294964675464
3900	C	12.011	0.43672914339829894	0.40054706631676706
3901	C	12.011	0.29348237484269835	2.338123498602531
3902	C	12.011	0.4787892518614373	-1.2056386074459826
3903	C	12.011	0.20747167508484435	1.1608821720651459
3904	C	12.011	0.44937461008735335	-1.9294322380642417
3905	C	12.011	0.4849754813503127	1.043091319463619
3906	C	12.011	0.1407731683080721	1.9471876887030646
3907	C	12.011	0.11838856103274636	-0.5273806892117973
3908	C	12.011	0.9049722626643041	0.8669985347350165
3909	C	12.011	0.5138947797907814	-0.8964283195920661
3910	C	12.011	0.6783857081462934	-0.12003167843259262
3911	C	12.011	0.7748454399646728	-3.0094200238300273
3912	C	12.011	0.42136102830802247	-0.18358648678259473
3913	C	12.011	0.7298760124186452	-0.7794356814203492
3914	C	12.011	0.27023549270678726	2.4327931655516983
3915	C	12.011	0.4433350366065324	-0.07274377714850427
3916	C	12.011	0.7820156666270448	0.8464015847192458
3917	C	12.011	0.4825350708715841	-0.7536828192943015
3918	C	12.011	0.6099596467561973	1.539830528044088
3919	C	12.011	0.30909465379478723	0.5654583250858004
3920	C	12.011	0.8772442209905862	0.5568925649064284
3921	C	12.011	0.7301287712310782	-0.2039699770882064
3922	C	12.011	0.2793970237927369	2.938644865352983
3923	C	12.011	0.2468519920173102	1.5661520741060428
3924	C	12.011	0.14308018747552803	-2.0629922090830606
3925	C	12.011	0.4704854542223133	-0.41705368754154815
Bottom
