dphi = 0.05235987755982988	first column is a mass, last row consists of all other masses	mass / surface of the sphere ring	scaled mass sums in consecutive angle intervals, last interval most often smaller (ends at pi/2)
Top
24.022	0.0	0.0	5.594774857126458e-12	8.014514803927817e-12	6.256407463974702e-12	2.5712155066497036e-12	6.563058591175691e-12	5.724820543570056e-12	1.6962737170846392e-12	7.652218917995707e-12	4.192918647496325e-12	3.8678846249680474e-12	3.598772640466001e-12	1.1244389144086255e-12	1.0608844398153346e-12	2.013483485527833e-12	3.8414462351196495e-12	9.204784568766233e-13	1.7722156352056566e-12	8.564746172641231e-13	8.309631752813654e-13	0.0	0.0	7.747003132474868e-13	1.5232574630508125e-12	7.510152701253097e-13	0.0	7.365660833798532e-13	7.325227816980439e-13	0.0
36.033	0.0	0.0	0.0	0.0	0.0	0.0	0.0	0.0	0.0	0.0	0.0	0.0	1.7993863202330005e-12	1.6866583716129384e-12	0.0	0.0	0.0	0.0	0.0	1.284711925896185e-12	1.2464447629220483e-12	0.0	0.0	0.0	0.0	0.0	0.0	0.0	0.0	0.0
other	1.3948620936259577e-11	1.3961376657251346e-11	1.1189549714252916e-11	8.014514803927817e-12	4.692305597981027e-12	1.2856077533248515e-11	3.2815292955878453e-12	5.724820543570054e-12	6.785094868338556e-12	4.591331350797424e-12	5.590558196661766e-12	3.867884624968047e-12	4.798363520621333e-12	4.497755657634501e-12	3.713095539353671e-12	3.5235960996737074e-12	1.9207231175598247e-12	2.76143537062987e-12	0.0	1.284711925896185e-12	0.0	0.0	7.904327704329447e-13	0.0	1.1424430972881095e-12	7.510152701253097e-13	0.0	3.682830416899266e-13	0.0	0.0
Bottom
other	0.0	0.0	0.0	0.0	0.0	0.0	0.0	0.0	0.0	0.0	0.0	0.0	0.0	0.0	0.0	0.0	0.0	0.0	0.0	0.0	0.0	0.0	0.0	0.0	0.0	0.0	0.0	0.0	0.0	0.0
Graph
other	1.3948620936259577e-11	4.653792219083781e-12	8.392162285689687e-12	1.2021772205891726e-11	7.820509329968377e-12	3.856823259974556e-12	8.750744788234253e-12	5.724820543570056e-12	3.3925474341692784e-12	9.182662701594848e-12	6.988197745827207e-12	7.091121812441419e-12	7.797340721009667e-12	6.18441402924744e-12	3.713095539353672e-12	4.530337842437624e-12	5.2819885732895175e-12	2.3011961421915585e-12	8.861078176028283e-13	2.9976611604244312e-12	2.0774079382034135e-12	0.0	7.904327704329447e-13	7.747003132474868e-13	2.665700560338922e-12	1.5020305402506194e-12	0.0	3.682830416899266e-13	7.325227816980439e-13	0.0
C60
other	0.0	9.307584438167562e-12	8.392162285689687e-12	4.007257401963909e-12	3.128203731987351e-12	1.1570469779923666e-11	1.0938430985292816e-12	5.724820543570054e-12	5.088821151253918e-12	3.060887567198283e-12	2.7952790983308833e-12	6.446474374946745e-13	2.399181760310667e-12	1.1244389144086255e-12	1.0608844398153346e-12	1.0067417427639165e-12	4.801807793899562e-13	1.3807176853149352e-12	8.861078176028283e-13	4.2823730863206157e-13	0.0	0.0	0.0	0.0	0.0	0.0	0.0	7.365660833798532e-13	0.0	0.0
