dphi = 0.05235987755982988	first column is a mass, last row consists of all other masses	mass / surface of the sphere ring	scaled mass sums in consecutive angle intervals, last interval most often smaller (ends at pi/2)
Top
24.022	0.0	9.307584438167562e-12	0.0	8.014514803927817e-12	3.128203731987351e-12	7.713646519949112e-12	8.750744788234253e-12	1.9082735145233515e-12	1.1873916019592473e-11	4.591331350797425e-12	2.7952790983308833e-12	5.157179499957396e-12	3.598772640466001e-12	4.497755657634502e-12	7.426191078707342e-12	4.026966971055666e-12	3.8414462351196495e-12	1.8409569137532466e-12	0.0	3.4258984690564925e-12	8.309631752813654e-13	8.090810598083309e-13	0.0	7.747003132474868e-13	0.0	0.0	7.42701259674812e-13	0.0	0.0	0.0
36.033	0.0	0.0	0.0	0.0	0.0	7.713646519949112e-12	3.2815292955878453e-12	5.724820543570056e-12	2.544410575626959e-12	0.0	0.0	1.9339423124840237e-12	0.0	0.0	0.0	0.0	0.0	1.3807176853149352e-12	0.0	0.0	0.0	0.0	1.1856491556494172e-12	1.1620504698712303e-12	0.0	0.0	0.0	0.0	0.0	0.0
60.055	0.0	0.0	0.0	0.0	0.0	0.0	0.0	0.0	0.0	0.0	0.0	0.0	0.0	0.0	0.0	0.0	0.0	0.0	0.0	2.1411865431603078e-12	0.0	0.0	0.0	0.0	0.0	0.0	0.0	0.0	0.0	0.0
48.044	0.0	0.0	0.0	0.0	0.0	0.0	0.0	0.0	0.0	0.0	0.0	0.0	0.0	0.0	0.0	0.0	0.0	0.0	1.7722156352056566e-12	0.0	0.0	0.0	0.0	0.0	0.0	0.0	0.0	0.0	0.0	0.0
other	2.7897241872519153e-11	4.653792219083781e-12	5.594774857126458e-12	1.2021772205891724e-11	7.820509329968377e-12	2.5712155066497036e-12	5.469215492646408e-12	7.633094058093406e-12	5.9369580097962364e-12	4.591331350797424e-12	2.7952790983308833e-12	5.80182693745207e-12	2.399181760310667e-12	5.059975114838814e-12	1.0608844398153346e-12	1.510112614145875e-12	1.9207231175598247e-12	4.602392284383116e-13	2.6583234528084845e-12	4.2823730863206157e-13	4.154815876406827e-13	4.0454052990416545e-13	7.904327704329447e-13	3.873501566237434e-13	0.0	0.0	0.0	0.0	0.0	0.0
Bottom
other	0.0	0.0	0.0	0.0	0.0	0.0	0.0	0.0	0.0	0.0	0.0	0.0	0.0	0.0	0.0	0.0	0.0	0.0	0.0	0.0	0.0	0.0	0.0	0.0	0.0	0.0	0.0	0.0	0.0	0.0
Graph
other	1.3948620936259577e-11	0.0	2.797387428563229e-12	1.402540090687368e-11	1.0948713061955726e-11	1.2856077533248517e-11	1.0938430985292816e-11	8.587230815355082e-12	1.696273717084639e-11	8.417440809795277e-12	4.192918647496325e-12	7.735769249936093e-12	5.997954400776667e-12	6.746633486451753e-12	7.426191078707342e-12	5.0337087138195825e-12	4.801807793899561e-12	3.681913827506493e-12	4.430539088014141e-12	4.2823730863206156e-12	1.2464447629220483e-12	1.2136215897124964e-12	1.5808655408658894e-12	1.1620504698712303e-12	0.0	0.0	7.42701259674812e-13	0.0	0.0	0.0
C60
other	1.3948620936259577e-11	1.3961376657251346e-11	2.797387428563229e-12	6.010886102945863e-12	0.0	5.142431013299407e-12	6.563058591175691e-12	6.67895730083173e-12	3.3925474341692784e-12	7.652218917995707e-13	1.3976395491654416e-12	5.157179499957396e-12	0.0	2.8110972860215638e-12	1.0608844398153346e-12	5.033708713819583e-13	9.603615587799124e-13	0.0	0.0	1.7129492345282463e-12	0.0	0.0	3.9521638521647234e-13	1.1620504698712303e-12	0.0	0.0	0.0	0.0	0.0	0.0
