Total	Internal	Translational
Top
512.542991128	512.521134729	0.0218563981534
8.48080494074	1.79880478782	6.68200015291
26.2168049383	2.25243726004	23.9643676783
12.6579014857	0.449059080958	12.2088424047
19.5632392186	7.78323126024	11.7800079583
8.12779549529	1.95800531648	6.16979017881
10.1430399625	2.0425802056	8.10045975686
16.0027960546	5.96842667692	10.0343693777
1.39653488193	0.706904602597	0.689630279329
17.3486830116	6.69055455661	10.658128455
12.7274889308	2.3872792592	10.3402096716
28.7081274573	1.50490387101	27.2032235863
6.1421757635	0.0	6.1421757635
16.1979750301	3.85822422099	12.3397508091
59.4158194867	1.19874932387e-31	59.4158194867
22.8846402493	4.79499729548e-31	22.8846402493
33.4637559539	2.06340061475	31.4003553392
55.2558612417	0.0	55.2558612417
3.24840218446	1.56247202942	1.68593015504
2.84093211373	0.0	2.84093211373
144.015243017	0.0	144.015243017
5.22776985656	0.919011402346	4.30875845421
114.753937729	0.0	114.753937729
139.524124894	2.99687330967e-32	139.524124894
11.279744007	4.03231770948	7.2474262975
7.63270384173	1.19874932387e-31	7.63270384173
27.2406181464	0.428422711657	26.8121954348
8.28846437523	1.19874932387e-31	8.28846437523
40.7255327368	0.0678108750351	40.6577218617
123.045873829	0.0	123.045873829
75.2817313193	0.0	75.2817313193
9.09222138556	2.89963060811	6.19259077745
62.7018455344	1.12997669716	61.5718688372
37.7180669979	0.0	37.7180669979
6.76329148297	0.0	6.76329148297
3.49639737574	0.336525261105	3.15987211464
12.1257680066	1.85193518886	10.2738328178
2.40114022492	0.0	2.40114022492
79.725236635	4.59212713797	75.133109497
25.9038569002	5.48416493866	20.4196919615
12.4921307252	9.20906779869	3.28306292647
49.7466347798	0.0	49.7466347798
18.6403667872	3.89295630681	14.7474104804
12.7816360725	3.57432461468	9.20731145779
0.602232574902	0.145948491639	0.456284083263
4.49050567927	0.876923440782	3.61358223849
11.5824742756	0.0	11.5824742756
25.6774122138	4.86991912822e-31	25.6774122138
17.3142259043	2.47479939488	14.8394265094
40.7141119122	9.50409537681	31.2100165354
32.6978255342	4.54953526504	28.1482902692
31.7587839687	6.28246776011	25.4763162086
20.1640401335	0.0	20.1640401335
56.843943009	0.0	56.843943009
61.2015303977	0.0	61.2015303977
9.52361220605	0.0	9.52361220605
52.779225538	4.79499729548e-31	52.779225538
3.09011136458	0.0	3.09011136458
5.18648813633	2.40678478942	2.77970334691
8.99225319965	0.395125362188	8.59712783746
9.28666293017	0.0	9.28666293017
46.2371968878	0.0	46.2371968878
93.2480844818	0.216472292742	93.0316121891
72.7325077263	3.89683195422	68.8356757721
28.4207996967	2.99687330967e-32	28.4207996967
12.7206418711	0.766554869755	11.9540870013
6.29744998034	0.0	6.29744998034
7.54998015475	1.98228767158	5.56769248317
10.979094622	2.49676361227	8.48233100972
10.4613964373	0.0	10.4613964373
14.6185068944	1.41576819124	13.2027387032
30.3464551833	0.0	30.3464551833
17.3662367249	0.0	17.3662367249
6.3289805937	0.0	6.3289805937
26.472752691	1.90257781121	24.5701748797
169.105063109	0.0	169.105063109
9.55241438879	1.19874932387e-31	9.55241438879
5.14369545608	2.25055637257	2.89313908351
193.277398653	2.03787385058e-30	193.277398653
3.80655889706	0.0	3.80655889706
9.53142957433	2.66119652216	6.87023305218
17.9782382275	0.312247130891	17.6659910966
25.3271141621	0.0	25.3271141621
95.3682918871	1.19874932387e-31	95.3682918871
18.4867569735	3.40982437834	15.0769325951
28.8905340369	0.0	28.8905340369
7.04898975609	0.5601036595	6.48888609659
2.87903567224	0.0	2.87903567224
11.8220473576	0.529205443572	11.2928419141
12.2953629623	2.63919897195	9.65616399036
160.993055284	7.49218327419e-33	160.993055284
2.51718307154	0.849019405645	1.6681636659
6.84326728584	1.71397543494	5.1292918509
1.24651038903	0.143784369468	1.10272601956
37.6099540208	2.99687330967e-32	37.6099540208
1.15970912583	0.365941543812	0.793767582013
2.06069880061	0.553377031739	1.50732176888
2.0443359954	0.573264426127	1.47107156927
2.49333511346	1.22692753128	1.26640758218
86.424680421	1.91799891819e-30	86.424680421
0.562508907311	0.0144599709294	0.548048936382
2.89995516772	1.4844086128	1.41554655491
4.88296924719	0.711507734039	4.17146151316
9.70008550325	4.42825720171	5.27182830154
26.5927927168	0.0	26.5927927168
3.47880342387	0.478285777795	3.00051764608
8.52848613502	3.72594711071	4.80253902431
9.54448866592	3.97413269887	5.57035596705
7.00232606249	5.1575744525	1.84475160999
15.2081839955	2.65676689241	12.551417103
29.6064853042	3.52642538091	26.0800599233
232.03088619	3.07407073194	228.956815458
21.9829960809	2.58206122788	19.400934853
28.7174018726	3.96844127026	24.7489606024
20.1486719427	1.39837334101	18.7502986017
30.786067593	1.19874932387e-31	30.786067593
7.32896157402	0.0	7.32896157402
96.6690372403	0.0	96.6690372403
141.133842503	0.0	141.133842503
47.5316328884	0.0	47.5316328884
5.34338205999	1.19110893077	4.15227312922
3.23402097847	0.32330578337	2.9107151951
55.7432049392	3.69260192138	52.0506030179
10.4939584253	2.60432228622	7.8896361391
5.12336974265	0.0822469175572	5.04112282509
4.01799477281	2.99687330967e-32	4.01799477281
43.9092529751	5.99374661935e-31	43.9092529751
41.3938370501	0.0	41.3938370501
2.28343796583	1.62594779708	0.657490168747
7.25325575953	3.41599645075	3.83725930879
6.27085387787	0.542163074123	5.72869080375
122.29563211	0.0	122.29563211
2.62878665044	0.356171002559	2.27261564789
5.49160001667	0.614203505085	4.87739651158
14.6047870935	4.21356493522	10.3912221583
8.37450138176	6.19345079666	2.18105058511
11.2121487792	1.03051065211	10.181638127
2.13722001645	0.475213133563	1.66200688289
36.0201751971	0.0	36.0201751971
69.0497486134	0.0	69.0497486134
26.3231633607	1.19874932387e-31	26.3231633607
5.45377750743	1.0472715924	4.40650591503
110.007792747	0.0	110.007792747
6.63149624548	4.96766247578	1.6638337697
129.684654818	0.0	129.684654818
176.6209931	0.0	176.6209931
4.14191104872	1.44185002935	2.70006101938
5.68607249301	3.81235369636	1.87371879665
6.15698536885	0.688125462732	5.46885990612
1.2761201489	0.164470561883	1.11164958702
4.025987319	0.449327395371	3.57665992362
41.6173932807	4.79499729548e-31	41.6173932807
4.66430519905	2.99687330967e-32	4.66430519905
8.39042076774	1.93569435952	6.45472640822
19.3134108389	2.78123749025	16.5321733487
7.07023708575	5.51723404164	1.55300304411
9.15813082364	1.11695939669	8.04117142695
9.73169898495	1.87279751714	7.85890146781
60.5436393364	0.0	60.5436393364
6.77210084382	4.85912314101	1.91297770281
0.392375684012	0.0680300030753	0.324345680937
1.47864234913	0.500316445746	0.978325903387
3.92639820223	0.456079822743	3.47031837948
3.77975514461	2.21030481305	1.56945033156
1.65340681975	1.05159900775	0.601807812006
6.94953257867	1.17832239598	5.77121018268
11.9605898349	0.0	11.9605898349
21.620258527	0.0	21.620258527
8.42833940985	0.0	8.42833940985
24.4924404868	1.19874932387e-31	24.4924404868
8.52910039103	2.40374446404	6.12535592698
1.55239895506	1.32419716628	0.228201788778
4.77305777613	0.0	4.77305777613
6.89772546344	1.19874932387e-31	6.89772546344
49.7583479811	1.19874932387e-31	49.7583479811
5.48751040349	3.84344387561	1.64406652788
1.99383853032	0.318843867355	1.67499466296
32.2033062661	3.53902842504	28.6642778411
9.52875343035	0.0	9.52875343035
2.25146648408	0.420490228882	1.8309762552
24.9685405769	3.5558053641	21.4127352128
393.524968376	2.07256049234	391.452407884
1.38832778179	0.188250923173	1.20007685862
420.890180126	0.0	420.890180126
54.4713457241	1.19874932387e-31	54.4713457241
0.639849189475	0.204621399243	0.435227790232
92.0269179553	0.0	92.0269179553
13.0271052595	6.26408100255	6.76302425698
14.608578885	1.52424636997	13.084332515
118.268013588	0.0	118.268013588
15.0595356563	0.0	15.0595356563
11.3278548408	0.498094578783	10.829760262
10.988728107	0.0	10.988728107
12.2296418791	0.0	12.2296418791
1.32475764604	0.0	1.32475764604
36.0945947663	0.0	36.0945947663
5.68753954001	1.86738782848	3.82015171153
43.8596113102	4.79499729548e-31	43.8596113102
4.02285072019	0.0	4.02285072019
120.001098935	2.39749864774e-30	120.001098935
13.78762527	0.0	13.78762527
127.85211184	0.0	127.85211184
168.947540514	0.0	168.947540514
60.3741625676	2.99687330967e-32	60.3741625676
260.302649718	0.0	260.302649718
42.056053975	0.0	42.056053975
20.6369110003	1.17065363659e-34	20.6369110003
35.0494897737	0.0	35.0494897737
71.4053193398	0.0	71.4053193398
35.4406460855	0.0	35.4406460855
90.2255992452	2.03787385058e-30	90.2255992452
89.0590501053	4.79499729548e-31	89.0590501053
224.860963539	0.0	224.860963539
107.34049247	7.49218327419e-33	107.34049247
124.154753733	0.0	124.154753733
29.7834207242	0.0	29.7834207242
100.034674093	0.0	100.034674093
367.275809948	1.91799891819e-30	367.275809948
183.636302122	0.0	183.636302122
311.273400347	1.19874932387e-31	311.273400347
164.61052221	1.19874932387e-31	164.61052221
305.455200982	4.79499729548e-31	305.455200982
70.242837408	0.0	70.242837408
76.6318186602	0.0	76.6318186602
113.549719709	1.91799891819e-30	113.549719709
145.721212833	0.0	145.721212833
282.337030519	4.79499729548e-31	282.337030519
37.7271520125	0.0	37.7271520125
155.230580789	0.0	155.230580789
12.860949389	1.19874932387e-31	12.860949389
Bottom
