id	name	mass [g/mol]	latitude [rad]	longitude [rad]
Top
5984	C276167	3317041.836991164	0.7872283985782755	-2.832263411799379
5985	C2	24.022	0.6030143837670429	0.6245838292884569
5986	C2	24.022	0.4471722180391594	-0.2545469740757436
5987	C2	24.022	0.5083711578747425	0.051861419372252165
5988	C2	24.022	0.88170140398041	2.875924048499861
5989	C2	24.022	0.5593788947545053	2.236095923836542
5990	C4	48.044	0.9116253255019731	0.14117245448971513
5991	C2	24.022	0.9688943030001845	1.0205114944737408
5992	C2	24.022	0.1273654096922237	0.8334112736167071
5993	C2	24.022	0.7187341679533302	0.9207006527724909
5994	C2	24.022	0.7179844851033358	0.786244440527962
5995	C2	24.022	0.8769667435066201	2.484760114947181
5996	C	12.011	0.8811097416357244	3.015807692207484
5997	C3	36.033	1.0123535688154264	1.5999264482456228
5998	C	12.011	0.42765900290588177	0.2748304628941694
5999	C	12.011	0.427318043280547	-2.466211034398228
6000	C2	24.022	0.5970957799629105	1.3424259398048897
6001	C	12.011	0.4646496689586716	-1.7498675976251614
6002	C3	36.033	0.37056747963745595	-1.6297926781893215
6003	C	12.011	1.0874593539941821	2.1422239115441553
6004	C	12.011	0.5444131418651792	3.07560152016734
6005	C2	24.022	0.3259323819909649	1.316378579444705
6006	C	12.011	0.7415747107033279	-2.7790202083813584
6007	C	12.011	0.731498008742736	-0.1607049265328795
6008	C2	24.022	0.49888681799682966	0.12705808554942943
6009	C	12.011	0.6014756314734011	0.5192156843129778
6010	C2	24.022	0.2471313914217374	-1.6000778412432415
6011	C	12.011	0.09318329159383718	2.5749650384544354
6012	C2	24.022	0.734361962054056	2.061482476469164
6013	C	12.011	0.5951404563258438	-2.9787606322242635
6014	C	12.011	0.5941481420693132	1.1316907561583638
6015	C3	36.033	0.9095480198471655	0.9354863686274756
6016	C2	24.022	0.8800037476383623	3.0779245250974787
6017	C	12.011	0.41389874970665214	2.5889372025697175
6018	C	12.011	1.2378297985007716	0.36510989782944014
6019	C2	24.022	0.10282265837517068	-1.5208689943615277
6020	C3	36.033	0.46809791524469646	-0.9910254380829735
6021	C	12.011	0.15223973682103534	0.6426539703884538
6022	C2	24.022	0.12286925392089242	1.8867483186715708
6023	C2	24.022	0.04460330067251875	-0.9104868346150006
6024	C2	24.022	0.7665586106984587	2.438226412559857
6025	C	12.011	0.3059295625502778	-2.1156925031907403
6026	C2	24.022	0.08387227421707322	-1.0188750761896086
6027	C2	24.022	0.7828289500551298	-2.7203413459896284
6028	C2	24.022	0.5601741592696063	2.9149260758164557
6029	C2	24.022	0.23829249594389268	-2.8182030557964026
6030	C	12.011	0.46078378266284425	-1.8403769844482376
6031	C	12.011	0.4308279515072668	-1.8915420831561631
6032	C2	24.022	0.6030163791960308	-0.6745786489166982
6033	C2	24.022	0.9922313151362278	-0.5911256232007003
6034	C2	24.022	0.0936578147359565	-2.3603851895766237
6035	C2	24.022	0.399466656302198	0.4038000058193481
6036	C	12.011	0.5394891458344769	2.034708997824704
6037	C	12.011	0.5517454157403682	0.739770390306568
6038	C	12.011	0.9037947858174606	2.70664094374743
6039	C	12.011	0.3417732153705057	-1.816666138831863
6040	C	12.011	1.4555586048994087	-1.004365231207287
6041	C	12.011	0.18616731463474248	-0.6896988093144922
6042	C2	24.022	0.27136550395259557	-2.242264651130103
6043	C2	24.022	0.5327273569890241	-0.9683619047277732
6044	C	12.011	0.4198372958024195	-1.0666107525933544
6045	C	12.011	0.4932791267667363	2.7188644461418128
6046	C2	24.022	0.193415450065322	-1.6463113399719143
6047	C2	24.022	0.49590803393999616	-2.107393037970553
6048	C	12.011	0.41195663978786246	-0.741904284985128
6049	C2	24.022	0.9894206267797305	-2.160717203249772
6050	C	12.011	0.6016507615869904	-1.9730011516512564
6051	C2	24.022	0.44443540244375995	2.9026184607652477
6052	C2	24.022	0.7710707574184725	-0.25325511654305183
6053	C	12.011	0.908307799606987	-0.5788878716782797
6054	C2	24.022	0.31603049591634547	0.3368693265130197
6055	C	12.011	0.23394014523749423	-0.6834350604034708
6056	C	12.011	0.4263036402780513	-1.2859420093291893
6057	C	12.011	0.8483052497025199	-0.9938028869903742
6058	C2	24.022	0.6260413176080762	-0.5787177843233621
6059	C	12.011	0.19542796241140528	0.6960353980592783
6060	C	12.011	0.3498245808261444	-0.8361309947010253
6061	C2	24.022	0.5301044759072514	1.428945329262811
6062	C	12.011	0.5621591077018412	2.8460836262719234
6063	C	12.011	1.5105845320954772	-2.043406992122629
6064	C2	24.022	0.6621211920947356	-1.1283773654705942
6065	C2	24.022	1.2146214030599287	-1.1349945492358713
6066	C	12.011	1.2691470995034142	-2.7111488033800106
6067	C	12.011	0.3461197532980649	0.7944899789690767
6068	C2	24.022	0.5399256650653489	-1.8167459809361048
6069	C	12.011	0.8325560328760145	-1.1127758747044696
6070	C2	24.022	0.26935630013083134	-1.7891598620200513
6071	C	12.011	0.5934753938773378	2.06625800530046
6072	C2	24.022	0.47831768665246005	-1.226531841943536
6073	C3	36.033	0.9111103046823402	-2.7238732425786454
6074	C	12.011	0.7193732230251553	-3.071316120058762
6075	C4	48.044	1.1161258285407636	-0.4787682578766766
6076	C3	36.033	0.850584449831874	1.6319641788190349
6077	C2	24.022	0.5431775308577985	-1.781571523058773
6078	C	12.011	0.7701582826483198	1.8279286429864063
6079	C2	24.022	0.7028342586651599	-2.075010071067648
6080	C2	24.022	0.6504213098414267	-1.1090666211565514
6081	C2	24.022	0.6543348993143487	0.13809506040908634
6082	C3	36.033	0.26780818504464754	-2.3062905907282953
6083	C	12.011	0.4513706360463805	0.7894189602531861
6084	C2	24.022	0.5967119497007122	0.4328769674325274
6085	C2	24.022	0.6010247142139051	-1.196208873580681
6086	C2	24.022	0.5121966548222832	2.3596662804101225
6087	C3	36.033	0.2761409010915066	-1.2978641123487942
6088	C	12.011	0.7978704344161502	1.242794522201653
6089	C2	24.022	0.46571057089795537	1.9398756670475974
6090	C3	36.033	0.8173482400260328	-0.6603314813026303
6091	C3	36.033	0.7073341867455983	-1.7878983107334487
6092	C2	24.022	0.7514979777222435	-2.874029577447026
6093	C3	36.033	0.18707294334190958	-1.3372243303413531
6094	C2	24.022	0.42819416956317025	-2.2707839987548386
6095	C2	24.022	0.3835752528881734	-2.806402352680446
6096	C2	24.022	0.41948293233101025	1.8116555839084933
6098	C2	24.022	0.6986243912770445	1.6873697837316672
6099	C2	24.022	0.1042987283540134	-1.3420634937893814
6101	C	12.011	0.6624651165945308	-0.6867453631300594
6102	C	12.011	1.0321598248078891	-0.052811350780257525
6103	C	12.011	0.7527737940727951	0.8048808173643729
6104	C	12.011	0.3877888639181948	1.5390325646513052
6105	C	12.011	0.5548114259967867	2.724118651163172
6106	C2	24.022	0.7115372644962437	1.4900717495344478
6107	C2	24.022	1.5698642828507285	-2.940928254846393
6108	C2	24.022	0.38908329693303256	2.309169579665946
6109	C2	24.022	0.6605234174442194	-0.3779694142816669
6110	C2	24.022	0.7732488969536739	1.8954633504159055
6111	C	12.011	0.9834209912409562	-1.2317210715526183
6112	C	12.011	0.49438087689013255	2.3384849430257857
6113	C	12.011	0.6591467247616275	-1.1764881793031676
6114	C2	24.022	1.14447944769805	2.8538174363630273
6115	C3	36.033	0.19882205921965307	2.438292414869757
6116	C2	24.022	0.704956338609878	-2.2523284925675573
6117	C	12.011	0.5916943380198775	0.5110393680137745
6118	C2	24.022	0.35415641188779645	-2.4395620048276494
6119	C2	24.022	0.9630434346224904	3.0816144251297795
6120	C2	24.022	0.34645810012753436	-2.418741924876878
6121	C2	24.022	0.6478145136287604	2.6119664949653885
6122	C2	24.022	0.19190773868591252	-0.6766260413439458
6123	C2	24.022	0.20437677754549002	0.19442151670079533
6124	C	12.011	0.3699715079323589	0.9480622818602142
6125	C	12.011	0.12843280413123886	0.517589919415095
6126	C	12.011	1.074592510896166	-1.7836745263313027
6127	C2	24.022	0.5811925190684676	2.587650248238108
6128	C	12.011	0.8521896781645051	-1.7405533265746918
6129	C2	24.022	0.5073559898657736	1.6811086510383955
6130	C	12.011	0.2068720076170251	1.591145368745737
6131	C	12.011	0.10797652868638345	-2.988379457850081
6132	C3	36.033	0.7934182009615053	1.2139455632442524
6133	C2	24.022	0.7241545548701841	1.5106125852964245
6134	C2	24.022	0.283455778927136	0.7995464613776828
6135	C2	24.022	0.39220972429012224	-0.8146512052648056
6136	C2	24.022	0.5225459677344934	-0.1644057864125034
6137	C	12.011	0.7414300628460568	2.302894773852807
6138	C	12.011	0.9557696730056051	0.5683216992683914
6140	C3	36.033	1.0438257880709354	1.728251716687089
6141	C4	48.044	0.48466476473204684	-0.7185409415554745
6142	C2	24.022	0.2663772964753861	0.10014222538749745
6143	C2	24.022	0.21208751095658662	0.37840729355655567
6145	C2	24.022	0.6683822763022942	-2.8368329314108878
6146	C	12.011	0.4498632545382716	-2.592432114585181
6147	C2	24.022	0.24990997857624014	0.2613717197393934
6148	C2	24.022	0.975590050006795	-0.5775669746996779
6149	C2	24.022	1.3895683797694238	-0.024186532996009643
6150	C2	24.022	0.3038695922799736	-1.1931164290462972
6151	C2	24.022	0.5436087865847875	0.9066729721438224
6152	C2	24.022	0.14858126025939053	-0.7367068891809648
6153	C2	24.022	0.4020959094112547	2.69061813885512
6154	C	12.011	0.31990752118082155	1.5941700034673474
6155	C	12.011	0.5595433983360667	1.8343716673392885
6156	C	12.011	1.0611260184629896	3.042358673470664
6157	C	12.011	0.9824602016603592	1.461559970491244
6158	C2	24.022	1.382817837623682	1.629788155856407
6159	C2	24.022	0.7417187024098737	2.4330165868721556
6160	C	12.011	0.7082969659606086	-0.6054109163808981
6162	C	12.011	0.2139888860493391	3.002367249418474
6163	C	12.011	0.4759021724731305	2.2256881144235474
6164	C2	24.022	0.3074301636196729	1.4764695654745357
6165	C2	24.022	0.38042723254028116	-3.0612445960412638
6166	C2	24.022	0.6437071028053181	-2.1843056111513994
6167	C	12.011	0.9802723220236553	2.3015856204733542
6168	C2	24.022	0.34718420054243376	-2.1848863983141524
6169	C2	24.022	0.4808951991868768	2.057202816533984
6170	C2	24.022	0.1373233255975023	0.07259690797251706
6171	C2	24.022	0.6054125513692047	-2.915418930226497
6172	C	12.011	0.3952998761815321	-2.403475268075153
6173	C	12.011	0.43132793313886764	-1.769818626276201
6174	C2	24.022	0.9762999637378346	2.7107838477001818
6175	C	12.011	0.7674664404705167	-0.4961024580883145
6176	C2	24.022	0.4845277065669502	-2.352913439952288
6179	C2	24.022	0.44316868326210923	-2.341755848151138
6180	C	12.011	0.8163966818661493	-2.0418579801100054
6181	C	12.011	0.2749164911108083	-1.9300181056864063
6182	C2	24.022	0.5649655090352106	-2.9038394553389044
6183	C	12.011	1.2737646576549289	-1.2797749686448805
6184	C	12.011	0.8580591861068881	-1.3665702318379185
6185	C	12.011	0.6053141174369246	2.7024484149054047
6186	C	12.011	0.8711819804383475	-2.6669412150985887
6187	C2	24.022	0.21267794510509916	0.628799361118468
6189	C	12.011	0.7093859010762682	-0.8536151082330153
6190	C	12.011	0.4938819881236541	1.2532805508065024
6191	C	12.011	1.1143976997540426	2.9414515600534004
6192	C	12.011	0.2400759272556349	2.9174548560621436
6193	C	12.011	0.49380197302205936	1.3244147648621638
6194	C	12.011	0.4453875286443688	1.9150095668839853
6195	C	12.011	0.27918730146381315	0.9684591839435936
6196	C	12.011	0.28381763071744476	0.8971127069617224
6197	C	12.011	0.6484774725855447	-0.12636735118005463
6198	C	12.011	0.8745360008025361	-1.5935770007187404
6199	C	12.011	0.6485742652630178	-1.6266862081563473
6200	C	12.011	0.5603636605798423	-0.9021466478739046
6201	C	12.011	0.5710048945864059	1.5591775096920257
6202	C	12.011	0.5055327438530189	-1.0538105888307432
6203	C	12.011	0.7576658035160616	-0.7580247929318356
6204	C	12.011	0.5366995129307633	-2.6780519393894595
6205	C	12.011	0.3715162577276271	1.3666576899505962
6206	C	12.011	0.19928749344871474	-0.5235029558476602
6207	C	12.011	0.4640543067950083	-0.9312750569559662
6208	C	12.011	0.3070210330997057	1.7044683789598194
6209	C	12.011	0.4559567682505835	1.4117436113152801
6210	C	12.011	0.5289199659534124	1.2868180629574202
6211	C	12.011	0.6014635276711173	-2.9289738429569856
6212	C	12.011	0.22522751956222983	0.05782866705071007
6213	C	12.011	0.3573262127741218	1.3032807624056688
6214	C	12.011	1.0861274478898582	-2.609570885894968
6215	C	12.011	1.2749362233991994	2.49840344757986
6216	C	12.011	0.20812530991904332	-1.127048439331798
6217	C	12.011	0.5779670606715991	-1.4953981555068276
6218	C	12.011	0.4890545403200601	0.9998036903311143
6219	C	12.011	0.3846230651218546	1.9950247843063442
6220	C	12.011	0.5811018721258023	1.7930288797392187
6221	C	12.011	0.635491843847319	1.0612174576128008
Bottom
