dphi = 0.05235987755982988	first column is a mass, last row consists of all other masses	mass / surface of the sphere ring	scaled mass sums in consecutive angle intervals, last interval most often smaller (ends at pi/2)
Top
24.022	0.0	9.307584438167562e-12	5.594774857126458e-12	4.007257401963909e-12	6.256407463974702e-12	7.713646519949112e-12	1.0938430985292816e-11	7.633094058093406e-12	6.785094868338557e-12	3.060887567198283e-12	2.7952790983308833e-12	2.578589749978698e-12	4.798363520621334e-12	1.1244389144086255e-12	2.1217688796306693e-12	2.013483485527833e-12	3.8414462351196495e-12	0.0	1.7722156352056566e-12	1.7129492345282463e-12	4.154815876406827e-12	8.090810598083309e-13	0.0	0.0	7.616287315254062e-13	7.510152701253097e-13	7.42701259674812e-13	0.0	0.0	7.305149876704477e-13
36.033	0.0	0.0	8.392162285689687e-12	0.0	0.0	0.0	0.0	0.0	0.0	0.0	0.0	3.8678846249680474e-12	0.0	1.6866583716129384e-12	0.0	0.0	0.0	0.0	0.0	0.0	0.0	0.0	0.0	0.0	1.1424430972881095e-12	0.0	1.1140518895122182e-12	0.0	0.0	0.0
72.066	0.0	0.0	0.0	0.0	0.0	0.0	0.0	0.0	0.0	0.0	0.0	0.0	0.0	0.0	0.0	0.0	0.0	0.0	0.0	0.0	0.0	2.4272431794249925e-12	0.0	0.0	0.0	0.0	0.0	0.0	0.0	0.0
60.055	0.0	0.0	0.0	0.0	0.0	0.0	0.0	0.0	0.0	0.0	0.0	0.0	2.9989772003883336e-12	0.0	0.0	0.0	0.0	0.0	0.0	0.0	0.0	0.0	0.0	0.0	0.0	0.0	0.0	0.0	0.0	0.0
48.044	0.0	0.0	0.0	0.0	0.0	0.0	0.0	0.0	0.0	0.0	0.0	0.0	0.0	0.0	0.0	0.0	0.0	0.0	0.0	0.0	1.6619263505627309e-12	0.0	0.0	0.0	0.0	0.0	0.0	0.0	0.0	0.0
other	1.3948620936259577e-11	1.8615168876335124e-11	5.594774857126458e-12	0.0	7.820509329968377e-12	3.856823259974556e-12	7.65690168970497e-12	9.541367572616757e-12	5.088821151253917e-12	6.8869970261961354e-12	4.192918647496324e-12	2.578589749978698e-12	4.198568080543667e-12	2.248877828817251e-12	2.1217688796306693e-12	2.013483485527833e-12	3.3612654557296928e-12	9.204784568766233e-13	4.4305390880141416e-13	8.564746172641231e-13	8.309631752813654e-13	1.2136215897124964e-12	0.0	7.747003132474868e-13	7.616287315254062e-13	0.0	0.0	0.0	3.6626139084902195e-13	0.0
Bottom
other	0.0	0.0	0.0	0.0	0.0	0.0	0.0	0.0	0.0	0.0	0.0	0.0	0.0	0.0	0.0	0.0	0.0	0.0	0.0	0.0	0.0	0.0	0.0	0.0	0.0	0.0	0.0	0.0	0.0	0.0
Graph
other	0.0	9.307584438167562e-12	1.1189549714252916e-11	4.007257401963909e-12	7.820509329968377e-12	8.999254273273963e-12	1.3126117182351378e-11	6.6789573008317314e-12	6.785094868338557e-12	5.356553242596996e-12	4.891738422079046e-12	8.380416687430767e-12	1.1396113361475667e-11	4.497755657634502e-12	3.713095539353672e-12	2.5168543569097913e-12	5.762169352679474e-12	9.204784568766233e-13	8.861078176028283e-13	1.7129492345282463e-12	6.647705402250922e-12	4.4499458289458196e-12	0.0	7.747003132474868e-13	2.665700560338922e-12	7.510152701253097e-13	1.85675314918703e-12	0.0	3.6626139084902195e-13	7.305149876704477e-13
C60
other	1.3948620936259577e-11	1.8615168876335124e-11	8.392162285689687e-12	0.0	6.256407463974702e-12	2.5712155066497036e-12	5.469215492646408e-12	1.0495504329878433e-11	5.088821151253917e-12	4.591331350797424e-12	2.0964593237481625e-12	6.446474374946745e-13	5.997954400776668e-13	5.622194572043128e-13	5.304422199076673e-13	1.510112614145875e-12	1.4405423381698686e-12	0.0	1.3291617264042426e-12	8.564746172641231e-13	0.0	0.0	0.0	0.0	0.0	0.0	0.0	0.0	0.0	0.0
