id	name	mass [g/mol]	latitude [rad]	longitude [rad]
Top
169	C2	24.022	1.4415327776045168	0.35725755207097365
170	C	12.011	0.7830946288869459	2.64826956714837
171	C	12.011	0.6686722382895888	-0.3386051350015421
173	C	12.011	0.27832661989206414	-1.2250986640476014
174	C2	24.022	1.4029574211460971	-1.7040198999147438
175	C	12.011	0.5636374020725843	-0.8324381527467765
177	C2	24.022	0.3686574119444816	-1.6948602225836724
179	C3	36.033	1.4893615151119843	1.8082388529081177
182	C	12.011	0.7017298037259947	-0.4164680971288474
183	C	12.011	0.6538860050263237	2.1494200507577252
184	C	12.011	0.3158717901488683	1.2363854449678107
185	C	12.011	0.6674116011650763	-1.1693504389251326
186	C	12.011	0.37739377715733824	1.1642743784936216
187	C	12.011	0.46926486009107016	-1.8770807824558977
Bottom
