id	name	mass [g/mol]	latitude [rad]	longitude [rad]
Top
4927	C	12.011	1.0065131273308205	0.6590046839936041
4928	C	12.011	0.8774075840003076	1.2622685593654779
4929	C2	24.022	0.6750322862823449	0.3021364549812235
4930	C2	24.022	0.8200219347057215	0.6459541239182935
4931	C2	24.022	0.851462026773417	1.350481378731594
4932	C3	36.033	1.52352623509534	1.5818106476016291
4933	C	12.011	0.9867711538282601	0.9193762839961485
4934	C3	36.033	0.5669266152775921	1.885414195381052
4935	C2	24.022	1.3965979357423757	0.966908519056361
4936	C3	36.033	0.5324159989140501	0.5953932984135004
4937	C3	36.033	0.6716001656204966	1.3884103911385441
4938	C2	24.022	0.47316389033181233	-1.4401251267956459
4939	C2	24.022	0.2784679406943854	2.823249730880305
4940	C2	24.022	0.08018166909522421	-2.9319706332628623
4941	C2	24.022	0.41433954452208144	2.967936956383097
4942	C2	24.022	0.877324641923468	0.9485981322994756
4943	C2	24.022	0.7259250974709777	-0.48370223485127173
4944	C3	36.033	0.601991270349371	1.5454417722073244
4945	C2	24.022	0.3406274356136381	0.41391808670248914
4946	C	12.011	0.6358895784283481	1.947591234453088
4947	C	12.011	1.0992800341894617	-1.9137736806473467
4948	C	12.011	0.8655940037956441	0.7633136113675543
4949	C	12.011	0.907905467604768	-2.790937366246314
4950	C	12.011	0.4754728888234315	-0.18885257849713286
4951	C	12.011	0.4618934189501192	-3.0906614357369335
4952	C2	24.022	0.7501572094683465	0.9459667692076725
4953	C2	24.022	0.5317030984156339	2.235886728324514
4954	C2	24.022	0.5703732399499901	-1.0615938877368822
4955	C2	24.022	1.197159041974709	-0.19348275622695157
4956	C2	24.022	0.6557747974578463	1.3123010158638817
4957	C2	24.022	1.361467211074487	-0.39099401153458796
4958	C2	24.022	0.13606207820601418	0.7764763845239199
4959	C2	24.022	0.08182904539279781	-2.2901242580160996
4960	C	12.011	0.39048637622028826	-0.43369838283848533
4961	C2	24.022	0.4485748049888624	1.8331338772076422
4962	C2	24.022	0.43985574278146394	0.9741412025203726
4963	C	12.011	0.5834805709631283	0.07584463367993842
4964	C	12.011	0.35945640606546053	0.11605440097155403
4965	C3	36.033	0.4550493130436539	0.8663603375080084
4966	C	12.011	0.5914257322906663	-0.15850890249524574
4967	C	12.011	0.7109051259705069	1.6333074292853775
4968	C2	24.022	0.30952780791362583	1.675023334555958
4969	C2	24.022	0.5137491829699402	1.4220362852122606
4970	C2	24.022	0.5173805896818864	-3.1109248565508283
4971	C2	24.022	0.8436507748194398	2.523249870086183
4972	C2	24.022	0.4779539801416296	-0.40581672264859886
4973	C	12.011	1.052284143263873	0.3779777978786495
4974	C	12.011	0.5229151504423135	-1.0583379271363196
4975	C	12.011	0.15191709629087258	-1.4082130906469308
4976	C	12.011	0.08979307776052477	0.9893719763341565
4977	C	12.011	0.43582763722575796	2.9983574087456635
4978	C2	24.022	0.6737976055112296	-0.5320353454808538
4979	C	12.011	0.842814702922287	0.17755965639101082
4980	C3	36.033	0.47718138840271584	0.3957217800023049
4981	C	12.011	1.0599308945601726	1.6143177611012605
4982	C2	24.022	0.29752398664846524	3.126653878639935
4983	C2	24.022	0.38997371128309205	0.5983315939647279
4984	C2	24.022	0.6244475482563844	-1.101584735034281
4985	C2	24.022	0.9379758379747775	0.5791661522447067
4986	C	12.011	0.4039979725009748	-1.122293927621679
4987	C	12.011	0.4764215048383323	-2.921686332742159
4988	C2	24.022	0.6979327955903202	2.313826304748094
4989	C2	24.022	1.1943618831509613	-2.4929035404603894
4990	C2	24.022	1.1574427517973556	-0.31260612589588177
4991	C2	24.022	0.5679263192189207	-2.545007153114795
4992	C2	24.022	0.19729811147255746	0.619652322400873
4993	C	12.011	0.5978027062756166	2.528919240158788
4994	C	12.011	0.291961092169815	1.771323130241644
4995	C2	24.022	0.5639762658362686	-0.07297740904431742
4996	C	12.011	0.40636406881978654	-2.3827853656363076
4997	C	12.011	0.7428302269181327	-3.0010546073790176
4998	C2	24.022	0.5174733313871139	-1.6412502577412353
4999	C2	24.022	0.6388360515736873	-1.8578011996658579
5000	C	12.011	1.1804680247190105	3.099601103265639
5001	C	12.011	0.7311223522620183	-2.7132317586894734
5002	C	12.011	0.5957458199768538	-0.4453365641174253
5003	C2	24.022	0.4061556404210976	-0.4566718542074045
5004	C	12.011	0.46895689843394245	2.520726728459561
5005	C2	24.022	0.22857144256126424	1.4314349199353187
5006	C2	24.022	0.2374050264495323	-2.2643800764682798
5007	C	12.011	0.44851101267050936	-2.4533645376246667
5008	C2	24.022	0.43474134007920145	2.9799748565422512
5009	C2	24.022	0.8168992212043273	-2.462058723935331
5010	C	12.011	0.6121879237868719	0.3697863547779476
5011	C2	24.022	0.33461270437415713	2.500728445869776
5012	C	12.011	0.37473413841129444	1.0845126340714542
5013	C2	24.022	0.5033758696740523	1.222206942300662
5014	C2	24.022	0.9333241871214978	-2.4095642080049573
5015	C	12.011	0.17111427947785832	-0.2789521150121118
5016	C2	24.022	0.7686348884210228	-2.161997034210537
5017	C	12.011	0.5676520391197032	-2.9674050114770885
5018	C2	24.022	0.6185838392718616	1.7283705206506708
5019	C2	24.022	0.2485697191919677	0.024727495890360395
5020	C2	24.022	1.0506887802438674	-0.969746533562116
5021	C2	24.022	1.2191847136352563	-0.7257265118880747
5022	C2	24.022	0.3013923856864805	1.1454478113766167
5023	C	12.011	0.5709416192224251	-0.0015376838206778562
5024	C	12.011	0.43357514801110014	-1.6202430590628332
5025	C	12.011	1.4565874610984992	-0.03237210568642735
5026	C	12.011	0.24654146332255136	2.906210444987155
5027	C	12.011	0.3748161389971823	-0.2148763889168455
5028	C2	24.022	1.0111744911216751	-2.8739903872898718
5029	C2	24.022	0.37636202123293183	1.3251666647353306
5030	C	12.011	0.8046330974998411	-0.9475750277662786
5031	C2	24.022	0.8123696441982983	-0.288191588090428
5032	C2	24.022	1.0114461678780922	-1.7491428381234173
5033	C2	24.022	0.5904716473129953	-2.3185871075833138
5034	C	12.011	0.38411177885480857	-2.614886723418998
5035	C2	24.022	0.2733117559762038	-0.3358751896578646
5036	C2	24.022	1.197973792876706	-0.036814860674975095
5037	C	12.011	0.1029581373926406	-1.5356548682432083
5038	C	12.011	0.3556043772642012	2.03496313630219
5039	C2	24.022	0.6555661310749783	1.3030699756314363
5040	C4	48.044	0.5831802797433916	2.6306721815768324
5041	C	12.011	0.5595324682227558	-2.4733391648258722
5042	C	12.011	0.7644051510754929	1.8197641030041205
5043	C2	24.022	1.1007723223143968	-0.323844044911923
5044	C	12.011	0.36182190001763487	-2.849440656460152
5045	C	12.011	0.42821715257999154	-2.7975902655290055
5046	C	12.011	0.708005388035835	-2.3604231505647304
5047	C2	24.022	0.6873240359203397	2.367146944173219
5048	C2	24.022	0.288778251711937	0.3072340863040757
5049	C2	24.022	0.3725317795027275	-3.114091626482187
5050	C	12.011	1.5137067704131968	2.0982230757089164
5051	C	12.011	0.9426900814347516	-0.21967624108424227
5052	C	12.011	0.461366865225938	1.9870220505401879
5053	C2	24.022	0.9152198837874596	1.426015748160353
5054	C2	24.022	0.3719019740367887	0.498630963783492
5055	C	12.011	0.21729653505440025	-1.8398686778721927
5056	C2	24.022	1.224427386910313	-2.846495203349902
5057	C	12.011	0.4751612359946503	2.3393484481963283
5058	C	12.011	1.0429494554170524	2.830482526958458
5059	C	12.011	0.7339669553604911	1.8626235645109963
5060	C2	24.022	0.10724951862968803	-1.8009027153919053
5061	C	12.011	0.48711041367642316	2.982968168621137
5062	C	12.011	0.6973676768307786	-1.8377387488578392
5063	C	12.011	0.44237189089243056	0.8663133793571973
5064	C	12.011	0.5941552958643139	0.4652055040898443
5065	C2	24.022	1.3039589414407011	-3.084149766961388
5066	C	12.011	0.5382618842510568	-0.949066398565379
5067	C	12.011	1.231999342193579	-2.1142155805694087
5068	C	12.011	0.914234618429885	2.408012109781405
5069	C2	24.022	1.1252615364275622	2.5234864243426323
5070	C2	24.022	0.4936123670105068	-3.089475910499899
5071	C2	24.022	0.12150149224294905	2.322823737609276
5072	C2	24.022	0.4697377058436143	1.5931403868797291
5073	C2	24.022	0.6471033823709388	-2.9285384076899366
5074	C	12.011	0.9774398373874363	-2.684872152854939
5075	C	12.011	0.4540533239017266	-0.8832384281733333
5076	C	12.011	0.34703362870299465	-0.14756021439809647
5077	C2	24.022	0.5750759862856845	-0.9220786961291232
5078	C	12.011	0.2939211383917148	-2.450122495516706
5079	C2	24.022	0.7514946263894988	1.181955456935237
5081	C2	24.022	0.44095391044204657	0.08291165273191181
5082	C2	24.022	0.3533455241894453	-0.9944827086044999
5083	C	12.011	0.5342025246134338	0.5802982557697706
5084	C2	24.022	0.4729531795207985	0.9594067535277606
5085	C	12.011	0.7202219381395677	-2.3393662108675035
5086	C2	24.022	0.5347659766555988	0.2078291553897722
5087	C	12.011	0.6342700436830994	-0.7560905646385186
5088	C	12.011	0.7913556827356826	-1.0593213946344038
5089	C2	24.022	0.3276873814674408	-0.8115568205618763
5090	C2	24.022	0.462079572223041	-0.5539739973684468
5091	C2	24.022	0.3895284654198736	0.6761395260487437
5092	C	12.011	0.7019091635941234	-0.9101050335351425
5093	C	12.011	0.5491374677488021	-2.8354501471301865
5094	C	12.011	0.3501568714287062	0.26529581579112965
5095	C	12.011	0.5266394226540455	-0.6241279804233398
5096	C	12.011	0.1076005879091652	-3.1034119691194646
5097	C	12.011	0.5958459442950151	-0.6016040437359806
5098	C	12.011	0.38192115899232676	-2.8920639176509786
5099	C2	24.022	0.4638733056167202	-0.7941467111899284
5100	C2	24.022	0.4033784135772407	2.958836430732412
5101	C	12.011	0.5451777748056276	-0.6659568120612002
5102	C	12.011	0.9137247220251333	-2.3196429119779234
5103	C2	24.022	0.5663849681139433	-2.375408578516075
5104	C2	24.022	0.1976981870649711	2.8047143538164443
5105	C2	24.022	0.8298511524370993	-0.5954059108245118
5106	C2	24.022	1.394984337404469	-0.8879305505206182
5107	C2	24.022	0.6930125174200081	-1.598112886762216
5108	C2	24.022	0.4075948542835944	-1.330882999346344
5109	C	12.011	0.9435412499543944	-1.2246668114432144
5110	C	12.011	1.2132261872722676	-2.201505963008767
5111	C2	24.022	1.3020504927665044	-0.45700982574020294
5112	C	12.011	0.09704060874730061	-0.6805529063412806
5113	C2	24.022	0.83561564715022	-1.9481504328377057
5114	C	12.011	1.378510219838558	-1.7927439118259743
5115	C	12.011	1.1188979283222298	1.0134236903456102
5116	C	12.011	0.6695200326230183	-0.5084255417356216
5117	C	12.011	0.8257130775836092	-0.866178398238763
5118	C	12.011	0.3642063059443255	0.13414373588816056
5119	C	12.011	0.7018589740420211	-0.6831295468766087
5120	C	12.011	0.6907186655013381	-0.45942515024384095
5121	C	12.011	0.4879652663459919	-3.0655188745101367
5122	C	12.011	0.8517930998896831	1.8208433056716202
5123	C	12.011	0.3203723046990071	1.3937132468459592
5125	C	12.011	0.5215998489497076	-1.1766128321342182
5126	C	12.011	0.45801967763837637	1.7508580334373232
5127	C	12.011	0.15868829447336347	0.6082753296920733
5128	C	12.011	0.7506118940766476	-1.978693438723422
5129	C	12.011	0.5492235901231048	-1.0307604902979366
5130	C	12.011	0.4378282316294594	1.6336254220369755
5131	C	12.011	0.42537970382840434	2.3616454154992703
5132	C	12.011	0.17630409330281663	1.5160219637240144
5133	C	12.011	0.6861665740067613	0.4267267888638195
5134	C	12.011	0.8815318913363323	-2.676002181056136
5135	C	12.011	0.5359780947912214	-2.5211281634466736
5136	C	12.011	0.8265574562253745	-2.442098812834249
5137	C	12.011	0.8000330974439851	-1.787186010798774
5138	C	12.011	0.7868956531920609	-2.744599532885747
5139	C	12.011	0.5623609542787076	-2.6500089798573336
5140	C	12.011	0.2642072634406778	2.0131512727635177
5141	C	12.011	0.42647407475551297	1.8576458359175088
5142	C	12.011	0.8758406892083104	0.5253873176126286
5143	C	12.011	0.5756659542089303	-0.9985606500970099
5144	C	12.011	0.32367436612956857	-3.009910334204778
5145	C	12.011	0.9694908575211665	-0.6176019736011961
5146	C	12.011	0.6660590715970945	-0.5877711059767206
5147	C	12.011	0.6033458363055828	2.118002037171077
5148	C	12.011	0.619616250590691	-0.2979792589216677
5149	C	12.011	0.3467728341184233	0.5501106048677272
5150	C	12.011	0.8590138379982173	-2.50674677571701
5151	C	12.011	0.6118644913522248	2.968477560917606
Bottom
