dphi = 0.05235987755982988	first column is a mass, last row consists of all other masses	mass / surface of the sphere ring	scaled mass sums in consecutive angle intervals, last interval most often smaller (ends at pi/2)
Top
24.022	0.0	1.8615168876335124e-11	1.1189549714252916e-11	8.014514803927817e-12	2.1897426123911453e-11	1.0284862026598814e-11	6.563058591175691e-12	1.5266188116186812e-11	8.481368585423195e-12	1.224355026879313e-11	2.7952790983308833e-12	2.578589749978698e-12	1.3195499681708669e-11	6.746633486451753e-12	5.304422199076673e-12	2.013483485527833e-12	2.8810846763397373e-12	5.52287074125974e-12	2.6583234528084853e-12	1.7129492345282463e-12	8.309631752813654e-13	2.427243179424993e-12	1.5808655408658894e-12	0.0	7.616287315254062e-13	7.510152701253097e-13	0.0	0.0	0.0	0.0
36.033	4.184586280877873e-11	1.3961376657251346e-11	0.0	0.0	0.0	3.856823259974556e-12	6.563058591175691e-12	0.0	5.088821151253918e-12	2.2956656753987123e-12	2.0964593237481625e-12	3.8678846249680474e-12	1.7993863202330005e-12	1.6866583716129384e-12	4.773979979169007e-12	0.0	4.321627014509606e-12	1.3807176853149352e-12	0.0	0.0	0.0	0.0	0.0	1.1620504698712303e-12	0.0	0.0	1.1140518895122182e-12	0.0	0.0	0.0
72.066	0.0	0.0	0.0	0.0	0.0	0.0	0.0	0.0	0.0	4.591331350797424e-12	0.0	0.0	0.0	0.0	0.0	0.0	0.0	0.0	0.0	0.0	0.0	0.0	0.0	0.0	0.0	2.253045810375929e-12	0.0	0.0	0.0	0.0
3316897.705	0.0	0.0	0.0	0.0	0.0	0.0	0.0	0.0	0.0	0.0	0.0	0.0	0.0	0.0	0.0	0.0	1.3260432313208014e-07	0.0	0.0	0.0	0.0	0.0	0.0	0.0	0.0	0.0	0.0	0.0	0.0	0.0
other	0.0	4.653792219083781e-12	1.678432457137937e-11	4.007257401963909e-12	9.384611195962052e-12	1.0284862026598813e-11	8.750744788234252e-12	7.633094058093406e-12	1.0177642302507834e-11	8.417440809795277e-12	5.590558196661766e-12	5.1571794999573955e-12	3.5987726404660002e-12	5.059975114838814e-12	4.2435377592613385e-12	3.5235960996737074e-12	1.4405423381698686e-12	1.3807176853149352e-12	1.7722156352056566e-12	8.564746172641231e-13	8.309631752813654e-13	4.0454052990416545e-13	3.9521638521647234e-13	0.0	0.0	0.0	3.71350629837406e-13	0.0	0.0	0.0
Bottom
other	0.0	0.0	0.0	0.0	0.0	0.0	0.0	0.0	0.0	0.0	0.0	0.0	0.0	0.0	0.0	0.0	0.0	0.0	0.0	0.0	0.0	0.0	0.0	0.0	0.0	0.0	0.0	0.0	0.0	0.0
Graph
other	4.184586280877873e-11	3.723033775267025e-11	1.9581711999942603e-11	1.0018143504909772e-11	2.971793545387983e-11	2.056972405319763e-11	1.8595332674997784e-11	1.7174461630710164e-11	1.865901088793103e-11	2.1426212970387976e-11	7.687017520409927e-12	9.025064124925442e-12	1.7993863202330004e-11	1.236882805849488e-11	1.3261055497691686e-11	5.53707958520154e-12	1.3261152584377096e-07	6.903588426574675e-12	3.5444312704113133e-12	2.56942385179237e-12	1.6619263505627309e-12	2.8317837093291582e-12	1.976081926082362e-12	1.1620504698712303e-12	7.616287315254062e-13	3.004061080501239e-12	1.485402519349624e-12	0.0	0.0	0.0
C60
other	0.0	0.0	8.392162285689687e-12	2.0036287009819543e-12	1.5641018659936755e-12	3.856823259974556e-12	3.2815292955878453e-12	5.724820543570056e-12	5.088821151253917e-12	6.121775134396566e-12	2.7952790983308833e-12	2.578589749978698e-12	5.997954400776668e-13	1.1244389144086255e-12	1.0608844398153346e-12	0.0	1.4405423381698686e-12	1.3807176853149352e-12	8.861078176028283e-13	0.0	0.0	0.0	0.0	0.0	0.0	0.0	0.0	0.0	0.0	0.0
