dphi = 0.05235987755982988	first column is a mass, last row consists of all other masses	mass / surface of the sphere ring	scaled mass sums in consecutive angle intervals, last interval most often smaller (ends at pi/2)
Top
24.022	0.0	0.0	1.6784324571379374e-11	4.007257401963909e-12	9.384611195962053e-12	1.0284862026598814e-11	2.1876861970585633e-12	9.541367572616757e-12	3.3925474341692784e-12	4.591331350797425e-12	5.5905581966617666e-12	7.735769249936093e-12	1.1995908801553335e-12	1.1244389144086255e-12	0.0	1.0067417427639165e-12	3.8414462351196495e-12	9.204784568766233e-13	0.0	0.0	2.4928895258440966e-12	0.0	0.0	1.5494006264949737e-12	0.0	0.0	7.42701259674812e-13	0.0	0.0	0.0
36.033	0.0	0.0	0.0	0.0	0.0	3.856823259974556e-12	3.2815292955878453e-12	0.0	0.0	0.0	0.0	0.0	0.0	0.0	1.5913266597230021e-12	0.0	0.0	0.0	0.0	0.0	0.0	0.0	0.0	0.0	0.0	0.0	0.0	0.0	0.0	0.0
other	1.3948620936259577e-11	1.3961376657251346e-11	1.3986937142816144e-11	4.007257401963909e-12	0.0	5.142431013299407e-12	1.0938430985292815e-11	8.587230815355082e-12	8.481368585423195e-12	6.121775134396565e-12	4.891738422079045e-12	3.223237187473372e-12	2.399181760310667e-12	1.6866583716129384e-12	2.1217688796306693e-12	2.5168543569097913e-12	0.0	1.3807176853149352e-12	8.861078176028283e-13	4.2823730863206157e-13	8.309631752813654e-13	4.0454052990416545e-13	1.9760819260823615e-12	7.747003132474868e-13	0.0	3.7550763506265485e-13	7.42701259674812e-13	0.0	0.0	0.0
Bottom
other	0.0	0.0	0.0	0.0	0.0	0.0	0.0	0.0	0.0	0.0	0.0	0.0	0.0	0.0	0.0	0.0	0.0	0.0	0.0	0.0	0.0	0.0	0.0	0.0	0.0	0.0	0.0	0.0	0.0	0.0
Graph
other	1.3948620936259577e-11	4.653792219083781e-12	1.678432457137937e-11	2.0036287009819543e-12	6.256407463974702e-12	1.1570469779923666e-11	9.844587886763534e-12	1.1449641087140108e-11	7.633231726880875e-12	7.652218917995707e-12	8.385837294992648e-12	4.512532062462722e-12	3.5987726404660002e-12	2.8110972860215638e-12	3.713095539353671e-12	2.013483485527833e-12	3.8414462351196495e-12	1.3807176853149352e-12	8.861078176028283e-13	0.0	2.4928895258440966e-12	4.0454052990416545e-13	7.904327704329447e-13	2.3241009397424607e-12	0.0	3.7550763506265485e-13	1.485402519349624e-12	0.0	0.0	0.0
C60
other	0.0	9.307584438167562e-12	1.3986937142816146e-11	6.010886102945863e-12	3.128203731987351e-12	7.713646519949112e-12	6.563058591175689e-12	6.6789573008317314e-12	4.2406842927115974e-12	3.060887567198283e-12	2.0964593237481625e-12	6.446474374946744e-12	0.0	0.0	0.0	1.510112614145875e-12	0.0	9.204784568766233e-13	0.0	4.2823730863206157e-13	8.309631752813654e-13	0.0	1.1856491556494172e-12	0.0	0.0	0.0	0.0	0.0	0.0	0.0
