id	name	mass [g/mol]	latitude [rad]	longitude [rad]
Top
1862	C	12.011	0.722915568126411	2.308230000833656
1863	C2	24.022	0.41721532375631315	-2.1084586361585425
1864	C2	24.022	0.5499672141236455	0.4673655926606338
1865	C3	36.033	0.32153448285879055	-1.5714966514799915
1866	C2	24.022	0.4345779945230257	0.3171411598492897
1867	C2	24.022	1.0377227500439465	-2.319834848820713
1868	C	12.011	0.6844182271688888	2.956876691825887
1869	C	12.011	0.8816654399052208	-2.1334023337949155
1870	C2	24.022	0.11470174235293966	-1.654303899321301
1871	C2	24.022	0.6102390895345867	0.6715717746183643
1872	C2	24.022	0.3740683110581188	-0.11939273143898164
1873	C2	24.022	0.4291955683409877	-0.3142264628858152
1874	C2	24.022	0.43315740845099393	2.9944897289114176
1875	C	12.011	0.6376772380909258	1.976605769538481
1876	C	12.011	0.35352558405902057	2.2753855559061287
1877	C	12.011	0.4527039484282492	-2.7978048459182436
1878	C2	24.022	0.3784884113026277	1.1534253052565322
1879	C	12.011	0.4799289944561314	-1.243588496839441
1880	C3	36.033	0.883156114537815	0.9973538788309471
1881	C	12.011	0.4948172124537382	0.7735634870753232
1882	C2	24.022	0.5483474831597713	-0.24567114819595054
1883	C	12.011	0.1253217927801252	-0.036745334331110144
1884	C2	24.022	0.4530268914147086	-0.33173675275377273
1885	C2	24.022	0.5403298090005126	-1.8955864492607162
1886	C2	24.022	1.0560287596327658	2.832978096162555
1887	C	12.011	1.2410894139416047	-0.4990963317561318
1888	C3	36.033	0.6693354762852335	-2.7311598462283238
1889	C2	24.022	0.31437224307417283	-1.1346281393877071
1890	C	12.011	0.24399331608282337	-2.5836969848392735
1891	C	12.011	0.30194192289082245	-1.0281388314113564
1892	C	12.011	0.9365093792929582	-2.0870420215595056
1893	C2	24.022	0.637686696889632	1.8161531894622431
1894	C	12.011	0.28356818104069376	3.1403851298398355
1895	C2	24.022	0.6739711683711807	-1.25021660407132
1896	C	12.011	0.9039396992968042	-2.7040857453125593
1897	C2	24.022	0.475965789956701	-0.06679670195355071
1898	C	12.011	0.718325314807679	0.5831091183239534
1899	C2	24.022	0.5587290157555619	-2.6223714855201257
1900	C	12.011	0.14259885087074026	-1.6034384241506383
1901	C	12.011	0.41977171592170315	2.958717978234585
1902	C2	24.022	0.26249704495383913	-1.4441677292730088
1903	C	12.011	0.7917191979765529	-1.1167763907610637
1904	C	12.011	0.5285176500165703	-1.4604760373608694
1905	C	12.011	0.5136923996258277	3.0842785582757255
1906	C2	24.022	1.50331786928907	2.5025142232354622
1907	C2	24.022	0.27712651492641693	-1.9202645250234294
1908	C2	24.022	0.5691046124474466	1.300307317884674
1909	C	12.011	1.000787849555648	1.7234254627893313
1910	C	12.011	0.9422971967656756	2.906968544234341
1911	C2	24.022	0.5230078700911012	2.7501693246195815
1912	C	12.011	0.09118607843906891	-2.553716418644555
1913	C	12.011	0.7898548611226099	-2.2182959550066412
1914	C	12.011	1.0317644033164708	0.05338170484169948
1915	C	12.011	0.3069471046750837	-0.4824863037434721
1916	C2	24.022	0.5255896817048444	0.2804615520535938
1917	C	12.011	0.4320055738865165	-1.707828765151531
1918	C	12.011	1.0885385942428707	-1.3161500090388694
1919	C2	24.022	0.9198195543921331	3.0637902659757903
1920	C	12.011	0.8751087819637553	-1.744662062042216
1921	C2	24.022	0.7262834548167776	2.9189717122449124
1923	C	12.011	0.20652113650259485	2.0171918222017573
1924	C2	24.022	0.39916218200470777	-0.7557934807679221
1925	C	12.011	0.4911515595332594	2.3932092196137478
1926	C	12.011	0.2834997730495093	1.3051466389468778
1927	C	12.011	0.6912569526071721	0.6851869435629796
1928	C	12.011	0.533499245601076	-0.6322291000297984
1929	C	12.011	0.6439376094921484	-1.8810344943592898
1930	C	12.011	0.7751578911181961	-0.8904264952711765
1931	C2	24.022	0.6380011602717996	1.8806235821623516
1932	C	12.011	0.8966060461153903	3.0691996152123697
1933	C3	36.033	0.3534198817424958	1.092121499912211
1934	C	12.011	0.15805385229155103	-1.3488054892407808
1935	C	12.011	0.3261755631962134	-0.4700821953330696
1936	C	12.011	0.37651213603634376	0.7998712316705973
1937	C2	24.022	0.4549559837607309	0.2466410720897398
1938	C	12.011	0.6701137259181718	0.3136360073880812
1939	C2	24.022	0.7554280995998254	-2.525355287447231
1940	C	12.011	0.7435810998370634	2.591775395035315
1941	C2	24.022	0.01535293835428979	-2.4881841910186036
1942	C	12.011	1.0225949697465524	2.8011851397368286
1943	C2	24.022	1.2925971609252185	0.6661314861692841
1944	C4	48.044	0.23636148097819085	-1.841476891557997
1945	C	12.011	0.2263492443865616	2.1732630360571825
1946	C2	24.022	0.8094029833771758	-2.5152825887603623
1947	C	12.011	0.8634059899502032	2.8470222100233564
1948	C2	24.022	0.4917326386730349	-2.612798090871513
1949	C	12.011	0.37065943703505483	1.4417124699603148
1950	C	12.011	0.646060772369568	-1.729375150178563
1951	C2	24.022	0.7780811459291982	0.17666898713194432
1952	C	12.011	0.5545788901189647	-2.863838277552013
1953	C2	24.022	0.855668688682034	-0.532382306933754
1954	C	12.011	0.5631662387102129	2.9462388147889285
1955	C2	24.022	0.7015706812389924	2.622152857300909
1956	C	12.011	0.5357610749307761	1.7133628748932561
1957	C	12.011	0.39962969225627604	-1.886544402800137
1958	C	12.011	0.5974266916942051	-2.9632758241650046
1959	C2	24.022	0.5823339177878543	0.4525672668006677
1960	C	12.011	1.035738919774964	1.1901927839553916
1961	C	12.011	0.17256154052660264	2.093489210228557
1962	C	12.011	0.4919018167533754	2.795680981944878
1963	C4	48.044	0.6585505643852482	0.729901801234011
1964	C4	48.044	1.0202035548949475	0.9207206341184979
1965	C2	24.022	1.0470234128061422	2.5725558850030854
1966	C2	24.022	1.0415248342056902	1.0729964479435263
1967	C3	36.033	0.3770082326658276	0.13755968682267788
1968	C	12.011	1.0252417040556328	1.4010786389804157
1969	C	12.011	0.9350354667878469	1.2795112366453787
1970	C	12.011	0.05796572884118996	0.48488504285077644
1971	C	12.011	0.8253051627712381	1.022923623047483
1973	C2	24.022	0.5532619150267937	-1.1729229762072617
1974	C	12.011	0.9463843863915279	0.5752991546891034
1975	C	12.011	0.5104293242465165	-0.13845452282924164
1976	C	12.011	0.6526145313593963	-3.0516218627739207
1977	C	12.011	0.2995702046777978	-1.5205818674358627
1978	C	12.011	0.22304449905589677	-0.7708387554616138
1979	C	12.011	0.031186285072705596	-0.5379650060489656
1980	C	12.011	0.127633225079055	1.5360680942527232
1981	C	12.011	0.13485914424401196	-2.6693813997742906
1982	C	12.011	0.4989129877176393	2.0841460142353063
1983	C	12.011	0.4719142328932954	1.087120832456508
1984	C	12.011	0.4702140446715163	1.2373596063326362
1985	C	12.011	0.08305638890049137	-1.1603718720993264
1986	C	12.011	0.6339564827371319	0.7135193758928347
1987	C	12.011	0.278910180280402	1.0210852912492474
1988	C	12.011	0.47669359082493146	2.6678012370477626
1989	C2	24.022	0.09569832880773664	-1.7646751361296331
1990	C	12.011	0.41362096949292465	2.9928764975136892
1991	C	12.011	0.4465987010558586	0.3182913604995912
1992	C	12.011	0.29953366020075445	2.476723898421671
1993	C	12.011	0.6927894688672103	0.13306139327665695
1994	C	12.011	0.9393241843075614	1.8061990212803147
1995	C	12.011	0.31895716560315196	-2.7656294819718292
1996	C	12.011	0.5640863421602841	-0.524542083260987
1997	C	12.011	0.642529188970532	-1.6120941260552446
1998	C2	24.022	0.2782706034822334	0.10861273496849427
1999	C	12.011	0.7436977029176103	-1.8212826904644064
2000	C	12.011	0.3423107640122713	0.1574837308935843
2001	C	12.011	0.18992166886351242	2.267580634477134
2002	C	12.011	0.34862522356144104	1.126927841435769
2003	C	12.011	0.13621855381342599	1.4786403049655796
2004	C	12.011	0.23114695057670467	2.370545083065538
2005	C	12.011	0.21609030807623328	-0.9780377394681995
2006	C	12.011	0.3531851035234523	-0.8102856961655526
2007	C	12.011	0.5525822820778638	-2.0577139459329254
2008	C	12.011	0.3439506716283441	-2.850880477103601
2009	C	12.011	0.3877138930429077	-0.9483459515135114
2010	C	12.011	0.2588045669080958	-0.6586078429390264
2011	C	12.011	0.6099294378123093	-3.1234199274633765
2012	C	12.011	0.380632638757759	2.4569916591724144
2013	C	12.011	0.749261344265062	0.5607227267982902
2014	C	12.011	0.29830488615903666	-2.901288162000319
2015	C	12.011	0.6950716145701145	0.9935286621084599
2016	C	12.011	0.7437821439857097	-1.236909986027492
2017	C	12.011	0.6467033413485683	2.181113940750166
2019	C	12.011	0.9098297269776329	-2.3450495663111135
2020	C	12.011	0.5884025992869258	0.321874736697159
2021	C	12.011	0.3130963121944767	1.183745445285463
Bottom
