Total	Internal	Translational
Top
0.408184916297	0.276381520746	0.131803395551
27.4780182778	0.0	27.4780182778
27.2609613037	2.99687330967e-32	27.2609613037
17.6918360471	2.99687330967e-32	17.6918360471
0.141538809498	0.0204729102233	0.121065899275
50.6444668035	0.0	50.6444668035
1.57616711616	1.35591862197	0.220248494187
1.91647281008	1.14782866299	0.768644147094
7.48676045552	7.49218327419e-33	7.48676045552
7.03442501093	2.99687330967e-32	7.03442501093
275.273297239	0.0	275.273297239
22.1252178443	0.0	22.1252178443
266.445851054	4.79499729548e-31	266.445851054
114.468989975	2.99687330967e-32	114.468989975
Bottom
