dphi = 0.05235987755982988	first column is a mass, last row consists of all other masses	mass / surface of the sphere ring	scaled mass sums in consecutive angle intervals, last interval most often smaller (ends at pi/2)
Top
24.022	0.0	2.792275331450269e-11	2.237909942850583e-11	3.205805921571126e-11	1.5641018659936755e-11	1.2856077533248517e-11	1.0938430985292816e-11	1.1449641087140108e-11	1.1873916019592473e-11	1.8365325403189696e-11	9.78347684415809e-12	1.5471538499872187e-11	1.1995908801553333e-11	5.6221945720431275e-12	7.426191078707342e-12	5.0337087138195825e-12	3.8414462351196495e-12	0.0	1.7722156352056566e-12	3.4258984690564925e-12	2.4928895258440966e-12	1.6181621196166618e-12	7.904327704329447e-13	1.5494006264949737e-12	7.616287315254062e-13	0.0	2.2281037790244364e-12	0.0	0.0	7.305149876704477e-13
36.033	0.0	0.0	8.392162285689687e-12	0.0	0.0	3.856823259974556e-12	0.0	0.0	5.088821151253918e-12	0.0	2.0964593237481625e-12	5.801826937452071e-12	0.0	3.373316743225877e-12	0.0	0.0	0.0	0.0	0.0	1.284711925896185e-12	0.0	0.0	1.1856491556494172e-12	0.0	0.0	0.0	0.0	0.0	0.0	0.0
60.055	0.0	0.0	0.0	1.001814350490977e-11	0.0	0.0	0.0	0.0	0.0	0.0	0.0	0.0	0.0	0.0	0.0	0.0	0.0	0.0	0.0	0.0	0.0	0.0	0.0	0.0	0.0	0.0	0.0	0.0	0.0	0.0
other	0.0	4.653792219083781e-12	2.797387428563229e-12	1.4025400906873679e-11	1.2512814927949401e-11	6.4280387666242586e-12	1.0938430985292815e-11	6.67895730083173e-12	9.329505443965514e-12	4.591331350797424e-12	6.9881977458272066e-12	2.578589749978698e-12	7.1975452809320004e-12	6.18441402924744e-12	2.1217688796306693e-12	4.026966971055665e-12	3.3612654557296928e-12	1.8409569137532466e-12	8.861078176028283e-13	8.564746172641231e-13	1.2464447629220483e-12	0.0	3.9521638521647234e-13	7.747003132474868e-13	3.808143657627031e-13	7.510152701253097e-13	0.0	0.0	0.0	0.0
Bottom
other	0.0	0.0	0.0	0.0	0.0	0.0	0.0	0.0	0.0	0.0	0.0	0.0	0.0	0.0	0.0	0.0	0.0	0.0	0.0	0.0	0.0	0.0	0.0	0.0	0.0	0.0	0.0	0.0	0.0	0.0
Graph
other	0.0	2.792275331450269e-11	3.356864914275875e-11	4.6083460122584947e-11	1.4076916793943079e-11	1.9284116299872777e-11	2.187686197058563e-11	1.6220324873448488e-11	2.544410575626959e-11	1.9895769186788838e-11	1.6072854815402577e-11	2.256266031231361e-11	1.1995908801553333e-11	1.3493266972903506e-11	8.487075518522677e-12	5.53707958520154e-12	5.2819885732895175e-12	1.3807176853149352e-12	2.6583234528084845e-12	5.567085012216801e-12	3.739334288766144e-12	1.6181621196166618e-12	2.3712983112988344e-12	2.3241009397424607e-12	1.1424430972881095e-12	7.510152701253097e-13	2.2281037790244364e-12	0.0	0.0	7.305149876704477e-13
C60
other	0.0	4.653792219083781e-12	0.0	1.001814350490977e-11	1.4076916793943079e-11	3.856823259974556e-12	0.0	1.9082735145233515e-12	8.481368585423196e-13	3.060887567198283e-12	2.7952790983308833e-12	1.289294874989349e-12	7.1975452809320004e-12	1.6866583716129384e-12	1.0608844398153346e-12	3.5235960996737078e-12	1.9207231175598247e-12	4.602392284383116e-13	0.0	0.0	0.0	0.0	0.0	0.0	0.0	0.0	0.0	0.0	0.0	0.0
