dphi = 0.05235987755982988	first column is a mass, last row consists of all other masses	mass / surface of the sphere ring	scaled mass sums in consecutive angle intervals, last interval most often smaller (ends at pi/2)
Top
24.022	2.7897241872519153e-11	9.307584438167562e-12	5.594774857126458e-12	0.0	0.0	7.713646519949112e-12	2.1876861970585633e-12	7.633094058093406e-12	8.481368585423195e-12	4.591331350797425e-12	9.78347684415809e-12	2.578589749978698e-12	3.598772640466001e-12	2.248877828817251e-12	2.1217688796306693e-12	1.0067417427639165e-12	9.603615587799124e-13	9.204784568766233e-13	0.0	2.56942385179237e-12	8.309631752813654e-13	0.0	0.0	0.0	7.616287315254062e-13	0.0	0.0	0.0	7.325227816980439e-13	0.0
36.033	0.0	0.0	0.0	0.0	0.0	0.0	6.563058591175691e-12	2.862410271785028e-12	0.0	0.0	0.0	0.0	1.7993863202330005e-12	0.0	0.0	0.0	1.4405423381698686e-12	0.0	0.0	0.0	0.0	0.0	0.0	0.0	0.0	0.0	0.0	0.0	0.0	0.0
48.044	0.0	0.0	0.0	0.0	6.256407463974702e-12	0.0	0.0	0.0	0.0	0.0	0.0	0.0	2.399181760310667e-12	0.0	0.0	0.0	0.0	0.0	0.0	1.7129492345282463e-12	0.0	0.0	0.0	0.0	0.0	0.0	0.0	0.0	0.0	0.0
other	1.3948620936259577e-11	1.3961376657251346e-11	1.3986937142816144e-11	8.014514803927817e-12	9.384611195962052e-12	1.1570469779923664e-11	7.65690168970497e-12	5.724820543570054e-12	4.2406842927115974e-12	6.8869970261961354e-12	4.891738422079045e-12	1.9339423124840237e-12	4.798363520621333e-12	3.3733167432258764e-12	2.6522110995383366e-12	1.510112614145875e-12	1.4405423381698686e-12	3.2216745990681816e-12	4.4305390880141416e-13	2.1411865431603078e-12	4.154815876406827e-13	0.0	0.0	3.873501566237434e-13	0.0	0.0	0.0	0.0	0.0	0.0
Bottom
other	0.0	0.0	0.0	0.0	0.0	0.0	0.0	0.0	0.0	0.0	0.0	0.0	0.0	0.0	0.0	0.0	0.0	0.0	0.0	0.0	0.0	0.0	0.0	0.0	0.0	0.0	0.0	0.0	0.0	0.0
Graph
other	2.7897241872519153e-11	9.307584438167562e-12	1.1189549714252916e-11	6.010886102945863e-12	9.384611195962052e-12	1.0284862026598813e-11	7.656901689704972e-12	1.1449641087140108e-11	7.633231726880875e-12	8.417440809795277e-12	1.3277575717071692e-11	3.2232371874733726e-12	1.0196522481320334e-11	4.497755657634502e-12	3.1826533194460043e-12	2.5168543569097913e-12	3.8414462351196495e-12	3.2216745990681816e-12	4.4305390880141416e-13	6.4235596294809225e-12	1.2464447629220483e-12	0.0	0.0	3.873501566237434e-13	7.616287315254062e-13	0.0	0.0	0.0	7.325227816980439e-13	0.0
C60
other	1.3948620936259577e-11	1.3961376657251346e-11	8.392162285689687e-12	2.0036287009819543e-12	6.256407463974702e-12	8.999254273273961e-12	8.750744788234252e-12	4.770683786308379e-12	5.088821151253917e-12	3.060887567198283e-12	1.3976395491654416e-12	1.289294874989349e-12	2.399181760310667e-12	1.1244389144086255e-12	1.5913266597230021e-12	0.0	0.0	9.204784568766233e-13	0.0	0.0	0.0	0.0	0.0	0.0	0.0	0.0	0.0	0.0	0.0	0.0
