id	name	mass [g/mol]	latitude [rad]	longitude [rad]
Top
10938	C2	24.022	1.0930559436436778	-0.7626712546996414
10940	C2	24.022	0.775268509272281	0.40693779274774244
10941	C3	36.033	0.7401668590653133	-0.08355776789273883
10942	C	12.011	0.8965178338841153	3.042317281869815
10943	C6	72.06599999999999	1.5231761396684993	-0.5544289193235241
10945	C2	24.022	1.4990351944895262	-0.8543424789843934
10946	C	12.011	0.6958343922935374	-2.51822826457082
10947	C2	24.022	1.3272250687945524	-2.6494693813789687
10948	C	12.011	0.18372614850310626	3.103519604116711
10949	C	12.011	0.7048986415367129	-1.1949667758893594
10950	C2	24.022	1.0131159824201146	-2.1540393334218826
10951	C2	24.022	0.9567095612075914	0.6913013244162785
10953	C	12.011	1.3437690551678163	1.4948936934456296
10954	C	12.011	0.13182171549823943	-2.660719514272064
10955	C	12.011	0.5960662939196169	-2.6346571694901457
Bottom
