dphi = 0.05235987755982988	first column is a mass, last row consists of all other masses	mass / surface of the sphere ring	scaled mass sums in consecutive angle intervals, last interval most often smaller (ends at pi/2)
Top
24.022	0.0	9.307584438167562e-12	5.594774857126458e-12	1.6029029607855635e-11	6.256407463974702e-12	5.142431013299407e-12	1.7501489576468503e-11	1.1449641087140108e-11	5.088821151253918e-12	0.0	1.1181116393323532e-11	7.735769249936093e-12	1.1995908801553335e-12	7.871072400860377e-12	5.304422199076673e-12	3.02022522829175e-12	4.801807793899561e-12	1.8409569137532466e-12	2.6583234528084853e-12	2.56942385179237e-12	1.6619263505627309e-12	2.427243179424993e-12	0.0	0.0	1.5232574630508125e-12	7.510152701253097e-13	7.42701259674812e-13	1.4731321667597064e-12	7.325227816980439e-13	0.0
36.033	0.0	0.0	0.0	0.0	9.384611195962053e-12	0.0	6.563058591175691e-12	5.724820543570056e-12	2.544410575626959e-12	0.0	2.0964593237481625e-12	1.9339423124840237e-12	0.0	1.6866583716129384e-12	0.0	0.0	1.4405423381698686e-12	1.3807176853149352e-12	0.0	0.0	0.0	0.0	1.1856491556494172e-12	0.0	0.0	0.0	0.0	0.0	0.0	0.0
48.044	0.0	0.0	0.0	0.0	0.0	0.0	0.0	3.816547029046703e-12	0.0	3.060887567198283e-12	0.0	0.0	0.0	0.0	0.0	0.0	0.0	0.0	0.0	0.0	1.6619263505627309e-12	0.0	0.0	0.0	0.0	0.0	0.0	1.4731321667597064e-12	0.0	0.0
3317450.211	0.0	0.0	0.0	0.0	0.0	0.0	3.0212055765608124e-07	0.0	0.0	0.0	0.0	0.0	0.0	0.0	0.0	0.0	0.0	0.0	0.0	0.0	0.0	0.0	0.0	0.0	0.0	0.0	0.0	0.0	0.0	0.0
other	2.7897241872519153e-11	9.307584438167562e-12	2.797387428563229e-12	1.001814350490977e-11	1.0948713061955726e-11	3.856823259974556e-12	7.65690168970497e-12	4.770683786308379e-12	5.9369580097962364e-12	6.121775134396565e-12	6.9881977458272066e-12	5.80182693745207e-12	4.798363520621333e-12	3.3733167432258764e-12	3.713095539353671e-12	3.020225228291749e-12	2.881084676339737e-12	2.3011961421915585e-12	8.861078176028283e-13	1.284711925896185e-12	4.154815876406827e-13	4.0454052990416545e-13	7.904327704329447e-13	7.747003132474868e-13	3.808143657627031e-13	1.1265229051879647e-12	0.0	0.0	0.0	0.0
Bottom
other	0.0	0.0	0.0	0.0	0.0	0.0	0.0	0.0	0.0	0.0	0.0	0.0	0.0	0.0	0.0	0.0	0.0	0.0	0.0	0.0	0.0	0.0	0.0	0.0	0.0	0.0	0.0	0.0	0.0	0.0
Graph
other	2.7897241872519153e-11	1.3961376657251346e-11	8.392162285689687e-12	1.6029029607855635e-11	2.5025629855898808e-11	6.428038766624259e-12	3.0214790373354446e-07	2.0991008659756866e-11	1.2722052878134792e-11	8.417440809795277e-12	1.6072854815402577e-11	1.3537596187388162e-11	4.798363520621334e-12	1.1806608601290566e-11	8.487075518522677e-12	6.040450456583498e-12	7.682892470239297e-12	4.142153055944805e-12	3.101377361609899e-12	3.854135777688554e-12	2.908371113484779e-12	2.427243179424993e-12	1.5808655408658894e-12	7.747003132474868e-13	1.9040718288135157e-12	1.8775381753132743e-12	7.42701259674812e-13	2.9462643335194127e-12	7.325227816980439e-13	0.0
C60
other	0.0	4.653792219083781e-12	0.0	1.0018143504909772e-11	1.5641018659936755e-12	2.5712155066497036e-12	4.3753723941171266e-12	4.770683786308379e-12	8.481368585423196e-13	7.652218917995707e-13	4.192918647496324e-12	1.9339423124840237e-12	1.1995908801553335e-12	1.1244389144086255e-12	5.304422199076673e-13	0.0	1.4405423381698686e-12	1.3807176853149352e-12	4.4305390880141416e-13	0.0	8.309631752813654e-13	4.0454052990416545e-13	3.9521638521647234e-13	0.0	0.0	0.0	0.0	0.0	0.0	0.0
