dphi = 0.05235987755982988	first column is a mass, last row consists of all other masses	mass / surface of the sphere ring	scaled mass sums in consecutive angle intervals, last interval most often smaller (ends at pi/2)
Top
24.022	2.7897241872519153e-11	3.723033775267025e-11	2.237909942850583e-11	1.2021772205891726e-11	1.5641018659936755e-11	1.542729303989822e-11	1.0938430985292816e-11	1.1449641087140108e-11	1.0177642302507834e-11	1.3773994052392271e-11	1.1181116393323532e-11	1.0314358999914791e-11	8.397136161087334e-12	7.871072400860377e-12	7.426191078707342e-12	0.0	2.8810846763397373e-12	0.0	5.316646905616969e-12	0.0	0.0	8.090810598083309e-13	0.0	7.747003132474868e-13	0.0	0.0	1.485402519349624e-12	0.0	0.0	7.305149876704477e-13
36.033	0.0	0.0	0.0	1.2021772205891726e-11	0.0	7.713646519949112e-12	0.0	2.862410271785028e-12	2.544410575626959e-12	0.0	0.0	0.0	0.0	1.6866583716129384e-12	0.0	3.02022522829175e-12	1.4405423381698686e-12	2.7614353706298705e-12	0.0	2.56942385179237e-12	0.0	0.0	0.0	0.0	0.0	0.0	0.0	0.0	0.0	0.0
48.044	0.0	0.0	0.0	0.0	0.0	0.0	0.0	0.0	0.0	3.060887567198283e-12	0.0	0.0	0.0	0.0	0.0	0.0	0.0	1.8409569137532466e-12	0.0	0.0	0.0	1.6181621196166618e-12	0.0	0.0	0.0	0.0	0.0	0.0	0.0	0.0
3317041.837	0.0	0.0	0.0	0.0	0.0	0.0	0.0	0.0	0.0	0.0	0.0	0.0	0.0	0.0	0.0	1.3901442343657097e-07	0.0	0.0	0.0	0.0	0.0	0.0	0.0	0.0	0.0	0.0	0.0	0.0	0.0	0.0
other	0.0	4.653792219083781e-12	8.392162285689687e-12	1.001814350490977e-11	6.256407463974702e-12	6.4280387666242586e-12	5.469215492646408e-12	6.67895730083173e-12	1.1025779161050153e-11	5.356553242596994e-12	6.9881977458272066e-12	6.4464743749467436e-12	2.9989772003883336e-12	2.248877828817251e-12	3.182653319446004e-12	1.510112614145875e-12	2.881084676339737e-12	9.204784568766233e-13	1.7722156352056566e-12	4.2823730863206157e-13	1.6619263505627309e-12	4.0454052990416545e-13	0.0	3.873501566237434e-13	1.1424430972881095e-12	0.0	0.0	3.682830416899266e-13	3.6626139084902195e-13	0.0
Bottom
other	0.0	0.0	0.0	0.0	0.0	0.0	0.0	0.0	0.0	0.0	0.0	0.0	0.0	0.0	0.0	0.0	0.0	0.0	0.0	0.0	0.0	0.0	0.0	0.0	0.0	0.0	0.0	0.0	0.0	0.0
Graph
other	2.7897241872519153e-11	4.188412997175403e-11	2.517648685706906e-11	2.6047173112765406e-11	1.2512814927949404e-11	2.3140939559847328e-11	1.531380337940994e-11	1.7174461630710164e-11	1.9507147746473347e-11	1.9895769186788838e-11	1.3976395491654413e-11	1.3537596187388162e-11	7.1975452809320004e-12	8.43329185806469e-12	9.017517738430344e-12	1.3901895377441337e-07	6.7225309114593855e-12	5.522870741259741e-12	7.088862540822625e-12	2.9976611604244312e-12	1.2464447629220483e-12	2.427243179424993e-12	0.0	1.1620504698712303e-12	7.616287315254062e-13	0.0	7.42701259674812e-13	3.682830416899266e-13	3.6626139084902195e-13	7.305149876704477e-13
C60
other	0.0	0.0	5.594774857126458e-12	8.014514803927817e-12	9.384611195962053e-12	6.4280387666242586e-12	1.0938430985292816e-12	3.816547029046703e-12	4.2406842927115974e-12	2.2956656753987123e-12	4.192918647496325e-12	3.223237187473372e-12	4.198568080543667e-12	3.373316743225877e-12	1.5913266597230021e-12	0.0	4.801807793899562e-13	0.0	0.0	0.0	4.154815876406827e-13	4.0454052990416545e-13	0.0	0.0	3.808143657627031e-13	0.0	7.42701259674812e-13	0.0	0.0	0.0
