dphi = 0.05235987755982988	first column is a mass, last row consists of all other masses	mass / surface of the sphere ring	scaled mass sums in consecutive angle intervals, last interval most often smaller (ends at pi/2)
Top
24.022	5.5794483745038306e-11	0.0	1.6784324571379374e-11	8.014514803927817e-12	9.384611195962053e-12	0.0	1.0938430985292816e-11	5.724820543570056e-12	8.481368585423195e-12	0.0	5.5905581966617666e-12	5.157179499957396e-12	3.598772640466001e-12	2.248877828817251e-12	2.1217688796306693e-12	1.0067417427639165e-12	4.801807793899561e-12	2.7614353706298705e-12	1.7722156352056566e-12	2.56942385179237e-12	0.0	8.090810598083309e-13	0.0	0.0	7.616287315254062e-13	7.510152701253097e-13	0.0	7.365660833798532e-13	0.0	0.0
36.033	0.0	0.0	0.0	0.0	0.0	0.0	3.2815292955878453e-12	0.0	5.088821151253918e-12	2.2956656753987123e-12	0.0	0.0	3.598772640466001e-12	1.6866583716129384e-12	0.0	0.0	0.0	0.0	0.0	0.0	0.0	0.0	0.0	0.0	0.0	0.0	0.0	0.0	0.0	0.0
other	0.0	4.653792219083781e-12	0.0	6.010886102945863e-12	4.692305597981027e-12	8.999254273273961e-12	7.65690168970497e-12	5.724820543570054e-12	5.088821151253917e-12	8.417440809795277e-12	2.0964593237481625e-12	1.289294874989349e-12	5.9979544007766665e-12	2.8110972860215638e-12	5.8348644189843405e-12	3.5235960996737074e-12	1.9207231175598247e-12	3.681913827506493e-12	1.7722156352056566e-12	1.284711925896185e-12	8.309631752813654e-13	4.0454052990416545e-13	3.9521638521647234e-13	3.873501566237434e-13	0.0	0.0	0.0	3.682830416899266e-13	3.6626139084902195e-13	0.0
Bottom
other	0.0	0.0	0.0	0.0	0.0	0.0	0.0	0.0	0.0	0.0	0.0	0.0	0.0	0.0	0.0	0.0	0.0	0.0	0.0	0.0	0.0	0.0	0.0	0.0	0.0	0.0	0.0	0.0	0.0	0.0
Graph
other	2.7897241872519153e-11	0.0	1.6784324571379374e-11	1.402540090687368e-11	6.256407463974702e-12	2.5712155066497036e-12	7.656901689704972e-12	7.633094058093406e-12	1.3570189736677113e-11	6.886997026196136e-12	4.891738422079046e-12	5.80182693745207e-12	1.0196522481320334e-11	3.935536200430189e-12	6.365306638892008e-12	3.5235960996737074e-12	6.7225309114593855e-12	5.983109969698051e-12	3.101377361609899e-12	3.4258984690564925e-12	8.309631752813654e-13	1.2136215897124964e-12	3.9521638521647234e-13	3.873501566237434e-13	7.616287315254062e-13	7.510152701253097e-13	0.0	1.1048491250697798e-12	3.6626139084902195e-13	0.0
C60
other	2.7897241872519153e-11	4.653792219083781e-12	0.0	0.0	7.820509329968377e-12	6.4280387666242586e-12	1.421996028088066e-11	3.816547029046703e-12	5.088821151253918e-12	3.826109458997854e-12	2.7952790983308833e-12	6.446474374946745e-13	2.9989772003883336e-12	2.811097286021564e-12	1.5913266597230021e-12	1.0067417427639165e-12	0.0	4.602392284383116e-13	4.4305390880141416e-13	4.2823730863206157e-13	0.0	0.0	0.0	0.0	0.0	0.0	0.0	0.0	0.0	0.0
