id	name	mass [g/mol]	latitude [rad]	longitude [rad]
Top
1499	C2	24.022	0.46470578547485264	0.8666255254397691
1500	C2	24.022	0.14256007675304724	1.6449656171020777
1501	C2	24.022	0.21033142931518767	-1.2995683417469357
1502	C	12.011	0.36066671637704323	3.0536809213863276
1503	C2	24.022	0.8692295903056567	-2.379339858497481
1504	C	12.011	0.7153514862816449	-0.08115251301819043
1505	C	12.011	0.7360596942125629	-1.5073582558042515
1506	C2	24.022	0.6784073522952913	1.6023196849883519
1507	C2	24.022	0.9081914165826638	-1.059124103010249
1508	C	12.011	0.3381282261149867	-0.8106512722366276
1509	C	12.011	0.5952919949065605	-0.8942460971809684
1510	C	12.011	1.2371527516191183	-1.7034150487098647
1511	C	12.011	0.6683787063442058	-0.9778168829543384
1512	C2	24.022	0.5062672275067621	-1.5335866587033187
1513	C	12.011	0.7678652824495978	-2.0818999518124692
1514	C2	24.022	0.5976498635875532	-2.862049648817323
1515	C	12.011	0.07567215623803933	-1.8358685952107419
1517	C2	24.022	0.8407025918932766	3.064720444705196
1518	C	12.011	0.28781623939320694	-1.9270542400189274
1519	C	12.011	0.6457201666604263	-1.8952062024400618
1520	C2	24.022	0.4322553889527802	0.7295901592206371
1521	C2	24.022	0.5788470046321162	-1.1205285086623644
1522	C	12.011	0.4957756783767109	0.8995094909859606
1523	C	12.011	1.2951520227200701	-1.1385666832495691
1524	C	12.011	0.7132849603632928	2.0727420124287526
1525	C2	24.022	0.7746860511144327	-1.7845194012130647
1526	C2	24.022	1.1519012580596921	-2.392227037567126
1527	C	12.011	1.193072932421195	3.074342353996232
1528	C2	24.022	0.6484838449584224	2.8323461614158516
1529	C2	24.022	0.3858517933680417	2.9882018605455
1530	C	12.011	0.2860952574773846	3.087680921266519
1531	C	12.011	0.8875244328045587	-0.7550669430941489
1532	C2	24.022	0.5559523524016391	-1.0799065216383708
1533	C2	24.022	0.7060127366640103	-1.0431500123780364
1534	C	12.011	1.02154924323255	-0.3158278148620126
1535	C2	24.022	0.42161070611025414	-2.084545423716316
1536	C	12.011	0.17114221414809522	-1.372451623898922
1537	C	12.011	0.5240726378078313	-1.8244722105232876
1538	C	12.011	0.4130857341150919	-0.6879439485230304
1539	C	12.011	0.09935191649868029	0.9012146343269274
1540	C2	24.022	0.705817834103183	-1.0738834281847152
1541	C	12.011	0.23524128784664652	0.4493964519099581
1544	C	12.011	0.5293164187618025	2.006922844189758
1545	C	12.011	0.0448033411420799	-0.9051466143118435
1546	C	12.011	0.6225737646272222	-0.6796231583870105
1547	C2	24.022	0.6361295249969411	-2.3121479776947105
1548	C2	24.022	0.796557333032642	2.6039353312295703
1549	C	12.011	0.8876662251350214	-1.97135038930528
1550	C	12.011	0.5109024905263894	2.592642639398903
1551	C	12.011	0.3213808965499196	-3.0734006187222818
1552	C	12.011	0.4978235185188712	-1.637745393437353
1553	C	12.011	0.17695921903414877	2.2333450699983506
1554	C	12.011	0.7971444887205089	0.45059590169371283
1555	C2	24.022	0.45611208866966074	1.463605348007334
1556	C2	24.022	0.8765956101238458	1.9322275876675996
1557	C	12.011	0.3435644707132733	2.5851940196829735
1558	C	12.011	0.654015430073381	2.6550263058995935
1559	C	12.011	0.3569874520480848	-0.48452938585671823
1560	C	12.011	0.6928491362095118	0.3462086541425265
1561	C	12.011	0.3096133537688144	1.3310568169895636
1562	C2	24.022	0.5456600814209425	0.2793598944071896
1563	C	12.011	0.4307082040428523	-2.459537839872272
1564	C	12.011	1.1072361898817595	0.8685577003020666
1565	C	12.011	0.786338151558055	-2.544507481549654
1566	C2	24.022	0.32839218309189977	-1.699833471281281
1567	C	12.011	1.0148066918711192	-1.322202965615586
1568	C	12.011	0.3883196413390517	-1.591264984896089
1569	C	12.011	0.361917169763261	-0.2542305223193761
1570	C	12.011	0.11033223865700281	1.9540724252584145
1571	C	12.011	0.4544735994210588	0.8873048047380417
1572	C	12.011	0.9035620933337312	1.0317405920532616
1573	C2	24.022	0.7283929272395834	1.9613234316662191
1574	C	12.011	1.2642863021273147	2.333825845177979
1575	C2	24.022	0.8065573511348062	-1.600270139053557
1576	C	12.011	0.7683146911990413	2.8868498365472433
1577	C	12.011	0.46674405310242717	0.4346438215354672
1578	C	12.011	0.786907857783224	2.9468894397412035
1579	C	12.011	0.5705798403401984	0.7722238190619608
1580	C	12.011	0.43238454292002426	-0.6960152093919627
1581	C2	24.022	0.9102689291284394	-2.0157144703994754
1582	C	12.011	0.521569919014145	-1.4103079937393965
1583	C2	24.022	0.16925228629910946	-3.0319588976302607
1584	C	12.011	0.5737323327154661	-1.9323007823406648
1585	C2	24.022	0.6269046002367549	0.09089103880495841
1586	C	12.011	0.3524115264118272	-1.8807406267285138
1587	C	12.011	0.9158198810482869	0.5034116638413785
1588	C	12.011	0.6829815200113462	-0.36378751288905187
1589	C2	24.022	0.553587985789818	-0.1942388267240996
1590	C	12.011	0.2677076996171211	0.3112716251963914
1591	C	12.011	0.16295669417351652	-2.4726763692814373
1592	C	12.011	0.6312211596410967	2.840114406769172
1593	C	12.011	0.5350251112987114	-2.0832893605851885
1594	C	12.011	1.1154173135271412	0.711911412411827
1595	C3	36.033	0.3013452245485788	0.059832278900092795
1596	C	12.011	0.3755412112924307	-0.2905557220637812
1597	C2	24.022	0.3060427253952136	2.21066851131522
1598	C2	24.022	1.2091190872641395	1.9817337400278368
1599	C2	24.022	0.5756748452349343	-2.7098583748233662
1600	C2	24.022	0.6210665070982808	2.1915195739659654
1601	C2	24.022	0.4363883685429587	2.207433864848877
1602	C	12.011	0.8695783296790374	3.0072816421551782
1603	C	12.011	0.3003880300532797	2.619876080356061
1604	C	12.011	0.627363498822865	1.4263538576448171
1605	C	12.011	0.9753898158513882	0.0667789716735944
1606	C	12.011	0.7184623709441856	0.8122656397525337
1607	C2	24.022	0.49614706906919964	2.623269947711243
1608	C	12.011	0.8437307508956199	-2.274908537254379
1609	C	12.011	0.5000509848261278	0.8621716905240187
1610	C	12.011	0.8141488607261363	-2.2442106455937236
1611	C3	36.033	1.1612452687714219	0.47166776647931735
1612	C	12.011	0.48245522653568856	0.2520272021653294
1613	C2	24.022	0.8010050334595278	2.297505320054715
1614	C	12.011	0.44641842178884616	1.5183276617035286
1615	C	12.011	0.657211084255907	2.5897378638943103
1616	C	12.011	0.22406916872252117	0.04003170767335906
1617	C2	24.022	0.3162591356070444	0.25289481492196775
1618	C	12.011	1.2822254667051542	1.394734664916205
1619	C	12.011	1.273965443355903	2.5958502941031925
1620	C2	24.022	1.2203604486360038	1.3207281970264875
1621	C2	24.022	0.4677967456525968	-0.25516014602327713
1622	C	12.011	0.7100112094191083	-1.933397020432228
1623	C2	24.022	1.058470745915533	2.044151593302046
1624	C	12.011	1.124046304700041	1.3375944626298422
1625	C2	24.022	1.516134765234268	1.575243859679079
1626	C2	24.022	0.5480537845250055	0.7531868634660137
1627	C	12.011	0.37964272781121045	1.0604021134799717
1628	C	12.011	0.887525975857744	1.744240274788226
1629	C	12.011	0.2586477283035796	0.3047857739551267
1630	C	12.011	0.9033612041418755	-0.3922155784028468
1631	C	12.011	0.93432139313746	1.6844156528829448
1632	C	12.011	0.4295344247389753	1.9099725401158438
1633	C	12.011	0.33099773014063677	-1.2416935978116554
1634	C	12.011	1.0919323383196478	-2.1306644263039236
1635	C	12.011	0.5345557807138264	0.9842836466580096
1636	C	12.011	0.37007575494439665	2.430729621368526
1637	C	12.011	0.14643868900328594	-1.0141465247355732
1638	C	12.011	0.802954334726736	-0.6712010087139941
1639	C	12.011	0.6715045171351456	2.805551347937452
1640	C	12.011	0.3295051330770193	2.3221064531235363
1641	C	12.011	0.9855238888670846	2.700269899545686
1642	C	12.011	0.41621398897669065	-2.5916721280131974
1643	C	12.011	0.7454739092911785	0.393086172604163
1644	C	12.011	0.3106691172288047	1.1150767686523981
1645	C	12.011	0.2711729938639231	1.9957545737762037
1646	C	12.011	0.7091778214816024	2.9696089547178834
1647	C	12.011	0.8088583046323607	-1.9515572750125394
1648	C	12.011	0.9308123870144797	2.7489882663566685
1649	C	12.011	0.14343833967863678	-0.14311517369810772
1650	C	12.011	0.19755598881646072	3.022550525264234
1651	C	12.011	0.8272395619050651	-2.7623188851335234
1653	C	12.011	0.7478961571478699	0.11684591320429728
1654	C	12.011	0.1889793069378569	0.788760589521423
1655	C	12.011	0.5884834267606123	-0.7972015584375516
1656	C	12.011	0.08251634918432905	-1.6691075852323423
1657	C	12.011	0.4831681318045138	-2.6174333885864844
1658	C	12.011	0.48290224239320323	2.5590648011919077
1659	C	12.011	0.2244117248677314	-1.5609773070143131
1660	C	12.011	0.38668124829747696	-0.9516808518359839
1661	C2	24.022	0.120486121839563	0.7508390233939755
1662	C	12.011	0.7792753159767825	1.581979831190249
1663	C	12.011	0.4133543928934353	1.011908532636576
1664	C	12.011	0.5734169274556795	-1.7406942879868859
1665	C	12.011	0.5841194267974124	0.038979056623111366
1666	C	12.011	0.7896004566743092	-0.5162991994565126
1667	C	12.011	0.7708830148580916	1.3527001278338602
Bottom
