dphi = 0.05235987755982988	first column is a mass, last row consists of all other masses	mass / surface of the sphere ring	scaled mass sums in consecutive angle intervals, last interval most often smaller (ends at pi/2)
Top
24.022	0.0	9.307584438167562e-12	0.0	0.0	6.256407463974702e-12	1.0284862026598814e-11	2.1876861970585633e-12	1.9082735145233515e-12	8.481368585423195e-12	9.182662701594848e-12	0.0	3.8678846249680474e-12	2.399181760310667e-12	5.6221945720431275e-12	1.0608844398153346e-12	2.013483485527833e-12	9.603615587799124e-13	0.0	1.7722156352056566e-12	8.564746172641231e-13	0.0	0.0	1.5808655408658894e-12	7.747003132474868e-13	0.0	0.0	0.0	0.0	0.0	0.0
36.033	0.0	0.0	0.0	0.0	0.0	0.0	0.0	0.0	0.0	0.0	0.0	1.9339423124840237e-12	1.7993863202330005e-12	0.0	1.5913266597230021e-12	0.0	0.0	0.0	1.3291617264042426e-12	0.0	0.0	0.0	0.0	0.0	0.0	0.0	0.0	0.0	0.0	0.0
other	0.0	1.3961376657251346e-11	5.594774857126458e-12	1.001814350490977e-11	0.0	7.71364651994911e-12	6.563058591175689e-12	5.724820543570054e-12	6.785094868338556e-12	4.591331350797424e-12	1.3976395491654416e-12	4.512532062462721e-12	3.5987726404660002e-12	5.059975114838814e-12	4.2435377592613385e-12	2.013483485527833e-12	3.3612654557296928e-12	2.76143537062987e-12	1.3291617264042426e-12	8.564746172641231e-13	8.309631752813654e-13	4.0454052990416545e-13	3.9521638521647234e-13	0.0	7.616287315254062e-13	0.0	0.0	3.682830416899266e-13	0.0	0.0
Bottom
other	0.0	0.0	0.0	0.0	0.0	0.0	0.0	0.0	0.0	0.0	0.0	0.0	0.0	0.0	0.0	0.0	0.0	0.0	0.0	0.0	0.0	0.0	0.0	0.0	0.0	0.0	0.0	0.0	0.0	0.0
Graph
other	0.0	4.653792219083781e-12	0.0	8.014514803927817e-12	0.0	6.4280387666242586e-12	6.563058591175689e-12	2.862410271785028e-12	1.0177642302507834e-11	6.121775134396566e-12	1.3976395491654416e-12	9.025064124925442e-12	4.798363520621334e-12	8.995511315269003e-12	5.304422199076673e-12	3.5235960996737078e-12	2.4009038969497806e-12	2.3011961421915585e-12	3.987485179212727e-12	1.7129492345282463e-12	4.154815876406827e-13	0.0	1.1856491556494172e-12	7.747003132474868e-13	7.616287315254062e-13	0.0	0.0	3.682830416899266e-13	0.0	0.0
C60
other	0.0	1.8615168876335124e-11	5.594774857126458e-12	2.0036287009819543e-12	6.256407463974702e-12	1.1570469779923666e-11	2.1876861970585633e-12	4.770683786308379e-12	5.088821151253918e-12	7.652218917995707e-12	0.0	1.289294874989349e-12	2.9989772003883336e-12	1.6866583716129384e-12	1.5913266597230021e-12	5.033708713819583e-13	1.9207231175598247e-12	4.602392284383116e-13	4.4305390880141416e-13	0.0	4.154815876406827e-13	4.0454052990416545e-13	7.904327704329447e-13	0.0	0.0	0.0	0.0	0.0	0.0	0.0
