dphi = 0.05235987755982988	first column is a mass, last row consists of all other masses	mass / surface of the sphere ring	scaled mass sums in consecutive angle intervals, last interval most often smaller (ends at pi/2)
Top
24.022	0.0	0.0	1.1189549714252916e-11	4.007257401963909e-12	3.128203731987351e-12	2.5712155066497036e-12	4.3753723941171266e-12	1.9082735145233515e-12	1.0177642302507834e-11	3.060887567198283e-12	6.988197745827207e-12	5.157179499957396e-12	3.598772640466001e-12	3.373316743225877e-12	1.0608844398153346e-12	3.02022522829175e-12	2.8810846763397373e-12	1.8409569137532466e-12	0.0	0.0	8.309631752813654e-13	8.090810598083309e-13	0.0	1.5494006264949737e-12	0.0	0.0	0.0	0.0	7.325227816980439e-13	0.0
36.033	0.0	0.0	0.0	0.0	0.0	3.856823259974556e-12	0.0	0.0	0.0	0.0	0.0	0.0	0.0	0.0	0.0	0.0	0.0	0.0	0.0	0.0	0.0	0.0	1.1856491556494172e-12	0.0	0.0	0.0	0.0	0.0	0.0	0.0
other	1.3948620936259577e-11	1.3961376657251346e-11	8.392162285689687e-12	1.001814350490977e-11	6.256407463974702e-12	8.999254273273961e-12	9.844587886763534e-12	7.633094058093406e-12	5.088821151253917e-12	6.121775134396565e-12	4.891738422079045e-12	3.223237187473372e-12	3.5987726404660002e-12	3.935536200430189e-12	3.713095539353671e-12	4.026966971055665e-12	2.4009038969497806e-12	2.3011961421915585e-12	8.861078176028283e-13	8.564746172641231e-13	4.154815876406827e-13	1.2136215897124964e-12	3.9521638521647234e-13	3.873501566237434e-13	1.5232574630508125e-12	0.0	0.0	0.0	0.0	0.0
Bottom
other	0.0	0.0	0.0	0.0	0.0	0.0	0.0	0.0	0.0	0.0	0.0	0.0	0.0	0.0	0.0	0.0	0.0	0.0	0.0	0.0	0.0	0.0	0.0	0.0	0.0	0.0	0.0	0.0	0.0	0.0
Graph
other	1.3948620936259577e-11	9.307584438167562e-12	8.392162285689687e-12	6.010886102945863e-12	6.256407463974702e-12	1.2856077533248517e-11	9.844587886763534e-12	5.724820543570054e-12	1.1025779161050153e-11	7.652218917995707e-12	7.687017520409927e-12	5.80182693745207e-12	6.597749840854334e-12	6.746633486451753e-12	2.652211099538337e-12	5.0337087138195825e-12	3.8414462351196495e-12	1.8409569137532466e-12	4.4305390880141416e-13	8.564746172641231e-13	0.0	2.022702649520827e-12	1.5808655408658894e-12	1.936750783118717e-12	1.5232574630508125e-12	0.0	0.0	0.0	7.325227816980439e-13	0.0
C60
other	0.0	4.653792219083781e-12	1.1189549714252916e-11	8.014514803927817e-12	3.128203731987351e-12	2.5712155066497036e-12	4.3753723941171266e-12	3.816547029046703e-12	4.240684292711598e-12	1.5304437835991415e-12	4.192918647496325e-12	2.578589749978698e-12	5.997954400776668e-13	5.622194572043128e-13	2.1217688796306693e-12	2.013483485527833e-12	1.4405423381698686e-12	2.3011961421915585e-12	4.4305390880141416e-13	0.0	1.2464447629220483e-12	0.0	0.0	0.0	0.0	0.0	0.0	0.0	0.0	0.0
