dphi = 0.05235987755982988	first column is a mass, last row consists of all other masses	mass / surface of the sphere ring	scaled mass sums in consecutive angle intervals, last interval most often smaller (ends at pi/2)
Top
24.022	0.0	9.307584438167562e-12	0.0	4.007257401963909e-12	9.384611195962053e-12	2.5712155066497036e-12	6.563058591175691e-12	0.0	5.088821151253918e-12	7.652218917995707e-12	5.5905581966617666e-12	2.578589749978698e-12	4.798363520621334e-12	3.373316743225877e-12	3.1826533194460043e-12	4.026966971055666e-12	9.603615587799124e-13	9.204784568766233e-13	0.0	8.564746172641231e-13	8.309631752813654e-13	0.0	0.0	7.747003132474868e-13	0.0	7.510152701253097e-13	7.42701259674812e-13	0.0	0.0	0.0
36.033	0.0	1.3961376657251346e-11	0.0	0.0	0.0	3.856823259974556e-12	3.2815292955878453e-12	5.724820543570056e-12	0.0	0.0	0.0	0.0	0.0	1.6866583716129384e-12	0.0	0.0	1.4405423381698686e-12	0.0	0.0	0.0	0.0	0.0	0.0	0.0	0.0	0.0	0.0	0.0	1.098784172547066e-12	0.0
60.055	0.0	0.0	0.0	0.0	0.0	0.0	0.0	0.0	0.0	0.0	0.0	0.0	0.0	0.0	0.0	0.0	0.0	0.0	0.0	0.0	0.0	0.0	0.0	0.0	0.0	0.0	0.0	0.0	1.8313069542451095e-12	0.0
other	0.0	1.3961376657251346e-11	0.0	0.0	3.128203731987351e-12	3.856823259974556e-12	1.0938430985292816e-12	2.862410271785028e-12	3.3925474341692784e-12	2.2956656753987123e-12	6.988197745827208e-13	1.289294874989349e-12	1.1995908801553335e-12	5.622194572043128e-13	5.304422199076673e-13	5.033708713819583e-13	0.0	4.602392284383116e-13	4.4305390880141416e-13	0.0	4.154815876406827e-13	0.0	3.9521638521647234e-13	7.747003132474868e-13	3.808143657627031e-13	0.0	0.0	0.0	0.0	0.0
Bottom
other	0.0	0.0	0.0	0.0	0.0	0.0	0.0	0.0	0.0	0.0	0.0	0.0	0.0	0.0	0.0	0.0	0.0	0.0	0.0	0.0	0.0	0.0	0.0	0.0	0.0	0.0	0.0	0.0	0.0	0.0
Graph
other	0.0	3.723033775267025e-11	0.0	4.007257401963909e-12	1.2512814927949404e-11	1.0284862026598814e-11	1.0938430985292816e-11	8.587230815355082e-12	8.481368585423195e-12	9.947884593394419e-12	6.2893779712444866e-12	3.8678846249680474e-12	5.997954400776667e-12	5.622194572043128e-12	3.713095539353672e-12	4.530337842437624e-12	2.400903896949781e-12	1.3807176853149352e-12	0.0	8.564746172641231e-13	8.309631752813654e-13	0.0	3.9521638521647234e-13	7.747003132474868e-13	3.808143657627031e-13	7.510152701253097e-13	7.42701259674812e-13	0.0	2.9300911267921756e-12	0.0
C60
other	0.0	0.0	0.0	0.0	0.0	0.0	0.0	0.0	0.0	0.0	0.0	0.0	0.0	0.0	0.0	0.0	0.0	0.0	4.4305390880141416e-13	0.0	4.154815876406827e-13	0.0	0.0	7.747003132474868e-13	0.0	0.0	0.0	0.0	0.0	0.0
