Total	Internal	Translational
Top
1.14858131837	0.524649471289	0.623931847081
0.0708455057763	0.0667632396581	0.00408226611815
0.160914782509	0.089936919506	0.0709778630027
1.81529131218	0.789242410134	1.02604890205
0.479572780642	4.68261454637e-34	0.479572780642
0.665816218417	0.304656802662	0.361159415756
76.6170288026	0.0	76.6170288026
11.2595127381	1.755708543	9.50380419511
4.14428576422	1.67944042674	2.46484533748
6.42671178151	3.58905483406	2.83765694744
1.67745012402	0.69600328575	0.981446838271
3.7022724305	0.0559480273807	3.64632440312
24.6553309312	0.0	24.6553309312
8.37619256681	2.39831191205	5.97788065477
4.58947981184	2.49817511668	2.09130469516
0.747071090077	0.357821303739	0.389249786338
5.80356472141	2.59829555506	3.20526916635
6.19157730079	1.2199619579	4.97161534288
1.75931544224	0.241842334	1.51747310824
2.61786782648	0.248220045941	2.36964778054
14.8145967756	5.25426146002	9.56033531554
5.47804614649	0.664742970057	4.81330317644
4.57770319184	1.7703844466	2.80731874524
37.7236281103	6.06866845209e-31	37.7236281103
7.96231902779	2.71974637669	5.24257265109
1.17114265251	0.58805211089	0.583090541621
1.40988557693	1.05532914512	0.354556431804
3.64367068936	2.44640873926	1.1972619501
4.67356001302	1.87304581855e-33	4.67356001302
9.24938407955	0.315856029442	8.9335280501
9.83433566584	0.462447159563	9.37188850627
6.84322281739	0.894448713305	5.94877410408
4.78369724595	1.24708434572	3.53661290023
5.28734772294	1.72284915823	3.56449856471
7.14036579476	4.02065995816	3.1197058366
2.84115301727	0.378580778061	2.46257223921
12.0391054089	1.5996632645	10.4394421443
4.84283209779	0.999573303297	3.84325879449
4.40171403672	2.37696667424	2.02474736248
3.02674457002	1.08068680206	1.94605776796
21.9569936446	5.66905706274	16.2879365819
21.9660863796	0.0	21.9660863796
3.56609703995	1.46489534768	2.10120169226
20.0025150961	0.0	20.0025150961
3.87125169663	7.3165852287e-36	3.87125169663
1.21206642773	0.685149944603	0.52691648313
2.21125501746	0.225312533618	1.98594248385
12.8608818448	1.3524869958	11.508394849
7.27394626503	2.04209972305	5.23184654198
2.29136446022	0.179113297169	2.11225116306
5.74184260291	0.533441907941	5.20840069497
3.35228201594	0.406293390328	2.94598862562
12.8750564422	0.661335651992	12.2137207902
8.03896319938	4.2689187204	3.77004447898
31.5257092224	0.0	31.5257092224
4.99736938764	0.0653233826498	4.93204600499
3.27108570331	2.00010031061	1.2709853927
3.82112951125	1.960973555	1.86015595624
2.38776697621	7.49218327419e-33	2.38776697621
5.80759219375	1.78792063753	4.01967155622
14.4334370883	0.0	14.4334370883
4.69733745166	1.01635481581	3.68098263585
15.8954038901	3.67216630045	12.2232375896
17.0928248622	1.85262862471	15.2401962375
4.30534210082	0.732709334999	3.57263276582
5.83266288243	1.7258511985	4.10681168393
0.208116238339	0.181561949463	0.0265542888761
2.46870384491	0.617507311546	1.85119653337
2.99106039848	2.04853085416	0.942529544318
3.58878778621	0.361011117673	3.22777666854
6.68057654082	5.39503288099	1.28554365983
2.40753276788	0.867700790586	1.53983197729
4.95893618821	0.709868138414	4.24906804979
8.94819473656	1.80284674727	7.1453479893
2.07077900993	0.597089630568	1.47368937937
2.59627771154	0.498891547545	2.09738616399
4.8540556665	2.3756783402	2.47837732631
2.83861751196	1.18601808291	1.65259942905
12.928119415	0.247811026257	12.6803083888
23.3910253171	4.79499729548e-31	23.3910253171
8.01009221641	0.608931083123	7.40116113329
185.504224773	0.0	185.504224773
27.6951546258	4.29859614222	23.3965584836
10.5968541385	1.19874932387e-31	10.5968541385
17.7067393685	2.99687330967e-32	17.7067393685
4.87233910516	0.285114311352	4.5872247938
5.42634653199	2.60864997536	2.81769655662
10.5889378975	0.4780508596	10.1108870379
10.1773938819	0.341885630796	9.83550825115
11.4690344179	0.475686772827	10.9933476451
6.66709878317	0.929013048367	5.7380857348
2.40196553488	1.87304581855e-33	2.40196553488
3.94618851819	0.432542573932	3.51364594426
26.4449676394	0.0	26.4449676394
49.4593840856	1.49843665484e-31	49.4593840856
7.66442497102	1.01641795042	6.6480070206
5.44967495107	0.613839367226	4.83583558385
5.7674497573	1.11711250091	4.6503372564
11.2380445448	1.01769130505	10.2203532397
1.87644312254	1.00505387271	0.87138924983
8.69246959266	1.08196396271	7.61050562994
12.2968382414	5.07622676009	7.22061148129
8.91719468202	0.510217455101	8.40697722692
13.0126701021	1.71783121147	11.2948388906
62.8807226676	0.0	62.8807226676
17.3066725334	3.03648611318	14.2701864203
50.7296520354	4.79499729548e-31	50.7296520354
4.79250993837	2.4666580209	2.32585191747
13.1274551653	2.21440510016	10.9130500651
10.4514499058	1.19874932387e-31	10.4514499058
117.351783056	0.0	117.351783056
133.389811287	0.0	133.389811287
1.67443936238	0.329983331027	1.34445603135
9.06786035753	1.53189718123	7.53596317629
2.34386277813	0.971787973291	1.37207480484
206.322417269	0.0	206.322417269
12.6000229519	6.75754504186	5.84247791003
0.822380319082	0.464378242591	0.358002076491
3.60850784333	1.38157396277	2.22693388055
6.92435917578	2.9695913727	3.95476780308
1.39492497424	0.646010901908	0.74891407233
1.5745703593	1.22203313016	0.352537229135
16.0630543786	2.43936228999	13.6236920886
21.8278873387	3.09003966198	18.7378476767
2.26731617349	0.909938294981	1.35737787851
2.83406089075	1.54652271018	1.28753818058
5.43879620836	3.34446549931	2.09433070906
2.99798463667	1.66854076398	1.32944387269
5.711910688	0.14750227838	5.56440840962
3.80343289688	1.33627928386	2.46715361302
1.53649006659	0.0272462502417	1.50924381635
0.70919300663	0.303953541153	0.405239465478
30.5204025982	0.0	30.5204025982
2.44771848581	1.66654876367	0.781169722139
5.02531864833	1.77846938731	3.24684926102
4.9258675312	4.09435006199	0.831517469212
2.28214351742	0.321069489033	1.96107402838
4.59672589659	4.10472897343	0.491996923158
5.54585686133	0.0638383325673	5.48201852877
4.47316769965	1.75888869017	2.71427900947
5.21726997883	0.62064335339	4.59662662544
35.1801835304	0.0	35.1801835304
0.843506349972	0.227482818027	0.616023531945
3.74925264247	3.11201625659	0.637236385886
2.16169251056	0.433766161298	1.72792634926
109.672246568	0.0	109.672246568
3.27910928941	0.449927672875	2.82918161653
1.83550534159	1.34963049359	0.485874847994
3.20064111644	1.06666814923	2.13397296721
3.45961467323	0.982908638752	2.47670603448
9.81863116963	3.25229056637	6.56634060327
7.90542235066	2.44681392135	5.45860842931
5.251625212	0.889783019306	4.3618421927
13.3570123242	4.45355810723	8.90345421693
4.45589754347	1.17195356969	3.28394397377
1.18993405308	0.477729183405	0.712204869676
3.87878385251	2.20821302238	1.67057083013
2.45276983824	1.23315806961	1.21961176863
6.9345738555	1.31148912708	5.62308472843
1.0057900607	0.191652250432	0.814137810269
4.67388911502	1.22955140605	3.44433770897
0.643456934632	0.146921500247	0.496535434385
2.93123982285	0.819188027686	2.11205179516
15.1243393322	0.572339665023	14.5519996672
2.57323841844	1.08166384425	1.49157457418
8.24881953668	2.22287821897	6.02594131771
9.53165097411	4.19037732796	5.34127364614
5.6832926027	0.488152521555	5.19514008114
73.6999661535	1.91799891819e-30	73.6999661535
6.44275386357	4.53169595997	1.9110579036
6.1528797347	1.0192284053	5.1336513294
1.61188972335	0.671537525575	0.940352197771
29.3560263719	0.0	29.3560263719
5.30570461529	2.87535123242	2.43035338287
8.0728977789	4.21823018739	3.85466759151
16.5387389717	3.62884427942	12.9098946923
12.0614024879	6.0907227125	5.97067977543
7.17105658882	0.442086103159	6.72897048566
17.5837174889	1.63231238131	15.9514051076
2.26986404485	1.32790182443	0.941962220428
2.1783628138	0.0763690865718	2.10199372723
4.25391264541	0.311307200757	3.94260544465
3.74326031918	2.552311268	1.19094905117
1.17832385866	0.366442261877	0.811881596785
1.14580375587	1.87304581855e-33	1.14580375587
9.19844109743	2.10181436635	7.09662673108
5.40373970856	1.08085526135	4.32288444721
3.40274860892	0.915848566271	2.48690004265
6.13478516913	3.65255502063	2.4822301485
1.4664295007	0.879240870138	0.587188630558
9.06484440983	0.647609327877	8.41723508195
21.5123170071	0.0	21.5123170071
14.9097299917	0.623303983781	14.286426008
14.9919411417	7.57234489194	7.41959624973
1.91483844886	1.08879332764	0.826045121213
0.72861194737	0.127752387442	0.600859559928
3.7069806991	1.29261850659	2.41436219251
126.833704305	1.91799891819e-30	126.833704305
3.9295903878	2.00996856869	1.91962181911
8.75176672279	1.77702051574	6.97474620705
9.93152971802	2.0477438173	7.88378590072
17.1804942742	0.0	17.1804942742
1.64893048186	0.53232640303	1.11660407884
9.46082301377	1.88597095642	7.57485205735
7.68584145093	0.328108593844	7.35773285709
8.77465797211	3.56808727086	5.20657070125
104.340869334	0.0	104.340869334
8.34459996305	2.44931258872	5.89528737433
6.90029456781	1.52271192896	5.37758263885
300.289784142	1.91799891819e-30	300.289784142
3.20640430635	2.04015602898	1.16624827736
1.76062809914	1.10661346225	0.65401463689
3.26655831369	0.0	3.26655831369
3.1079424061	0.734819204693	2.3731232014
2.0736156721	1.30462511247	0.768990559636
5.34933349615	0.768952347508	4.58038114865
2.86417499032	0.6959405158	2.16823447452
5.31986710726	2.62219574451	2.69767136275
10.2540197478	1.20324787242	9.05077187536
3.41577372219	1.34037497006	2.07539875213
5.36161893047	1.61847795808	3.7431409724
8.68948908055	5.66345106947	3.02603801108
9.6952117147	0.385575567279	9.30963614742
2.04311552496	1.37081711498	0.672298409979
4.56479465916	1.44709594532	3.11769871384
2.74813044014	2.10710801679	0.64102242335
6.43463787247	3.38178101468	3.05285685779
4.7503719666	3.87693124015	0.873440726451
9.33533902739	1.77785659499	7.55748243239
2.41353645385	0.927219164124	1.48631728973
0.140150745723	4.68261454637e-34	0.140150745723
6.04454166703	2.4463278402	3.59821382683
7.05473643786	1.87304581855e-33	7.05473643786
11.7811786059	0.0	11.7811786059
12.0200825953	2.58589191197	9.43419068328
14.163953361	1.71655654277	12.4473968182
5.42549003738	0.925981553152	4.49950848423
6.76407844382	1.19874932387e-31	6.76407844382
5.8285058067	0.0	5.8285058067
20.8031190665	1.25395306994	19.5491659965
13.9514781973	0.657684598731	13.2937935985
21.4110347327	3.81460845021	17.5964262825
101.455325654	0.0	101.455325654
12.0543910014	4.3176826786	7.73670832283
14.0806000376	0.0	14.0806000376
3.83301765503	0.428696984677	3.40432067036
6.69021120851	2.15763452336	4.53257668515
12.50996543	2.23505521537	10.2749102146
233.392263843	0.0	233.392263843
8.02817100043	0.165344075096	7.86282692533
11.7113188039	5.2003373218	6.51098148215
14.014717426	1.54960908901	12.465108337
6.41044438142	0.099776091201	6.31066829022
10.2885423729	0.813068344552	9.47547402832
16.2092377082	2.31217106642	13.8970666418
209.744508977	1.91799891819e-30	209.744508977
28.3798444885	1.34041495841	27.03942953
127.867897171	1.94796765129e-30	127.867897171
27.4334819437	2.39749864774e-31	27.4334819437
6.92157248494	1.20956908908	5.71200339586
9.23586759563	2.04172501573	7.1941425799
14.4919155767	1.19874932387e-31	14.4919155767
10.6098072458	0.561639390722	10.0481678551
4.56324199201	0.0	4.56324199201
22.1442970258	0.0	22.1442970258
54.5287576388	0.0	54.5287576388
28.5685914217	0.0	28.5685914217
11.3478191455	2.54928560025	8.79853354523
20.7128880073	0.0	20.7128880073
47.1895644725	0.0	47.1895644725
119.700613195	0.0	119.700613195
38.1071059536	0.0	38.1071059536
27.0671080726	0.0	27.0671080726
22.27547176	0.0	22.27547176
38.1989514648	0.0	38.1989514648
336.377453008	0.0	336.377453008
7.67866457686	0.0	7.67866457686
79.4110566563	0.0	79.4110566563
136.000040448	0.0	136.000040448
361.578613135	0.0	361.578613135
4.61783044102	1.87304581855e-33	4.61783044102
Bottom
