id	name	mass [g/mol]	latitude [rad]	longitude [rad]
Top
1312	C2	24.022	1.0522006508268902	1.497282152765757
1313	C2	24.022	1.0395952835824285	2.0342465912965677
1315	C3	36.033	1.3205711077497728	-0.7228313490573409
1317	C2	24.022	1.5196927953146842	-2.181424178227814
1318	C2	24.022	0.8774021807259941	1.9633652739647323
1321	C3	36.033	1.4502674192533451	-1.544828581413538
1322	C2	24.022	0.6933110581213587	0.3727561862193709
1323	C3	36.033	0.614845715856813	-0.39836924573143323
1324	C	12.011	0.8257997212827279	-2.487956478069719
1325	C2	24.022	0.7602910136699271	-1.9412465102599097
1326	C	12.011	0.4566034684720964	-1.0304428859319108
1327	C4	48.044	0.9547290822640789	-1.0166018835981967
1329	C3	36.033	1.5464747089840383	-1.860749707812328
1330	C2	24.022	1.5413372666099632	-2.7163080997384093
1331	C2	24.022	1.2680618917693032	0.8133168262855285
1332	C2	24.022	0.5323107240559406	1.6443234715789694
1333	C2	24.022	0.2262032311664861	1.8555651353755975
1334	C4	48.044	0.455620877920223	-0.19264700013554376
1335	C4	48.044	1.0953863846281737	-3.041054148244978
1336	C3	36.033	0.31066868355074406	2.1050213379931586
1337	C	12.011	0.7822102339710154	-0.18907726514499767
1338	C2	24.022	1.0856608396351624	-1.5234446667010624
1340	C2	24.022	1.1918146748004892	-0.5749904312991474
1341	C2	24.022	0.7987330432649742	2.55049256960485
1342	C2	24.022	0.6533213902204963	-2.595725032431938
1343	C2	24.022	1.4808651690328927	2.2323321367569373
1344	C2	24.022	0.5844157629598746	-0.8621472827876149
1345	C2	24.022	0.23373269960563392	-2.494498330502047
1346	C	12.011	0.5452993902261724	-1.2779836546002088
1347	C2	24.022	0.4571302863107655	-1.7464976372509036
1348	C	12.011	0.5654878795210799	-0.18160810465069477
1349	C	12.011	0.8257898325203458	1.3363027977577289
1350	C2	24.022	1.3006510160893963	-0.16646681285270762
1351	C	12.011	0.7954715256965519	-2.4954130748865495
1352	C2	24.022	0.4902521553063141	-2.6915163980155126
1353	C2	24.022	0.928208426836919	-1.7759480302153943
1354	C	12.011	0.1882908926554597	-1.3343745383390437
1355	C	12.011	1.1182600732557013	-0.7202259604410842
1380	C	12.011	1.1042962069291238	1.4664257300854695
1413	C	12.011	0.36983764645112693	-1.1009374776690848
1417	C2	24.022	1.1403172181995074	0.02674350420087681
1425	C	12.011	1.2628621082207114	-0.056796609086360125
1426	C2	24.022	1.5572133269238873	-1.7778956139043027
1430	C3	36.033	1.4238658537025912	-1.7627460263276684
1443	C2	24.022	0.5707182893356887	-1.0432180294348048
1445	C	12.011	0.50905483095929	2.904335788872997
1446	C2	24.022	0.7684019529511358	1.9236162584787906
1448	C2	24.022	1.3612455750749255	-2.3987942923210412
1449	C2	24.022	1.4432002763922085	-0.1352655116535254
1451	C2	24.022	0.7024117332949947	2.8166212303588405
1452	C3	36.033	1.1369630586391861	2.817729159526811
1454	C3	36.033	1.5166396201714911	-2.448582935902906
1456	C2	24.022	0.9513154432881078	-2.336480173405281
1457	C2	24.022	0.10360967165492238	-2.6957223035122526
1458	C	12.011	0.5448192483087405	-0.5174766728880011
1459	C2	24.022	1.046405963446374	1.1661086479931964
1460	C2	24.022	0.3182993816936223	-3.1001727908027337
1461	C2	24.022	0.8145452166422128	-2.616500149821003
1462	C2	24.022	0.4416232861287851	0.21948284820196393
1464	C	12.011	0.32901244335737345	2.544938809080963
1465	C4	48.044	0.9585862630348347	-0.5933941277365204
1468	C2	24.022	1.227571737593355	-2.1229966569704657
1469	C2	24.022	0.387694145125934	-1.3261165603311484
1470	C3	36.033	0.704730309105618	-1.3031025700243326
1471	C2	24.022	1.1957481647225046	-1.8913951408139897
1473	C2	24.022	0.7519059783982314	2.471161880774068
1474	C4	48.044	0.8118229896486117	-2.652447319440031
1475	C2	24.022	0.9076894802746287	2.9851571511974964
1476	C2	24.022	1.2083465157308282	0.0272531577541089
1478	C2	24.022	0.6853764580290858	-2.665949569740619
1479	C2	24.022	0.52723478001547	1.760583014135871
1480	C2	24.022	0.2909733476550618	1.4206866550397295
1481	C2	24.022	0.7744982831691252	-0.4815580084556305
1482	C2	24.022	0.24307715259908255	-0.65950316514536
1483	C2	24.022	0.5971864534017839	1.6713880125558962
1485	C2	24.022	1.2035593801532232	-0.6358094302806034
1486	C2	24.022	0.1265393719473754	-2.704914192424377
1487	C2	24.022	0.9324920779124017	1.8522060090281058
1488	C2	24.022	0.8417085401701697	0.21607660833673598
1489	C3	36.033	0.36515709786946005	-1.0847594020573705
1492	C2	24.022	0.7188504691275132	-1.800661079563596
1493	C2	24.022	0.7120098160411231	-2.464839616887476
1494	C2	24.022	0.2369381041674518	-1.2989854187254208
1495	C2	24.022	0.75193375670072	0.6732664637016633
1496	C2	24.022	0.8302343335043015	-0.4332147339131397
1497	C2	24.022	0.8279236316205086	1.5941462121602028
1498	C2	24.022	0.653443091995855	-2.8340000310292943
1499	C2	24.022	0.5498684837798841	-1.9691785238017945
1500	C3	36.033	0.33630294228287133	2.9235226627101207
1501	C2	24.022	1.2056062964451542	2.2757072062361594
1502	C2	24.022	0.2735877418852186	0.8708795972446453
1503	C2	24.022	1.279145208140009	3.13770939505811
1504	C2	24.022	0.8797696939860922	2.7090329532247965
1505	C2	24.022	0.8573673852567154	-3.0754597076774766
1506	C2	24.022	0.7920810647821832	-2.0215687323024887
1507	C2	24.022	1.5234663356512712	2.598670124175595
1508	C2	24.022	0.9559696321637299	-1.5665102359155885
1509	C2	24.022	0.8944645974698764	2.8847736788690153
1510	C2	24.022	0.24862959250073735	-0.6164823151849848
1511	C2	24.022	0.8850113408626504	0.9698493078874485
1512	C	12.011	0.026061484570683354	0.7843932520226206
1513	C3	36.033	0.5338792461206426	1.6430507336240152
1514	C3	36.033	0.6908585036506558	-2.0444614637957823
1515	C2	24.022	0.5186288990377397	2.7918144439454173
1516	C2	24.022	0.3984894980153931	1.738694805791496
1517	C2	24.022	0.5423968563605441	2.3468676678319125
1518	C2	24.022	0.32354361546966615	2.6242813563313696
1519	C2	24.022	1.3902733496724777	-2.1149876474928124
1520	C2	24.022	1.0498551577772781	-2.077560266493336
1521	C2	24.022	0.4671972678403719	2.732027340149943
1522	C2	24.022	0.6818543050151105	-1.1909945402378206
1523	C2	24.022	0.21390144236790234	2.0290911673533327
1524	C2	24.022	0.5419438185092463	1.661250044123468
1525	C4	48.044	0.0364988845208786	2.4324308034464157
1526	C4	48.044	0.5460628685617375	-2.1275735500289796
1527	C2	24.022	0.5653190437323489	-2.921741265744169
1528	C2	24.022	0.6431856050529345	-1.8590544262959239
1529	C2	24.022	0.4082170841669973	-2.1862269765270166
1530	C2	24.022	0.32281212905475776	2.8056076271918005
1531	C2	24.022	0.26750046312752906	2.988796216972998
1532	C3	36.033	0.8418811745254822	1.6643456083256558
1533	C2	24.022	1.2186034414213973	-1.6454367810079584
1534	C2	24.022	0.9825516502083649	1.5473825763025906
1535	C2	24.022	0.4865300221728606	0.3117132187383479
1536	C2	24.022	0.6754413332304774	1.8640095640458305
1537	C2	24.022	0.4857388964878624	-0.5508806799555663
1538	C2	24.022	0.20011503943445497	1.6521193544461963
1539	C2	24.022	1.2905378058061	0.6544528952311048
1540	C2	24.022	0.28685017883808445	0.5063921530208804
1541	C2	24.022	0.4469146373998978	-2.3690865496839932
1542	C2	24.022	0.8569239362132703	1.7831856277797504
1543	C3	36.033	1.1479093028974494	-0.7812805609484516
1544	C2	24.022	0.8762674169399512	1.9421917371269177
1545	C	12.011	0.8434589654142476	-2.324189073938556
1546	C2	24.022	0.58241251576921	0.5830598059052114
1547	C2	24.022	0.8288865812024306	1.8047052574323912
1548	C	12.011	1.5683768410126773	1.582661569585017
1549	C3	36.033	0.46173530526508777	1.6300745948541704
1550	C2	24.022	0.6037416998609796	-2.160037850266462
1551	C2	24.022	0.8700344759843051	-3.032891372018862
1552	C3	36.033	1.4924742704984666	-0.15819722009587792
1553	C	12.011	0.5822149844200656	-2.3249798126439285
1554	C2	24.022	1.5167193889495483	3.075595181526819
1555	C2	24.022	0.30021348398537445	-1.6207165181295997
1557	C2	24.022	0.24253393238163548	-0.22763028356216758
1558	C2	24.022	0.8833167751084842	3.0826740032604287
1559	C2	24.022	0.6941257280008043	-0.7196587126833867
1560	C2	24.022	0.5722292918915515	-2.29688992149716
1561	C3	36.033	0.4728515592857247	-0.7140972410073713
1562	C2	24.022	0.6987464246580358	-1.722211523325347
1563	C2	24.022	1.2880778097314602	-0.5948994982758523
1564	C2	24.022	0.834842109008029	1.1008397034902437
1565	C3	36.033	0.33689052033698746	2.077800740478237
1566	C2	24.022	0.4406816065529046	0.99781399619556
1567	C2	24.022	1.1258631379699144	-2.644280480320148
1568	C2	24.022	1.2314863319574607	-1.2838194961948919
1569	C2	24.022	0.526288675590096	-2.1914337863849744
1570	C2	24.022	0.19000341160750503	1.9043884075829804
1571	C2	24.022	0.23708146902972882	2.609713046005743
1572	C2	24.022	0.3211966215556524	1.933444312310441
1573	C2	24.022	1.2624594240785005	-3.034993215259123
1574	C	12.011	0.4189122852593256	-0.1130603903688557
1575	C2	24.022	1.3371555075401915	-0.04654646253964795
1576	C2	24.022	0.4343989250822019	-3.0610301524846646
1577	C2	24.022	0.49701306536216244	2.4276155405251645
1578	C	12.011	0.9659976370346051	-1.7226762452103133
1579	C	12.011	1.0465034293433355	-1.272764184448551
1580	C2	24.022	0.5391560178510842	0.0835058287842831
1581	C2	24.022	1.1080011403708934	0.9705976594102514
1582	C2	24.022	0.6557942640811646	2.7371300174175
1583	C	12.011	0.47016010144412335	-3.0856812995703193
1584	C	12.011	0.5624006486957807	0.6164746349749578
1585	C	12.011	0.1336079155189121	0.8594979318825235
1586	C	12.011	0.31757093265574865	2.360367569367573
1590	C	12.011	0.6021848306149986	1.66218640103573
1591	C	12.011	0.5761787995159158	1.4909367970786447
1592	C	12.011	1.3126892006290376	1.5320127860249013
1593	C	12.011	0.7996511711327225	-2.930891829439053
1596	C	12.011	0.8241831382920108	0.23398556821911584
1597	C	12.011	0.13082022121244866	1.6238935815613673
1598	C	12.011	0.5085532153832371	2.048218513938928
1599	C	12.011	0.6783525388541763	-0.740133100797312
Bottom
