dphi = 0.05235987755982988	first column is a mass, last row consists of all other masses	mass / surface of the sphere ring	scaled mass sums in consecutive angle intervals, last interval most often smaller (ends at pi/2)
Top
24.022	2.7897241872519153e-11	1.8615168876335124e-11	1.1189549714252916e-11	1.6029029607855635e-11	9.384611195962053e-12	1.2856077533248517e-11	2.1876861970585633e-12	1.335791460166346e-11	8.481368585423195e-12	6.121775134396566e-12	9.78347684415809e-12	0.0	7.1975452809320004e-12	3.373316743225877e-12	2.1217688796306693e-12	3.02022522829175e-12	2.8810846763397373e-12	9.204784568766233e-13	8.861078176028283e-13	5.138847703584738e-12	8.309631752813654e-13	1.6181621196166618e-12	1.5808655408658894e-12	2.3241009397424607e-12	7.616287315254062e-13	7.510152701253097e-13	2.2281037790244364e-12	1.4731321667597064e-12	1.4650455633960878e-12	0.0
36.033	0.0	1.3961376657251346e-11	1.6784324571379374e-11	0.0	9.384611195962053e-12	0.0	6.563058591175691e-12	2.862410271785028e-12	0.0	0.0	0.0	1.9339423124840237e-12	1.7993863202330005e-12	0.0	1.5913266597230021e-12	1.510112614145875e-12	0.0	1.3807176853149352e-12	0.0	0.0	0.0	0.0	0.0	0.0	0.0	0.0	0.0	0.0	2.197568345094132e-12	0.0
48.044	0.0	0.0	0.0	0.0	0.0	0.0	0.0	0.0	0.0	0.0	0.0	0.0	0.0	0.0	2.1217688796306693e-12	0.0	0.0	0.0	0.0	0.0	0.0	1.6181621196166618e-12	1.5808655408658894e-12	0.0	0.0	0.0	0.0	0.0	1.4650455633960878e-12	0.0
60.055	0.0	0.0	0.0	0.0	0.0	0.0	0.0	4.770683786308379e-12	0.0	0.0	3.4940988729136037e-12	0.0	0.0	0.0	0.0	0.0	0.0	0.0	2.2152695440070707e-12	0.0	0.0	0.0	0.0	0.0	0.0	0.0	0.0	0.0	0.0	0.0
72.066	0.0	0.0	1.678432457137937e-11	0.0	0.0	0.0	0.0	0.0	0.0	0.0	0.0	0.0	0.0	0.0	0.0	0.0	0.0	0.0	0.0	0.0	0.0	0.0	0.0	0.0	0.0	0.0	0.0	0.0	0.0	0.0
other	0.0	0.0	0.0	2.0036287009819543e-12	6.256407463974702e-12	1.2856077533248518e-12	0.0	3.816547029046703e-12	0.0	2.2956656753987123e-12	0.0	0.0	5.997954400776668e-13	2.248877828817251e-12	1.5913266597230021e-12	1.0067417427639165e-12	9.603615587799124e-13	9.204784568766233e-13	8.861078176028283e-13	0.0	4.154815876406827e-13	0.0	0.0	0.0	0.0	0.0	0.0	0.0	0.0	0.0
Bottom
other	0.0	0.0	0.0	0.0	0.0	0.0	0.0	0.0	0.0	0.0	0.0	0.0	0.0	0.0	0.0	0.0	0.0	0.0	0.0	0.0	0.0	0.0	0.0	0.0	0.0	0.0	0.0	0.0	0.0	0.0
Graph
other	2.7897241872519153e-11	3.257654553358647e-11	4.475819885701166e-11	1.6029029607855635e-11	2.5025629855898808e-11	1.4141685286573368e-11	8.750744788234253e-12	2.0991008659756866e-11	6.785094868338557e-12	6.886997026196136e-12	1.3277575717071692e-11	1.9339423124840237e-12	9.596727041242667e-12	5.6221945720431275e-12	7.426191078707342e-12	5.53707958520154e-12	3.8414462351196495e-12	2.7614353706298705e-12	3.5444312704113133e-12	5.138847703584738e-12	1.2464447629220483e-12	3.2363242392333236e-12	3.1617310817317787e-12	2.3241009397424607e-12	7.616287315254062e-13	7.510152701253097e-13	2.2281037790244364e-12	1.4731321667597064e-12	4.395136690188264e-12	0.0
C60
other	0.0	0.0	0.0	2.0036287009819543e-12	0.0	0.0	0.0	3.816547029046703e-12	1.6962737170846392e-12	1.5304437835991415e-12	0.0	0.0	0.0	0.0	0.0	0.0	0.0	4.602392284383116e-13	4.4305390880141416e-13	0.0	0.0	0.0	0.0	0.0	0.0	0.0	0.0	0.0	7.325227816980439e-13	0.0
