dphi = 0.05235987755982988	first column is a mass, last row consists of all other masses	mass / surface of the sphere ring	scaled mass sums in consecutive angle intervals, last interval most often smaller (ends at pi/2)
Top
24.022	0.0	9.307584438167562e-12	1.1189549714252916e-11	1.6029029607855635e-11	1.5641018659936755e-11	2.5712155066497036e-12	6.563058591175691e-12	9.541367572616757e-12	6.785094868338557e-12	1.3773994052392271e-11	8.385837294992648e-12	5.157179499957396e-12	7.1975452809320004e-12	5.6221945720431275e-12	7.426191078707342e-12	2.013483485527833e-12	3.8414462351196495e-12	1.8409569137532466e-12	3.5444312704113133e-12	8.564746172641231e-13	1.6619263505627309e-12	0.0	7.904327704329447e-13	7.747003132474868e-13	2.284886194576219e-12	7.510152701253097e-13	7.42701259674812e-13	0.0	0.0	7.305149876704477e-13
36.033	0.0	0.0	8.392162285689687e-12	0.0	4.692305597981027e-12	0.0	3.2815292955878453e-12	0.0	0.0	2.2956656753987123e-12	0.0	0.0	0.0	3.373316743225877e-12	1.5913266597230021e-12	1.510112614145875e-12	1.4405423381698686e-12	0.0	1.3291617264042426e-12	1.284711925896185e-12	0.0	0.0	0.0	1.1620504698712303e-12	0.0	0.0	0.0	0.0	0.0	0.0
other	1.3948620936259577e-11	1.8615168876335124e-11	1.1189549714252916e-11	1.602902960785563e-11	3.128203731987351e-12	1.4141685286573368e-11	6.563058591175689e-12	8.587230815355082e-12	1.3570189736677112e-11	6.121775134396565e-12	5.590558196661766e-12	4.512532062462721e-12	5.9979544007766665e-12	7.871072400860377e-12	4.773979979169006e-12	1.510112614145875e-12	3.3612654557296928e-12	4.142153055944804e-12	3.1013773616098987e-12	2.1411865431603078e-12	2.0774079382034135e-12	4.0454052990416545e-13	1.1856491556494172e-12	7.747003132474868e-13	3.808143657627031e-13	0.0	0.0	3.682830416899266e-13	0.0	0.0
Bottom
other	0.0	0.0	0.0	0.0	0.0	0.0	0.0	0.0	0.0	0.0	0.0	0.0	0.0	0.0	0.0	0.0	0.0	0.0	0.0	0.0	0.0	0.0	0.0	0.0	0.0	0.0	0.0	0.0	0.0	0.0
Graph
other	1.3948620936259577e-11	2.3268961095418908e-11	2.237909942850583e-11	2.003628700981954e-11	2.1897426123911453e-11	1.2856077533248515e-11	1.2032274083822097e-11	1.5266188116186812e-11	1.441832659521943e-11	1.9895769186788838e-11	1.1181116393323532e-11	7.091121812441419e-12	1.0796317921398e-11	1.5179925344516445e-11	1.2200171057876347e-11	5.0337087138195825e-12	8.163073249629254e-12	5.062631512821428e-12	7.531916449624038e-12	3.4258984690564925e-12	3.3238527011254618e-12	4.0454052990416545e-13	1.9760819260823615e-12	2.711451096366204e-12	2.665700560338922e-12	7.510152701253097e-13	7.42701259674812e-13	3.682830416899266e-13	0.0	7.305149876704477e-13
C60
other	0.0	4.653792219083781e-12	8.392162285689687e-12	1.2021772205891724e-11	1.5641018659936755e-12	3.856823259974556e-12	4.3753723941171266e-12	2.862410271785028e-12	5.9369580097962364e-12	2.2956656753987123e-12	2.7952790983308833e-12	2.578589749978698e-12	2.399181760310667e-12	1.6866583716129384e-12	1.5913266597230021e-12	0.0	4.801807793899562e-13	9.204784568766233e-13	4.4305390880141416e-13	8.564746172641231e-13	4.154815876406827e-13	0.0	0.0	0.0	0.0	0.0	0.0	0.0	0.0	0.0
