dphi = 0.05235987755982988	first column is a mass, last row consists of all other masses	mass / surface of the sphere ring	scaled mass sums in consecutive angle intervals, last interval most often smaller (ends at pi/2)
Top
24.022	0.0	0.0	0.0	0.0	1.5641018659936755e-11	0.0	1.531380337940994e-11	7.633094058093406e-12	1.6962737170846392e-12	4.591331350797425e-12	5.5905581966617666e-12	3.8678846249680474e-12	1.1995908801553335e-12	4.497755657634502e-12	6.365306638892008e-12	4.026966971055666e-12	9.603615587799124e-13	1.8409569137532466e-12	0.0	1.7129492345282463e-12	1.6619263505627309e-12	8.090810598083309e-13	0.0	2.3241009397424607e-12	1.5232574630508125e-12	1.5020305402506194e-12	0.0	0.0	0.0	0.0
36.033	0.0	0.0	0.0	0.0	0.0	3.856823259974556e-12	0.0	2.862410271785028e-12	2.544410575626959e-12	0.0	0.0	1.9339423124840237e-12	3.598772640466001e-12	0.0	0.0	1.510112614145875e-12	1.4405423381698686e-12	1.3807176853149352e-12	0.0	0.0	1.2464447629220483e-12	0.0	1.1856491556494172e-12	1.1620504698712303e-12	0.0	0.0	0.0	0.0	0.0	0.0
48.044	0.0	0.0	0.0	0.0	0.0	0.0	0.0	0.0	0.0	0.0	0.0	0.0	0.0	0.0	0.0	0.0	0.0	1.8409569137532466e-12	0.0	1.7129492345282463e-12	0.0	0.0	0.0	0.0	0.0	0.0	0.0	0.0	0.0	0.0
2209639.648	0.0	0.0	0.0	0.0	0.0	0.0	0.0	0.0	0.0	1.4077634099037062e-07	0.0	0.0	0.0	0.0	0.0	0.0	0.0	0.0	0.0	0.0	0.0	0.0	0.0	0.0	0.0	0.0	0.0	0.0	0.0	0.0
other	0.0	9.307584438167562e-12	0.0	1.602902960785563e-11	1.5641018659936755e-12	7.71364651994911e-12	6.563058591175689e-12	5.724820543570054e-12	9.329505443965514e-12	4.591331350797424e-12	4.192918647496324e-12	6.4464743749467436e-12	3.5987726404660002e-12	3.3733167432258764e-12	6.365306638892008e-12	8.05393394211133e-12	1.9207231175598247e-12	6.903588426574674e-12	2.6583234528084845e-12	4.282373086320615e-12	8.309631752813654e-13	8.090810598083309e-13	1.5808655408658894e-12	0.0	1.1424430972881095e-12	1.1265229051879647e-12	3.71350629837406e-13	0.0	3.6626139084902195e-13	0.0
Bottom
other	0.0	0.0	0.0	0.0	0.0	0.0	0.0	0.0	0.0	0.0	0.0	0.0	0.0	0.0	0.0	0.0	0.0	0.0	0.0	0.0	0.0	0.0	0.0	0.0	0.0	0.0	0.0	0.0	0.0	0.0
Graph
other	0.0	9.307584438167562e-12	0.0	1.001814350490977e-11	1.7205120525930428e-11	1.0284862026598814e-11	1.8595332674997784e-11	1.4312051358925135e-11	1.1025779161050153e-11	1.4078399320928855e-07	9.084657069575369e-12	1.0314358999914791e-11	7.197545280932002e-12	5.059975114838815e-12	1.0608844398153345e-11	1.0570788299021122e-11	3.8414462351196495e-12	1.0125263025642856e-11	2.6583234528084845e-12	6.4235596294809225e-12	3.739334288766144e-12	8.090810598083309e-13	2.3712983112988344e-12	3.4861514096136902e-12	2.665700560338922e-12	2.628553445438584e-12	3.71350629837406e-13	0.0	0.0	0.0
C60
other	0.0	0.0	0.0	6.010886102945863e-12	0.0	1.2856077533248518e-12	3.2815292955878453e-12	1.9082735145233515e-12	2.544410575626959e-12	1.5304437835991415e-12	6.988197745827208e-13	1.9339423124840237e-12	1.1995908801553335e-12	2.8110972860215638e-12	2.1217688796306693e-12	3.020225228291749e-12	4.801807793899562e-13	1.8409569137532466e-12	0.0	1.284711925896185e-12	0.0	8.090810598083309e-13	3.9521638521647234e-13	0.0	0.0	0.0	0.0	0.0	3.6626139084902195e-13	0.0
