Total	Internal	Translational
Top
2.9438432086	1.80370258251	1.14014062609
1.84636278553	0.314243976209	1.53211880932
2.34450079007	0.181220714777	2.1632800753
37.1140411305	4.79499729548e-31	37.1140411305
2.51550195884	0.173017313114	2.34248464573
0.954661327372	0.363749159068	0.590912168304
2.99448736401	0.0	2.99448736401
1.83341295778	0.461443086699	1.37196987109
18.6129358192	5.99374661935e-32	18.6129358192
1062.74014587	1.77589537099	1060.9642505
174.305334417	0.0	174.305334417
7.49578377992	2.50397996097	4.99180381895
513.519089029	2.99687330967e-32	513.519089029
185.779195421	9.1890022414	176.590193179
88.1766989038	0.0	88.1766989038
427.843394126	0.0	427.843394126
197.956814889	0.0	197.956814889
36.2980997168	0.0	36.2980997168
121.646675859	1.91799891819e-30	121.646675859
62.47195808	0.0	62.47195808
12.9549165015	2.16576094589	10.7891555556
5.96857357957	1.07993883003	4.88863474954
3.82387783719	0.356464386878	3.46741345031
85.8628184472	2.99687330967e-32	85.8628184472
2.01751586257	1.02901618686	0.988499675705
8.33439219157	0.298319917939	8.03607227363
241.827978389	1.91799891819e-30	241.827978389
117.649379706	1.91799891819e-30	117.649379706
9.72356624988	1.19874932387e-31	9.72356624988
113.538945432	0.0	113.538945432
55.0755630859	4.79499729548e-31	55.0755630859
87.4559016352	1.91799891819e-30	87.4559016352
6.20809605146	0.035025466962	6.1730705845
152.54579369	0.0	152.54579369
32.1083920218	12.7401027659	19.3682892559
165.974848984	2.39749864774e-30	165.974848984
20.6409475313	0.0	20.6409475313
135.410773502	11.8308219409	123.579951561
6.4786722407	1.32390838085	5.15476385985
119.426683241	1.91799891819e-30	119.426683241
424.551648083	7.67199567277e-30	424.551648083
729.595721215	0.0	729.595721215
48.6089881559	0.0	48.6089881559
165.667031312	0.0	165.667031312
311.723046397	0.0	311.723046397
104.957337125	0.0	104.957337125
76.8009736519	9.62845323898	67.1725204129
373.221687809	12.1594338656	361.062253944
338.052133272	0.0	338.052133272
85.299623862	1.95053301867	83.3490908433
508.008481559	1.91799891819e-30	508.008481559
315.568118869	1.91799891819e-30	315.568118869
34.7699652343	5.00567197487	29.7642932595
332.420132712	0.0	332.420132712
227.025878719	3.41740794311	223.608470776
233.655690821	1.91799891819e-30	233.655690821
0.852707985651	0.259379927359	0.593328058292
14.1419486834	0.325783299324	13.8161653841
30.9838157469	1.87304581855e-33	30.9838157469
517.920988393	8.3252094024	509.595778991
1.64017418328	0.0	1.64017418328
576.465401567	1.91799891819e-30	576.465401567
55.9224250848	1.82914630717e-36	55.9224250848
3.15868870323	2.70079261815	0.457896085083
262.143318707	0.0	262.143318707
275.431625278	0.0	275.431625278
1.80117796132	0.0	1.80117796132
9.65069593222	5.2437975901	4.40689834212
49.6491461527	0.0	49.6491461527
67.7740731005	0.0	67.7740731005
2.71927195923	0.360514025072	2.35875793416
78.6933224376	0.0	78.6933224376
5.57861995444	3.23366845783	2.3449514966
4.4307855086	2.49976915198	1.93101635662
2.09004183383	0.0	2.09004183383
9.19621289944	0.0	9.19621289944
7.97243907563	0.236929326401	7.73550974923
84.9756553214	0.0	84.9756553214
2.85990412618	1.87304581855e-33	2.85990412618
19.6163440464	1.5459346214	18.070409425
50.0346466922	0.0	50.0346466922
242.106474275	0.0	242.106474275
255.970505665	0.0	255.970505665
39.4434000844	3.12196825022	36.3214318341
120.836200302	11.6616447327	109.174555569
20.9217212057	0.0	20.9217212057
102.32761803	0.0	102.32761803
1.4388370785	1.28861678892	0.150220289576
119.571911057	2.99687330967e-32	119.571911057
51.5127852694	0.0	51.5127852694
209.02434529	1.91799891819e-30	209.02434529
210.866805623	1.91799891819e-30	210.866805623
3.1987392488	0.0567293732049	3.14200987559
7.70116444544	0.0	7.70116444544
37.31208576	0.0	37.31208576
22.6367893651	0.0	22.6367893651
339.325168101	0.0	339.325168101
192.364929761	0.0	192.364929761
6.81805512051	0.346486760216	6.4715683603
22.2631667156	0.0	22.2631667156
7.68400515977	0.985126549878	6.69887860989
107.956984583	0.0	107.956984583
55.3810601831	4.79499729548e-31	55.3810601831
9.60271893825	1.58825494353	8.01446399472
152.272994552	4.79499729548e-31	152.272994552
95.4546865728	4.79499729548e-31	95.4546865728
15.7422062601	1.48347086719	14.2587353929
17.5696845133	6.28882675742	11.2808577559
3.81033748675	1.72544260844	2.0848948783
1.47408099319	1.87304581855e-33	1.47408099319
43.2808698924	0.0	43.2808698924
269.619929005	0.0	269.619929005
1.16038426995	1.99011118221e-33	1.16038426995
19.1014301077	0.0	19.1014301077
411.189190914	7.70196440586e-30	411.189190914
493.607839504	4.79499729548e-31	493.607839504
181.548375841	4.79499729548e-31	181.548375841
949.633151442	0.0	949.633151442
549.62333667	0.0	549.62333667
597.107961886	0.0	597.107961886
692.600566525	0.0	692.600566525
145.558385543	0.0	145.558385543
538.878115816	0.0	538.878115816
156.718350773	0.0	156.718350773
336.936819101	1.19874932387e-31	336.936819101
390.025306688	1.91799891819e-30	390.025306688
671.146318304	0.0	671.146318304
435.683435956	7.67199567277e-30	435.683435956
511.53425723	0.0	511.53425723
41.1277637694	0.0	41.1277637694
594.27025719	1.91799891819e-30	594.27025719
622.382494451	0.0	622.382494451
245.805904803	0.0	245.805904803
239.072272545	0.0	239.072272545
268.593422738	0.0	268.593422738
294.195131018	4.79499729548e-31	294.195131018
693.53258092	0.0	693.53258092
247.684995365	0.0	247.684995365
290.635895437	2.96402726015	287.671868177
381.782484349	1.91799891819e-30	381.782484349
277.184799136	0.0	277.184799136
504.728645007	0.0	504.728645007
536.882970631	7.67199567277e-30	536.882970631
628.956422517	0.0	628.956422517
546.815976296	0.0	546.815976296
373.416317626	4.79499729548e-31	373.416317626
622.231702973	4.79499729548e-31	622.231702973
266.227904429	2.39749864774e-30	266.227904429
448.246894501	7.67199567277e-30	448.246894501
508.11590214	0.0	508.11590214
184.087579846	0.0	184.087579846
649.059011969	0.0	649.059011969
557.45005289	0.0	557.45005289
470.401160301	1.91799891819e-30	470.401160301
210.597090483	0.0	210.597090483
383.963458409	8.15149540231e-30	383.963458409
314.428879917	0.0	314.428879917
551.111429926	0.0	551.111429926
229.014267079	1.91799891819e-30	229.014267079
686.174286671	0.0	686.174286671
643.95356327	0.0	643.95356327
Bottom
