dphi = 0.05235987755982988	first column is a mass, last row consists of all other masses	mass / surface of the sphere ring	scaled mass sums in consecutive angle intervals, last interval most often smaller (ends at pi/2)
Top
24.022	0.0	3.723033775267025e-11	3.356864914275874e-11	1.2021772205891726e-11	4.3794852247822905e-11	3.085458607979644e-11	1.531380337940994e-11	2.4807555688803568e-11	2.0355284605015668e-11	2.1426212970387976e-11	1.6771674589985296e-11	1.160365387490414e-11	1.3195499681708669e-11	8.995511315269003e-12	5.304422199076673e-12	7.047192199347415e-12	5.762169352679474e-12	2.7614353706298705e-12	4.430539088014141e-12	4.2823730863206156e-12	2.4928895258440966e-12	3.2363242392333236e-12	2.3712983112988344e-12	7.747003132474868e-13	0.0	1.5020305402506194e-12	7.42701259674812e-13	0.0	7.325227816980439e-13	2.1915449630113432e-12
36.033	0.0	0.0	0.0	0.0	1.407691679394308e-11	7.713646519949112e-12	1.3126117182351381e-11	1.1449641087140112e-11	5.088821151253918e-12	4.591331350797425e-12	1.4675215266237142e-11	5.801826937452071e-12	0.0	1.6866583716129384e-12	1.5913266597230021e-12	1.510112614145875e-12	0.0	1.3807176853149352e-12	0.0	0.0	0.0	0.0	0.0	0.0	0.0	0.0	1.1140518895122182e-12	1.1048491250697798e-12	0.0	0.0
48.044	0.0	0.0	0.0	0.0	6.256407463974702e-12	0.0	0.0	0.0	3.3925474341692784e-12	9.18266270159485e-12	0.0	2.578589749978698e-12	0.0	0.0	0.0	0.0	0.0	0.0	0.0	0.0	0.0	0.0	0.0	0.0	0.0	0.0	0.0	0.0	0.0	0.0
60.055	0.0	0.0	0.0	0.0	7.820509329968377e-12	0.0	0.0	0.0	0.0	0.0	3.4940988729136037e-12	3.223237187473372e-12	0.0	0.0	0.0	0.0	0.0	0.0	0.0	0.0	0.0	0.0	0.0	0.0	0.0	0.0	0.0	0.0	0.0	0.0
other	2.7897241872519153e-11	4.653792219083781e-12	5.594774857126458e-12	2.0036287009819543e-12	1.5641018659936755e-12	2.5712155066497036e-12	3.2815292955878453e-12	3.816547029046703e-12	5.9369580097962364e-12	2.2956656753987123e-12	3.4940988729136037e-12	1.289294874989349e-12	2.9989772003883336e-12	2.248877828817251e-12	2.1217688796306693e-12	0.0	1.4405423381698686e-12	1.8409569137532466e-12	1.3291617264042426e-12	1.7129492345282463e-12	4.154815876406827e-13	8.090810598083309e-13	3.9521638521647234e-13	0.0	0.0	0.0	0.0	3.682830416899266e-13	0.0	0.0
Bottom
other	0.0	0.0	0.0	0.0	0.0	0.0	0.0	0.0	0.0	0.0	0.0	0.0	0.0	0.0	0.0	0.0	0.0	0.0	0.0	0.0	0.0	0.0	0.0	0.0	0.0	0.0	0.0	0.0	0.0	0.0
Graph
other	2.7897241872519153e-11	4.188412997175403e-11	3.91634239998852e-11	1.402540090687368e-11	6.88204821037217e-11	4.113944810639526e-11	2.9533763660290605e-11	4.007374380499039e-11	2.9684790048981184e-11	3.673065080637939e-11	3.7736267827466934e-11	2.4496602624797634e-11	1.5594681442019333e-11	1.236882805849488e-11	9.017517738430344e-12	8.557304813493289e-12	6.242350132069429e-12	5.983109969698051e-12	5.759700814418383e-12	5.5670850122168e-12	2.0774079382034135e-12	3.640864769137489e-12	2.7665146965153066e-12	7.747003132474868e-13	0.0	1.5020305402506194e-12	1.85675314918703e-12	1.1048491250697798e-12	7.325227816980439e-13	2.1915449630113432e-12
C60
other	0.0	0.0	0.0	0.0	4.692305597981027e-12	0.0	2.1876861970585633e-12	0.0	5.088821151253918e-12	7.652218917995707e-13	6.988197745827208e-13	0.0	5.997954400776668e-13	5.622194572043128e-13	0.0	0.0	9.603615587799124e-13	0.0	0.0	4.2823730863206157e-13	8.309631752813654e-13	4.0454052990416545e-13	0.0	0.0	0.0	0.0	0.0	3.682830416899266e-13	0.0	0.0
