Total	Internal	Translational
Top
629.700013984	0.0	629.700013984
195.505699147	0.0	195.505699147
128.805095374	0.0	128.805095374
4.22853791346	1.78564822395	2.44288968951
1.41494004254	0.795677161478	0.619262881062
51.0843312902	0.0	51.0843312902
2.16319423441	7.49218327419e-33	2.16319423441
65.7194999835	4.79499729548e-31	65.7194999835
36.9464208556	4.4658674666	32.480553389
2.85234532318	1.1467684341	1.70557688908
18.1874232563	0.0	18.1874232563
9.01216682364	1.19200926365	7.82015756
4.29502674857	0.099215734374	4.1958110142
1.91867423461	0.0545017659567	1.86417246865
6.00645369571	4.1180881001	1.88836559561
486.954443071	0.0	486.954443071
3.5557271508	0.757207122954	2.79852002785
892.420497145	4.51001642921	887.910480716
12.8469588087	0.0	12.8469588087
261.967443322	0.0	261.967443322
255.209304006	9.21936158729	245.989942419
19.5361936008	7.66753737845	11.8686562223
796.070203582	0.0	796.070203582
3.68573264517	2.99687330967e-32	3.68573264517
4.59441819627	1.52850589679	3.06591229947
1.66165411277	0.899221861645	0.762432251121
2.0498361731	0.27283364858	1.77700252452
13.5941690144	6.26906564533	7.3251033691
5.39380023533	0.286599712487	5.10720052285
4.16441218571	0.625790748998	3.53862143671
9.01854441041	0.5432069691	8.47533744131
8.5226111013	0.989661238794	7.53294986251
94.5897684369	2.3825067542	92.2072616827
215.507367179	0.0	215.507367179
0.556883151275	7.49949985942e-33	0.556883151275
30.5567463487	0.0	30.5567463487
9.5241550385	2.2605989476	7.2635560909
2.97035156897	1.87542850899	1.09492305999
11.8234779363	1.19874932387e-31	11.8234779363
18.160418224	0.0	18.160418224
7.29309220909	0.728140357442	6.56495185165
177.724865142	0.0	177.724865142
19.9847823386	3.78112548532	16.2036568533
3.92999903544	0.0	3.92999903544
7.15259464884	0.0	7.15259464884
16.1551953195	2.99687330967e-32	16.1551953195
2.1933470933	0.0	2.1933470933
14.9112287638	2.32903915227	12.5821896115
12.8129422016	5.6305343171	7.18240788453
12.1315227691	2.03683209504	10.094690674
104.508917675	0.0	104.508917675
14.1904457327	2.99687330967e-32	14.1904457327
51.8306007449	0.0	51.8306007449
0.952320129786	1.87304581855e-33	0.952320129786
52.1779961595	4.92696842615	47.2510277334
6.46240965062	0.0	6.46240965062
11.3572535845	1.7544356255	9.60281795902
164.462301714	0.0	164.462301714
4.9011342349	0.0	4.9011342349
6.3436232059	0.837562643869	5.50606056203
584.012431182	7.67199567277e-30	584.012431182
265.863003621	0.0	265.863003621
508.178197353	0.0	508.178197353
22.4983293907	5.09468462645e-31	22.4983293907
77.7128640265	0.0	77.7128640265
566.431324138	0.0	566.431324138
469.242073797	0.0	469.242073797
782.377990348	1.91799891819e-30	782.377990348
186.771570251	1.19874932387e-31	186.771570251
7.68486279664	0.0	7.68486279664
5.57200345084	1.51191513095	4.06008831989
631.804674886	7.67199567277e-30	631.804674886
185.839537719	0.0	185.839537719
195.208791151	0.0	195.208791151
11.4313729816	1.44194029533	9.98943268632
18.8682872468	0.0	18.8682872468
147.335019254	0.0	147.335019254
2.87879958519	2.57409346053	0.304706124663
2.93387926053	1.99819659001	0.935682670522
33.5187721521	4.79499729548e-31	33.5187721521
6.55180950091	0.537145324509	6.0146641764
4.69219816561	2.0625120341	2.62968613151
89.5720546555	3.57462314575	85.9974315097
7.96863667578	3.94792250788	4.0207141679
6.11252051736	2.34130727318e-33	6.11252051736
117.936543261	0.0	117.936543261
75.7553682097	0.0	75.7553682097
51.6568078999	4.79499729548e-31	51.6568078999
5.51181572486	1.11586649535	4.39594922952
19.0580283458	0.323146900123	18.7348814457
90.5599737703	1.87304581855e-33	90.5599737703
15.4637112473	0.0	15.4637112473
28.5580449477	0.0	28.5580449477
137.52431832	0.0	137.52431832
6.73676064232	0.0	6.73676064232
48.6406424496	2.99687330967e-32	48.6406424496
86.8285363524	0.0	86.8285363524
27.1773994413	0.0	27.1773994413
15.9200361496	4.29305474358	11.626981406
128.256308332	1.91799891819e-30	128.256308332
9.60719580023	2.99687330967e-32	9.60719580023
286.585840805	0.0	286.585840805
4.08819536747	1.35592756566	2.73226780182
298.800738607	7.49218327419e-33	298.800738607
23.3194383029	0.0	23.3194383029
196.536086311	0.0	196.536086311
98.7471358342	0.0	98.7471358342
330.719584794	7.70196440586e-30	330.719584794
57.7824211093	0.0	57.7824211093
55.7360833983	0.0	55.7360833983
147.02920545	0.0	147.02920545
15.2845423712	0.0	15.2845423712
32.9442132101	5.99374661935e-31	32.9442132101
7.81359074835	1.7249986752	6.08859207315
60.0196166481	0.0	60.0196166481
48.1369133002	0.0	48.1369133002
6.33893957204	1.97555708085	4.3633824912
154.769068679	1.94796765129e-30	154.769068679
10.7424610189	1.49843665484e-31	10.7424610189
20.6995734885	5.79514511566	14.9044283728
6.84836167325	1.19874932387e-31	6.84836167325
609.621361767	6.8261361419	602.795225625
1059.51622043	1.3938017032	1058.12241873
126.694202286	0.0	126.694202286
264.313482735	0.0	264.313482735
140.570520281	0.0	140.570520281
192.262384336	0.0	192.262384336
207.666190279	0.0	207.666190279
502.677867185	0.0	502.677867185
59.2116738209	0.0	59.2116738209
340.130239326	0.0	340.130239326
1267.03794137	7.51732344736	1259.52061792
594.687258683	0.0	594.687258683
179.697573942	1.91799891819e-30	179.697573942
543.597829543	0.0	543.597829543
329.821541894	0.0	329.821541894
562.571614432	0.0	562.571614432
98.1106322779	4.79499729548e-31	98.1106322779
337.969872215	0.0	337.969872215
767.71292345	5.7664252119	761.946498238
579.8292097	0.0	579.8292097
681.606151266	0.0	681.606151266
746.61539036	0.0	746.61539036
674.928808294	0.0	674.928808294
769.532032208	0.0	769.532032208
243.538837466	0.0	243.538837466
426.557003239	1.91799891819e-30	426.557003239
394.01402996	1.19874932387e-31	394.01402996
601.831331647	8.15149540231e-30	601.831331647
622.674140304	4.79499729548e-31	622.674140304
1263.34787815	3.41197375167	1259.93590439
696.79548404	0.0	696.79548404
72.5224371739	0.0	72.5224371739
199.683760901	1.19874932387e-31	199.683760901
582.276038298	0.0	582.276038298
679.997682012	7.67199567277e-30	679.997682012
209.664711243	0.0	209.664711243
404.95811395	4.79499729548e-31	404.95811395
433.490109561	0.0	433.490109561
460.781190892	0.0	460.781190892
546.121370366	0.0	546.121370366
514.908267348	0.0	514.908267348
488.782003121	7.67199567277e-30	488.782003121
586.327329449	0.0	586.327329449
277.941018078	0.0	277.941018078
Bottom
