dphi = 0.05235987755982988	first column is a mass, last row consists of all other masses	mass / surface of the sphere ring	scaled mass sums in consecutive angle intervals, last interval most often smaller (ends at pi/2)
Top
24.022	2.7897241872519153e-11	3.723033775267025e-11	2.7973874285632288e-11	5.6101603627494715e-11	2.5025629855898802e-11	3.085458607979644e-11	2.187686197058563e-11	1.7174461630710164e-11	2.5444105756269585e-11	2.295665675398712e-11	1.3976395491654413e-11	5.157179499957396e-12	9.596727041242667e-12	1.0119950229677628e-11	1.1669728837968681e-11	9.060675684875248e-12	8.64325402901921e-12	8.284306111889609e-12	3.5444312704113133e-12	4.2823730863206156e-12	8.309631752813654e-13	4.045405299041654e-12	0.0	3.0988012529899473e-12	7.616287315254062e-13	0.0	7.42701259674812e-13	7.365660833798532e-13	7.325227816980439e-13	7.305149876704477e-13
36.033	0.0	0.0	0.0	6.010886102945863e-12	4.692305597981027e-12	1.928411629987278e-11	3.2815292955878453e-12	2.862410271785028e-12	0.0	9.18266270159485e-12	4.192918647496325e-12	1.9339423124840237e-12	1.7993863202330005e-12	1.6866583716129384e-12	0.0	0.0	0.0	0.0	0.0	1.284711925896185e-12	0.0	0.0	0.0	1.1620504698712303e-12	0.0	0.0	0.0	0.0	0.0	0.0
48.044	0.0	0.0	0.0	0.0	0.0	5.142431013299407e-12	4.3753723941171266e-12	0.0	0.0	0.0	0.0	0.0	2.399181760310667e-12	2.248877828817251e-12	0.0	2.013483485527833e-12	1.9207231175598247e-12	0.0	0.0	1.7129492345282463e-12	0.0	0.0	0.0	0.0	0.0	0.0	0.0	0.0	1.4650455633960878e-12	0.0
60.055	0.0	0.0	0.0	0.0	0.0	1.2856077533248517e-11	0.0	0.0	0.0	0.0	3.4940988729136037e-12	3.223237187473372e-12	0.0	0.0	0.0	0.0	0.0	0.0	2.2152695440070707e-12	0.0	0.0	0.0	0.0	0.0	0.0	0.0	0.0	0.0	0.0	0.0
96.088	0.0	0.0	0.0	0.0	0.0	0.0	0.0	7.633094058093406e-12	0.0	0.0	0.0	0.0	0.0	0.0	0.0	0.0	0.0	0.0	0.0	0.0	0.0	0.0	0.0	0.0	0.0	0.0	0.0	0.0	0.0	0.0
84.077	0.0	0.0	0.0	0.0	0.0	0.0	0.0	0.0	0.0	0.0	0.0	0.0	0.0	0.0	0.0	0.0	0.0	0.0	0.0	2.997661160424431e-12	0.0	0.0	0.0	0.0	0.0	0.0	0.0	0.0	0.0	0.0
other	0.0	0.0	5.594774857126458e-12	0.0	3.128203731987351e-12	6.4280387666242586e-12	4.3753723941171266e-12	2.862410271785028e-12	2.544410575626959e-12	2.2956656753987123e-12	3.4940988729136037e-12	1.289294874989349e-12	1.1995908801553335e-12	1.1244389144086255e-12	1.5913266597230021e-12	3.020225228291749e-12	9.603615587799124e-13	1.3807176853149352e-12	1.3291617264042426e-12	8.564746172641231e-13	4.154815876406827e-13	4.0454052990416545e-13	0.0	3.873501566237434e-13	0.0	0.0	0.0	0.0	0.0	0.0
Bottom
other	0.0	0.0	0.0	0.0	0.0	0.0	0.0	0.0	0.0	0.0	0.0	0.0	0.0	0.0	0.0	0.0	0.0	0.0	0.0	0.0	0.0	0.0	0.0	0.0	0.0	0.0	0.0	0.0	0.0	0.0
Graph
other	2.7897241872519153e-11	3.723033775267025e-11	3.356864914275874e-11	6.211248973044056e-11	3.2846139185867176e-11	7.327964193951657e-11	3.3909136054407735e-11	3.0532376232373625e-11	2.62922426148119e-11	3.2904541347381544e-11	2.4458692110395224e-11	1.160365387490414e-11	1.499488600194167e-11	1.461770588731213e-11	1.3261055497691681e-11	1.4094384398694831e-11	1.1044157925968992e-11	9.204784568766233e-12	7.088862540822625e-12	1.11341700244336e-11	1.2464447629220483e-12	4.4499458289458196e-12	0.0	4.6482018794849206e-12	7.616287315254062e-13	0.0	7.42701259674812e-13	7.365660833798532e-13	2.197568345094132e-12	7.305149876704477e-13
C60
other	0.0	0.0	0.0	0.0	0.0	1.2856077533248518e-12	0.0	0.0	1.6962737170846392e-12	1.5304437835991415e-12	6.988197745827208e-13	0.0	0.0	5.622194572043128e-13	0.0	0.0	4.801807793899562e-13	4.602392284383116e-13	0.0	0.0	0.0	0.0	0.0	0.0	0.0	0.0	0.0	0.0	0.0	0.0
