dphi = 0.05235987755982988	first column is a mass, last row consists of all other masses	mass / surface of the sphere ring	scaled mass sums in consecutive angle intervals, last interval most often smaller (ends at pi/2)
Top
24.022	0.0	9.307584438167562e-12	5.594774857126458e-12	1.6029029607855635e-11	9.384611195962053e-12	5.142431013299407e-12	6.563058591175691e-12	7.633094058093406e-12	8.481368585423195e-12	7.652218917995707e-12	4.192918647496325e-12	2.578589749978698e-12	5.997954400776667e-12	4.497755657634502e-12	2.1217688796306693e-12	6.040450456583498e-12	1.9207231175598247e-12	2.7614353706298705e-12	5.316646905616969e-12	1.7129492345282463e-12	3.3238527011254618e-12	2.427243179424993e-12	1.5808655408658894e-12	7.747003132474868e-13	0.0	0.0	7.42701259674812e-13	0.0	7.325227816980439e-13	0.0
36.033	0.0	0.0	0.0	1.2021772205891726e-11	0.0	0.0	3.2815292955878453e-12	0.0	0.0	2.2956656753987123e-12	0.0	0.0	0.0	0.0	0.0	0.0	0.0	1.3807176853149352e-12	0.0	0.0	0.0	0.0	1.1856491556494172e-12	0.0	0.0	0.0	0.0	0.0	0.0	0.0
2209555.571	0.0	0.0	0.0	3.685895394607841e-07	0.0	0.0	0.0	0.0	0.0	0.0	0.0	0.0	0.0	0.0	0.0	0.0	0.0	0.0	0.0	0.0	0.0	0.0	0.0	0.0	0.0	0.0	0.0	0.0	0.0	0.0
other	0.0	0.0	2.797387428563229e-12	6.010886102945863e-12	7.820509329968377e-12	7.71364651994911e-12	7.65690168970497e-12	6.67895730083173e-12	5.9369580097962364e-12	3.826109458997854e-12	8.385837294992648e-12	3.223237187473372e-12	5.9979544007766665e-12	5.622194572043127e-12	3.182653319446004e-12	4.026966971055665e-12	2.881084676339737e-12	4.602392284383116e-12	3.1013773616098987e-12	2.1411865431603078e-12	1.6619263505627309e-12	3.236324239233323e-12	0.0	3.873501566237434e-13	3.808143657627031e-13	3.7550763506265485e-13	0.0	3.682830416899266e-13	3.6626139084902195e-13	0.0
Bottom
other	0.0	0.0	0.0	0.0	0.0	0.0	0.0	0.0	0.0	0.0	0.0	0.0	0.0	0.0	0.0	0.0	0.0	0.0	0.0	0.0	0.0	0.0	0.0	0.0	0.0	0.0	0.0	0.0	0.0	0.0
Graph
other	0.0	9.307584438167562e-12	8.392162285689687e-12	3.686195938912987e-07	1.7205120525930428e-11	1.0284862026598814e-11	1.421996028088066e-11	1.1449641087140108e-11	1.0177642302507834e-11	1.224355026879313e-11	1.1181116393323532e-11	5.157179499957396e-12	9.596727041242667e-12	7.871072400860377e-12	4.2435377592613385e-12	7.047192199347415e-12	2.8810846763397373e-12	7.363827655012986e-12	6.6458086320212116e-12	3.854135777688554e-12	4.985779051688192e-12	5.25902688875415e-12	2.7665146965153066e-12	1.1620504698712303e-12	3.808143657627031e-13	3.7550763506265485e-13	7.42701259674812e-13	3.682830416899266e-13	1.098784172547066e-12	0.0
C60
other	0.0	0.0	0.0	4.007257401963909e-12	0.0	2.5712155066497036e-12	3.2815292955878453e-12	2.862410271785028e-12	4.240684292711598e-12	1.5304437835991415e-12	1.3976395491654416e-12	6.446474374946745e-13	2.399181760310667e-12	2.248877828817251e-12	1.0608844398153346e-12	3.020225228291749e-12	1.9207231175598247e-12	1.3807176853149352e-12	1.7722156352056566e-12	0.0	0.0	4.0454052990416545e-13	0.0	0.0	0.0	0.0	0.0	0.0	0.0	0.0
