dphi = 0.05235987755982988	first column is a mass, last row consists of all other masses	mass / surface of the sphere ring	scaled mass sums in consecutive angle intervals, last interval most often smaller (ends at pi/2)
Top
24.022	5.5794483745038306e-11	1.8615168876335124e-11	3.356864914275874e-11	2.404354441178345e-11	1.8769222391924104e-11	3.342580158644614e-11	3.5002979152937006e-11	2.4807555688803568e-11	2.883665319043886e-11	3.060887567198282e-11	1.956695368831618e-11	1.2892948749893487e-11	1.5594681442019333e-11	1.3493266972903506e-11	1.6974151037045354e-11	1.0067417427639163e-11	9.603615587799122e-12	5.52287074125974e-12	8.861078176028281e-12	3.4258984690564925e-12	4.985779051688192e-12	4.854486358849985e-12	7.904327704329447e-13	7.747003132474868e-13	1.5232574630508125e-12	1.5020305402506194e-12	7.42701259674812e-13	2.2096982501395596e-12	2.197568345094132e-12	0.0
36.033	4.184586280877873e-11	2.792275331450269e-11	2.5176486857069063e-11	3.005443051472932e-11	1.8769222391924107e-11	1.1570469779923667e-11	6.563058591175691e-12	1.1449641087140112e-11	5.088821151253918e-12	4.591331350797425e-12	0.0	5.801826937452071e-12	7.197545280932002e-12	1.6866583716129384e-12	1.5913266597230021e-12	1.510112614145875e-12	2.8810846763397373e-12	1.3807176853149352e-12	1.3291617264042426e-12	1.284711925896185e-12	0.0	0.0	0.0	0.0	1.1424430972881095e-12	0.0	0.0	0.0	1.098784172547066e-12	0.0
96.088	0.0	3.723033775267025e-11	0.0	0.0	0.0	0.0	0.0	0.0	6.785094868338556e-12	6.121775134396565e-12	0.0	5.1571794999573955e-12	0.0	0.0	0.0	0.0	0.0	0.0	0.0	0.0	0.0	3.236324239233323e-12	0.0	0.0	0.0	0.0	0.0	0.0	0.0	0.0
60.055	0.0	0.0	0.0	0.0	0.0	0.0	0.0	0.0	4.2406842927115974e-12	0.0	0.0	0.0	0.0	0.0	0.0	0.0	2.4009038969497806e-12	0.0	0.0	0.0	0.0	0.0	0.0	0.0	0.0	0.0	0.0	0.0	0.0	0.0
48.044	5.5794483745038306e-11	0.0	0.0	0.0	0.0	0.0	0.0	0.0	0.0	0.0	0.0	2.578589749978698e-12	0.0	0.0	0.0	0.0	0.0	0.0	0.0	0.0	0.0	0.0	0.0	0.0	0.0	0.0	0.0	0.0	0.0	0.0
6632786.486	0.0	0.0	0.0	0.0	8.637377170469301e-07	0.0	0.0	0.0	0.0	0.0	0.0	0.0	0.0	0.0	0.0	0.0	0.0	0.0	0.0	0.0	0.0	0.0	0.0	0.0	0.0	0.0	0.0	0.0	0.0	0.0
156.143	0.0	0.0	0.0	0.0	0.0	0.0	0.0	1.2403777844401784e-11	0.0	0.0	0.0	0.0	0.0	0.0	0.0	0.0	0.0	0.0	0.0	0.0	0.0	0.0	0.0	0.0	0.0	0.0	0.0	0.0	0.0	0.0
108.099	0.0	0.0	0.0	0.0	0.0	0.0	0.0	8.587230815355082e-12	0.0	0.0	0.0	0.0	0.0	0.0	0.0	0.0	0.0	0.0	0.0	0.0	0.0	0.0	0.0	0.0	0.0	0.0	0.0	0.0	0.0	0.0
72.066	0.0	0.0	0.0	0.0	0.0	0.0	0.0	0.0	0.0	0.0	0.0	0.0	3.5987726404660002e-12	0.0	0.0	0.0	0.0	0.0	0.0	0.0	0.0	0.0	0.0	0.0	0.0	0.0	0.0	0.0	0.0	0.0
other	1.3948620936259577e-11	0.0	5.594774857126458e-12	6.010886102945863e-12	4.692305597981027e-12	3.856823259974556e-12	2.1876861970585633e-12	6.67895730083173e-12	5.9369580097962364e-12	2.2956656753987123e-12	1.3976395491654416e-12	4.512532062462721e-12	4.198568080543667e-12	3.935536200430189e-12	1.0608844398153346e-12	2.013483485527833e-12	1.4405423381698686e-12	2.3011961421915585e-12	1.3291617264042426e-12	8.564746172641231e-13	4.154815876406827e-13	4.0454052990416545e-13	7.904327704329447e-13	0.0	0.0	0.0	0.0	0.0	3.6626139084902195e-13	3.6525749383522385e-13
Bottom
other	0.0	0.0	0.0	0.0	0.0	0.0	0.0	0.0	0.0	0.0	0.0	0.0	0.0	0.0	0.0	0.0	0.0	0.0	0.0	0.0	0.0	0.0	0.0	0.0	0.0	0.0	0.0	0.0	0.0	0.0
Graph
other	1.5343483029885533e-10	8.376825994350806e-11	5.5947748571264577e-11	5.810523232847668e-11	8.637783836954458e-07	4.756748687301951e-11	4.2659880842641975e-11	5.915647895022394e-11	4.579939036128526e-11	4.208720404897641e-11	2.02657734628989e-11	2.9009134687260355e-11	2.998977200388335e-11	1.9115461544946634e-11	1.962636213658369e-11	1.3591013527312872e-11	1.632614649925851e-11	8.744545340327921e-12	1.1076347720035354e-11	5.5670850122168e-12	5.4012606393288744e-12	8.495351127987473e-12	1.5808655408658894e-12	7.747003132474868e-13	2.665700560338922e-12	1.5020305402506194e-12	7.42701259674812e-13	2.2096982501395596e-12	3.66261390849022e-12	3.6525749383522385e-13
C60
other	1.3948620936259577e-11	0.0	8.392162285689687e-12	2.0036287009819543e-12	1.5641018659936755e-12	1.2856077533248518e-12	1.0938430985292816e-12	4.7706837863083795e-12	5.088821151253918e-12	1.5304437835991415e-12	6.988197745827208e-13	1.9339423124840237e-12	5.997954400776668e-13	0.0	0.0	0.0	0.0	4.602392284383116e-13	4.4305390880141416e-13	0.0	0.0	0.0	0.0	0.0	0.0	0.0	0.0	0.0	0.0	0.0
