dphi = 0.05235987755982988	first column is a mass, last row consists of all other masses	mass / surface of the sphere ring	scaled mass sums in consecutive angle intervals, last interval most often smaller (ends at pi/2)
Top
24.022	5.5794483745038306e-11	9.307584438167562e-12	1.6784324571379374e-11	1.2021772205891726e-11	9.384611195962053e-12	1.7998508546547923e-11	6.563058591175691e-12	1.1449641087140108e-11	8.481368585423195e-12	4.591331350797425e-12	1.2578755942488972e-11	5.157179499957396e-12	7.1975452809320004e-12	5.6221945720431275e-12	5.304422199076673e-12	3.02022522829175e-12	6.7225309114593855e-12	4.602392284383117e-12	5.316646905616969e-12	2.56942385179237e-12	8.309631752813654e-13	3.2363242392333236e-12	2.3712983112988344e-12	1.5494006264949737e-12	2.284886194576219e-12	1.5020305402506194e-12	1.485402519349624e-12	3.682830416899265e-12	1.4650455633960878e-12	7.305149876704477e-13
36.033	0.0	0.0	0.0	0.0	0.0	3.856823259974556e-12	0.0	0.0	0.0	0.0	0.0	1.9339423124840237e-12	7.197545280932002e-12	5.059975114838816e-12	3.1826533194460043e-12	1.510112614145875e-12	0.0	4.142153055944806e-12	3.987485179212728e-12	0.0	1.2464447629220483e-12	2.427243179424993e-12	0.0	0.0	0.0	2.2530458103759294e-12	1.1140518895122182e-12	0.0	0.0	0.0
48.044	0.0	0.0	0.0	8.014514803927817e-12	0.0	0.0	0.0	3.816547029046703e-12	0.0	0.0	0.0	0.0	2.399181760310667e-12	0.0	0.0	0.0	0.0	0.0	0.0	0.0	0.0	0.0	0.0	0.0	0.0	0.0	0.0	1.4731321667597064e-12	0.0	1.4610299753408954e-12
60.055	0.0	0.0	0.0	1.001814350490977e-11	0.0	0.0	0.0	0.0	0.0	0.0	0.0	0.0	0.0	0.0	0.0	0.0	0.0	0.0	0.0	0.0	0.0	0.0	0.0	0.0	0.0	0.0	0.0	0.0	0.0	0.0
other	0.0	0.0	2.797387428563229e-12	0.0	1.5641018659936755e-12	0.0	2.1876861970585633e-12	9.541367572616758e-13	8.481368585423196e-13	1.5304437835991415e-12	1.3976395491654416e-12	6.446474374946745e-13	1.1995908801553335e-12	0.0	1.5913266597230021e-12	5.033708713819583e-13	1.4405423381698686e-12	0.0	4.4305390880141416e-13	4.2823730863206157e-13	4.154815876406827e-13	4.0454052990416545e-13	0.0	0.0	1.1424430972881095e-12	0.0	0.0	0.0	0.0	0.0
Bottom
other	0.0	0.0	0.0	0.0	0.0	0.0	0.0	0.0	0.0	0.0	0.0	0.0	0.0	0.0	0.0	0.0	0.0	0.0	0.0	0.0	0.0	0.0	0.0	0.0	0.0	0.0	0.0	0.0	0.0	0.0
Graph
other	5.5794483745038306e-11	9.307584438167562e-12	1.9581711999942603e-11	3.005443051472931e-11	1.0948713061955728e-11	2.1855331806522477e-11	8.750744788234253e-12	1.6220324873448488e-11	9.329505443965514e-12	5.356553242596996e-12	1.3976395491654413e-11	7.735769249936095e-12	1.7993863202330004e-11	1.068216968688194e-11	1.0078402178245677e-11	3.5235960996737078e-12	8.163073249629254e-12	8.744545340327923e-12	9.747185993631113e-12	2.9976611604244312e-12	2.4928895258440966e-12	6.068107948562481e-12	2.3712983112988344e-12	1.5494006264949737e-12	3.427329291864328e-12	3.755076350626549e-12	2.599454408861842e-12	5.155962583658972e-12	1.4650455633960878e-12	2.1915449630113432e-12
C60
other	0.0	0.0	0.0	0.0	0.0	0.0	0.0	0.0	0.0	7.652218917995707e-13	0.0	0.0	0.0	0.0	0.0	1.510112614145875e-12	0.0	0.0	0.0	0.0	0.0	0.0	0.0	0.0	0.0	0.0	0.0	0.0	0.0	0.0
