dphi = 0.05235987755982988	first column is a mass, last row consists of all other masses	mass / surface of the sphere ring	scaled mass sums in consecutive angle intervals, last interval most often smaller (ends at pi/2)
Top
24.022	5.5794483745038306e-11	9.307584438167562e-12	3.91634239998852e-11	2.404354441178345e-11	3.12820373198735e-11	2.571215506649703e-11	8.750744788234253e-12	1.335791460166346e-11	1.526646345376175e-11	1.9895769186788838e-11	1.3976395491654413e-11	6.446474374946744e-12	1.1995908801553333e-11	1.461770588731213e-11	6.365306638892008e-12	9.060675684875248e-12	5.762169352679474e-12	2.7614353706298705e-12	4.430539088014141e-12	5.138847703584738e-12	4.154815876406827e-12	0.0	2.3712983112988344e-12	0.0	7.616287315254062e-13	7.510152701253097e-13	7.42701259674812e-13	7.365660833798532e-13	7.325227816980439e-13	0.0
36.033	0.0	0.0	8.392162285689687e-12	1.2021772205891726e-11	9.384611195962053e-12	3.856823259974556e-12	0.0	8.587230815355083e-12	2.544410575626959e-12	6.886997026196137e-12	4.192918647496325e-12	0.0	0.0	1.6866583716129384e-12	0.0	1.510112614145875e-12	2.8810846763397373e-12	5.522870741259741e-12	0.0	0.0	0.0	0.0	1.1856491556494172e-12	0.0	0.0	0.0	1.1140518895122182e-12	0.0	0.0	0.0
48.044	0.0	0.0	0.0	0.0	6.256407463974702e-12	0.0	4.3753723941171266e-12	0.0	0.0	0.0	0.0	0.0	0.0	0.0	4.2435377592613385e-12	0.0	0.0	0.0	0.0	0.0	0.0	0.0	0.0	0.0	0.0	0.0	0.0	0.0	0.0	0.0
4421477.309	0.0	0.0	0.0	0.0	0.0	0.0	0.0	0.0	0.0	0.0	0.0	0.0	0.0	0.0	0.0	0.0	0.0	0.0	1.6309656185353966e-07	0.0	0.0	0.0	0.0	0.0	0.0	0.0	0.0	0.0	0.0	0.0
60.055	0.0	0.0	0.0	0.0	0.0	6.4280387666242586e-12	0.0	0.0	0.0	0.0	0.0	0.0	0.0	0.0	0.0	0.0	0.0	0.0	0.0	0.0	0.0	0.0	0.0	0.0	0.0	0.0	0.0	0.0	0.0	0.0
other	4.184586280877873e-11	2.3268961095418905e-11	1.3986937142816144e-11	6.010886102945863e-12	7.820509329968377e-12	6.4280387666242586e-12	6.563058591175689e-12	6.67895730083173e-12	5.088821151253917e-12	7.652218917995706e-12	8.385837294992648e-12	7.735769249936093e-12	7.1975452809320004e-12	7.308852943656065e-12	5.304422199076672e-12	5.033708713819582e-12	2.4009038969497806e-12	4.142153055944804e-12	3.1013773616098987e-12	8.564746172641231e-13	8.309631752813654e-13	8.090810598083309e-13	3.9521638521647234e-13	7.747003132474868e-13	7.616287315254062e-13	0.0	0.0	0.0	0.0	0.0
Bottom
other	0.0	0.0	0.0	0.0	0.0	0.0	0.0	0.0	0.0	0.0	0.0	0.0	0.0	0.0	0.0	0.0	0.0	0.0	0.0	0.0	0.0	0.0	0.0	0.0	0.0	0.0	0.0	0.0	0.0	0.0
Graph
other	6.974310468129788e-11	2.792275331450269e-11	5.594774857126457e-11	4.207620272062104e-11	4.848715784580394e-11	3.856823259974556e-11	1.7501489576468503e-11	2.4807555688803578e-11	1.865901088793103e-11	3.366976323918112e-11	2.2362232786647063e-11	1.0959006437409465e-11	1.7394067762252336e-11	2.3613217202581142e-11	1.4852382157414688e-11	1.3087642655930914e-11	1.1044157925968992e-11	1.1966219939396104e-11	1.6310365071608047e-07	5.5670850122168e-12	4.985779051688192e-12	8.090810598083309e-13	3.952163852164724e-12	7.747003132474868e-13	1.5232574630508125e-12	7.510152701253097e-13	1.85675314918703e-12	7.365660833798532e-13	7.325227816980439e-13	0.0
C60
other	2.7897241872519153e-11	4.653792219083781e-12	5.594774857126458e-12	0.0	6.256407463974702e-12	3.856823259974556e-12	2.1876861970585633e-12	3.816547029046703e-12	4.2406842927115974e-12	7.652218917995707e-13	4.192918647496325e-12	3.223237187473372e-12	1.7993863202330005e-12	0.0	1.0608844398153346e-12	2.5168543569097913e-12	0.0	4.602392284383116e-13	4.4305390880141416e-13	4.2823730863206157e-13	0.0	0.0	0.0	0.0	0.0	0.0	0.0	0.0	0.0	0.0
