dphi = 0.05235987755982988	first column is a mass, last row consists of all other masses	mass / surface of the sphere ring	scaled mass sums in consecutive angle intervals, last interval most often smaller (ends at pi/2)
Top
24.022	0.0	0.0	0.0	8.014514803927817e-12	2.1897426123911453e-11	1.0284862026598814e-11	8.750744788234253e-12	5.724820543570056e-12	8.481368585423195e-12	1.5304437835991415e-12	6.988197745827207e-12	9.025064124925442e-12	5.997954400776667e-12	4.497755657634502e-12	4.2435377592613385e-12	5.0337087138195825e-12	1.9207231175598247e-12	9.204784568766233e-13	1.7722156352056566e-12	8.564746172641231e-13	1.6619263505627309e-12	3.2363242392333236e-12	1.5808655408658894e-12	7.747003132474868e-13	7.616287315254062e-13	7.510152701253097e-13	7.42701259674812e-13	2.2096982501395596e-12	7.325227816980439e-13	7.305149876704477e-13
36.033	0.0	0.0	0.0	0.0	0.0	0.0	6.563058591175691e-12	2.862410271785028e-12	2.544410575626959e-12	4.591331350797425e-12	0.0	0.0	3.598772640466001e-12	1.6866583716129384e-12	1.5913266597230021e-12	0.0	0.0	0.0	0.0	0.0	0.0	0.0	0.0	1.1620504698712303e-12	0.0	0.0	0.0	0.0	0.0	0.0
48.044	0.0	0.0	0.0	0.0	0.0	0.0	0.0	0.0	0.0	0.0	0.0	0.0	0.0	0.0	0.0	0.0	0.0	1.8409569137532466e-12	0.0	0.0	0.0	0.0	0.0	0.0	1.5232574630508125e-12	0.0	0.0	0.0	0.0	0.0
72.066	0.0	0.0	0.0	0.0	0.0	7.71364651994911e-12	0.0	0.0	0.0	0.0	0.0	0.0	0.0	0.0	0.0	0.0	0.0	0.0	0.0	0.0	0.0	0.0	0.0	0.0	0.0	0.0	0.0	0.0	0.0	0.0
60.055	0.0	0.0	0.0	0.0	0.0	0.0	0.0	0.0	0.0	0.0	0.0	0.0	0.0	0.0	0.0	2.5168543569097913e-12	0.0	0.0	0.0	0.0	0.0	0.0	0.0	0.0	0.0	0.0	0.0	0.0	0.0	0.0
other	2.7897241872519153e-11	9.307584438167562e-12	8.392162285689687e-12	8.014514803927817e-12	1.0948713061955726e-11	8.999254273273961e-12	1.2032274083822097e-11	5.724820543570054e-12	3.3925474341692784e-12	6.121775134396565e-12	6.289377971244486e-12	1.0314358999914791e-11	3.5987726404660002e-12	6.746633486451753e-12	2.6522110995383366e-12	2.013483485527833e-12	3.3612654557296928e-12	5.062631512821428e-12	3.1013773616098987e-12	1.7129492345282463e-12	8.309631752813654e-13	1.2136215897124964e-12	1.1856491556494172e-12	1.1620504698712303e-12	3.808143657627031e-13	0.0	3.71350629837406e-13	0.0	3.6626139084902195e-13	0.0
Bottom
other	0.0	0.0	0.0	0.0	0.0	0.0	0.0	0.0	0.0	0.0	0.0	0.0	0.0	0.0	0.0	0.0	0.0	0.0	0.0	0.0	0.0	0.0	0.0	0.0	0.0	0.0	0.0	0.0	0.0	0.0
Graph
other	0.0	9.307584438167562e-12	5.594774857126458e-12	1.0018143504909772e-11	2.8153833587886154e-11	2.0569724053197625e-11	2.1876861970585636e-11	9.541367572616757e-12	1.1873916019592473e-11	9.182662701594848e-12	9.084657069575369e-12	1.547153849987219e-11	1.2595704241631002e-11	1.236882805849488e-11	7.95663329861501e-12	8.557304813493289e-12	5.2819885732895175e-12	7.363827655012986e-12	4.8735929968155555e-12	2.569423851792369e-12	2.0774079382034135e-12	3.640864769137489e-12	2.7665146965153066e-12	3.0988012529899473e-12	2.665700560338922e-12	7.510152701253097e-13	1.1140518895122182e-12	2.2096982501395596e-12	1.098784172547066e-12	7.305149876704477e-13
C60
other	2.7897241872519153e-11	0.0	2.797387428563229e-12	6.010886102945863e-12	4.692305597981027e-12	6.4280387666242586e-12	5.469215492646408e-12	4.7706837863083795e-12	2.544410575626959e-12	3.060887567198283e-12	4.192918647496324e-12	3.8678846249680474e-12	5.997954400776668e-13	5.622194572043128e-13	5.304422199076673e-13	1.0067417427639165e-12	0.0	4.602392284383116e-13	0.0	0.0	4.154815876406827e-13	8.090810598083309e-13	0.0	0.0	0.0	0.0	0.0	0.0	0.0	0.0
