dphi = 0.05235987755982988	first column is a mass, last row consists of all other masses	mass / surface of the sphere ring	scaled mass sums in consecutive angle intervals, last interval most often smaller (ends at pi/2)
Top
24.022	0.0	9.307584438167562e-12	5.594774857126458e-12	0.0	6.256407463974702e-12	0.0	4.3753723941171266e-12	0.0	3.3925474341692784e-12	1.5304437835991415e-12	2.7952790983308833e-12	0.0	2.399181760310667e-12	6.746633486451753e-12	0.0	1.0067417427639165e-12	0.0	0.0	8.861078176028283e-13	8.564746172641231e-13	8.309631752813654e-13	8.090810598083309e-13	7.904327704329447e-13	0.0	0.0	7.510152701253097e-13	0.0	0.0	0.0	0.0
36.033	0.0	0.0	0.0	0.0	0.0	0.0	0.0	0.0	0.0	2.2956656753987123e-12	0.0	0.0	0.0	0.0	0.0	0.0	0.0	0.0	0.0	0.0	0.0	0.0	0.0	0.0	0.0	0.0	0.0	0.0	0.0	0.0
other	0.0	0.0	2.797387428563229e-12	2.0036287009819543e-12	3.128203731987351e-12	7.71364651994911e-12	4.3753723941171266e-12	1.9082735145233515e-12	7.633231726880875e-12	3.826109458997854e-12	2.7952790983308833e-12	1.289294874989349e-12	2.399181760310667e-12	3.3733167432258764e-12	3.713095539353671e-12	2.013483485527833e-12	1.4405423381698686e-12	4.602392284383116e-12	2.2152695440070707e-12	2.997661160424431e-12	2.492889525844096e-12	1.2136215897124964e-12	3.1617310817317783e-12	7.747003132474868e-13	1.1424430972881095e-12	0.0	0.0	7.365660833798532e-13	0.0	0.0
Bottom
other	0.0	0.0	0.0	0.0	0.0	0.0	0.0	0.0	0.0	0.0	0.0	0.0	0.0	0.0	0.0	0.0	0.0	0.0	0.0	0.0	0.0	0.0	0.0	0.0	0.0	0.0	0.0	0.0	0.0	0.0
Graph
other	0.0	9.307584438167562e-12	5.594774857126458e-12	2.0036287009819543e-12	6.256407463974702e-12	6.4280387666242586e-12	5.469215492646408e-12	1.9082735145233515e-12	1.0177642302507834e-11	6.886997026196136e-12	4.891738422079046e-12	1.289294874989349e-12	4.798363520621334e-12	8.43329185806469e-12	3.182653319446004e-12	2.5168543569097913e-12	0.0	2.3011961421915585e-12	1.3291617264042426e-12	2.9976611604244312e-12	2.908371113484779e-12	8.090810598083309e-13	1.9760819260823615e-12	7.747003132474868e-13	1.1424430972881095e-12	0.0	0.0	3.682830416899266e-13	0.0	0.0
C60
other	0.0	0.0	2.797387428563229e-12	0.0	3.128203731987351e-12	1.2856077533248518e-12	3.2815292955878453e-12	0.0	8.481368585423196e-13	7.652218917995707e-13	6.988197745827208e-13	0.0	0.0	1.6866583716129384e-12	5.304422199076673e-13	5.033708713819583e-13	1.4405423381698686e-12	2.3011961421915585e-12	1.7722156352056566e-12	8.564746172641231e-13	4.154815876406827e-13	1.2136215897124964e-12	1.9760819260823615e-12	0.0	0.0	7.510152701253097e-13	0.0	3.682830416899266e-13	0.0	0.0
