dphi = 0.05235987755982988	first column is a mass, last row consists of all other masses	mass / surface of the sphere ring	scaled mass sums in consecutive angle intervals, last interval most often smaller (ends at pi/2)
Top
24.022	2.7897241872519153e-11	0.0	5.594774857126458e-12	4.007257401963909e-12	0.0	1.2856077533248517e-11	4.3753723941171266e-12	5.724820543570056e-12	1.6962737170846392e-12	1.0713106485193988e-11	4.192918647496325e-12	1.289294874989349e-12	4.798363520621334e-12	1.1244389144086255e-12	5.304422199076673e-12	2.013483485527833e-12	3.8414462351196495e-12	1.8409569137532466e-12	3.5444312704113133e-12	1.7129492345282463e-12	0.0	0.0	7.904327704329447e-13	1.5494006264949737e-12	0.0	0.0	7.42701259674812e-13	1.4731321667597064e-12	0.0	7.305149876704477e-13
36.033	0.0	0.0	0.0	0.0	0.0	3.856823259974556e-12	0.0	5.724820543570056e-12	0.0	0.0	2.0964593237481625e-12	1.9339423124840237e-12	1.7993863202330005e-12	3.373316743225877e-12	3.1826533194460043e-12	0.0	0.0	0.0	0.0	0.0	0.0	0.0	0.0	0.0	0.0	0.0	0.0	0.0	0.0	0.0
2210480.418	0.0	0.0	0.0	0.0	0.0	0.0	0.0	0.0	1.5608941117217522e-07	0.0	0.0	0.0	0.0	0.0	0.0	0.0	0.0	0.0	0.0	0.0	0.0	0.0	0.0	0.0	0.0	0.0	0.0	0.0	0.0	0.0
other	0.0	0.0	5.594774857126458e-12	1.001814350490977e-11	7.820509329968377e-12	6.4280387666242586e-12	5.469215492646408e-12	5.724820543570054e-12	3.3925474341692784e-12	5.356553242596994e-12	4.891738422079045e-12	5.1571794999573955e-12	4.198568080543667e-12	2.8110972860215638e-12	5.304422199076672e-12	4.530337842437624e-12	2.4009038969497806e-12	1.3807176853149352e-12	3.1013773616098987e-12	1.284711925896185e-12	1.2464447629220483e-12	8.090810598083309e-13	7.904327704329447e-13	3.873501566237434e-13	0.0	3.7550763506265485e-13	0.0	0.0	7.325227816980439e-13	0.0
Bottom
other	0.0	0.0	0.0	0.0	0.0	0.0	0.0	0.0	0.0	0.0	0.0	0.0	0.0	0.0	0.0	0.0	0.0	0.0	0.0	0.0	0.0	0.0	0.0	0.0	0.0	0.0	0.0	0.0	0.0	0.0
Graph
other	2.7897241872519153e-11	0.0	8.392162285689687e-12	8.014514803927817e-12	6.256407463974702e-12	1.7998508546547923e-11	9.844587886763534e-12	1.5266188116186812e-11	1.560944999933265e-07	1.6069659727790984e-11	8.385837294992648e-12	7.091121812441419e-12	8.996931601165e-12	4.497755657634502e-12	1.0608844398153346e-11	4.530337842437624e-12	5.2819885732895175e-12	2.3011961421915585e-12	5.316646905616969e-12	2.141186543160308e-12	4.154815876406827e-13	8.090810598083309e-13	1.1856491556494172e-12	1.936750783118717e-12	0.0	3.7550763506265485e-13	7.42701259674812e-13	1.4731321667597064e-12	7.325227816980439e-13	7.305149876704477e-13
C60
other	0.0	0.0	2.797387428563229e-12	6.010886102945863e-12	1.5641018659936755e-12	5.142431013299407e-12	0.0	1.9082735145233515e-12	0.0	0.0	2.7952790983308833e-12	1.289294874989349e-12	1.7993863202330005e-12	2.8110972860215638e-12	3.182653319446004e-12	2.013483485527833e-12	9.603615587799124e-13	9.204784568766233e-13	1.3291617264042426e-12	8.564746172641231e-13	8.309631752813654e-13	0.0	3.9521638521647234e-13	0.0	0.0	0.0	0.0	0.0	0.0	0.0
