dphi = 0.05235987755982988	first column is a mass, last row consists of all other masses	mass / surface of the sphere ring	scaled mass sums in consecutive angle intervals, last interval most often smaller (ends at pi/2)
Top
24.022	1.3948620936259576e-10	5.584550662900537e-11	4.4758198857011656e-11	4.007257401963908e-11	5.0051259711797603e-11	4.6281879119694656e-11	3.5002979152937006e-11	2.2899282174280217e-11	3.5621748058777415e-11	2.9078431888383684e-11	1.3976395491654413e-11	2.191801287481893e-11	1.5594681442019333e-11	1.7991022630538005e-11	1.1669728837968681e-11	1.3087642655930914e-11	6.7225309114593855e-12	6.443349198136363e-12	5.316646905616969e-12	9.421220789905355e-12	1.6619263505627309e-12	3.2363242392333236e-12	1.5808655408658894e-12	7.747003132474868e-13	2.284886194576219e-12	7.510152701253097e-13	0.0	2.2096982501395596e-12	2.197568345094132e-12	0.0
36.033	0.0	0.0	8.392162285689687e-12	3.005443051472932e-11	1.407691679394308e-11	1.5427293039898223e-11	1.9689175773527074e-11	1.717446163071017e-11	7.633231726880877e-12	6.886997026196137e-12	6.289377971244487e-12	5.801826937452071e-12	3.598772640466001e-12	3.373316743225877e-12	1.5913266597230021e-12	1.510112614145875e-12	1.4405423381698686e-12	0.0	1.3291617264042426e-12	1.284711925896185e-12	2.4928895258440966e-12	0.0	1.1856491556494172e-12	0.0	0.0	0.0	1.1140518895122182e-12	0.0	1.098784172547066e-12	0.0
48.044	0.0	0.0	1.1189549714252916e-11	8.014514803927817e-12	0.0	1.0284862026598814e-11	8.750744788234253e-12	0.0	0.0	0.0	2.7952790983308833e-12	0.0	2.399181760310667e-12	4.497755657634502e-12	0.0	0.0	1.9207231175598247e-12	1.8409569137532466e-12	1.7722156352056566e-12	0.0	0.0	0.0	0.0	0.0	0.0	0.0	0.0	0.0	0.0	0.0
72.066	0.0	0.0	0.0	0.0	0.0	0.0	0.0	0.0	0.0	0.0	0.0	0.0	3.5987726404660002e-12	0.0	0.0	0.0	2.881084676339737e-12	0.0	0.0	0.0	0.0	0.0	0.0	0.0	0.0	0.0	0.0	0.0	0.0	0.0
60.055	0.0	0.0	0.0	0.0	0.0	0.0	0.0	0.0	0.0	0.0	3.4940988729136037e-12	0.0	0.0	0.0	2.6522110995383366e-12	0.0	0.0	0.0	0.0	0.0	0.0	0.0	0.0	0.0	0.0	0.0	0.0	0.0	0.0	0.0
6631585.386	0.0	0.0	0.0	0.0	0.0	7.098174664095308e-07	0.0	0.0	0.0	0.0	0.0	0.0	0.0	0.0	0.0	0.0	0.0	0.0	0.0	0.0	0.0	0.0	0.0	0.0	0.0	0.0	0.0	0.0	0.0	0.0
144.132	0.0	0.0	0.0	0.0	0.0	0.0	0.0	0.0	0.0	0.0	0.0	0.0	0.0	0.0	0.0	0.0	5.762169352679474e-12	0.0	0.0	0.0	0.0	0.0	0.0	0.0	0.0	0.0	0.0	0.0	0.0	0.0
other	1.3948620936259577e-11	0.0	1.3986937142816144e-11	2.0036287009819543e-12	1.7205120525930428e-11	2.5712155066497036e-12	1.0938430985292816e-12	3.816547029046703e-12	5.088821151253917e-12	3.060887567198283e-12	3.4940988729136037e-12	1.9339423124840237e-12	2.399181760310667e-12	2.248877828817251e-12	3.713095539353671e-12	2.5168543569097913e-12	4.321627014509605e-12	1.3807176853149352e-12	0.0	1.284711925896185e-12	0.0	8.090810598083309e-13	7.904327704329447e-13	1.1620504698712303e-12	3.808143657627031e-13	0.0	0.0	0.0	0.0	0.0
Bottom
other	0.0	0.0	0.0	0.0	0.0	0.0	0.0	0.0	0.0	0.0	0.0	0.0	0.0	0.0	0.0	0.0	0.0	0.0	0.0	0.0	0.0	0.0	0.0	0.0	0.0	0.0	0.0	0.0	0.0	0.0
Graph
other	1.5343483029885533e-10	5.584550662900537e-11	7.552946057120716e-11	7.613789063731427e-11	6.882048210372171e-11	7.098881748359633e-07	6.453674281322764e-11	4.3890290834037096e-11	4.2406842927115984e-11	3.902631648177811e-11	2.7952790983308833e-11	2.7719839812271002e-11	2.7590590243572673e-11	2.8110972860215637e-11	1.803503547686069e-11	1.610786788422266e-11	2.1127954293158073e-11	9.665023797204545e-12	8.418024267226867e-12	1.1990644641697723e-11	2.908371113484779e-12	4.045405299041654e-12	3.556947466948251e-12	1.936750783118717e-12	2.665700560338922e-12	7.510152701253097e-13	1.1140518895122182e-12	2.2096982501395596e-12	3.2963525176411977e-12	0.0
C60
other	0.0	0.0	2.797387428563229e-12	4.007257401963909e-12	1.2512814927949404e-11	3.856823259974556e-12	0.0	0.0	5.936958009796237e-12	0.0	2.0964593237481625e-12	1.9339423124840237e-12	0.0	0.0	1.5913266597230021e-12	1.0067417427639165e-12	1.9207231175598247e-12	0.0	0.0	0.0	1.2464447629220483e-12	0.0	0.0	0.0	0.0	0.0	0.0	0.0	0.0	0.0
