dphi = 0.05235987755982988	first column is a mass, last row consists of all other masses	mass / surface of the sphere ring	scaled mass sums in consecutive angle intervals, last interval most often smaller (ends at pi/2)
Top
24.022	0.0	0.0	0.0	8.014514803927817e-12	3.128203731987351e-12	5.142431013299407e-12	1.0938430985292816e-11	5.724820543570056e-12	8.481368585423195e-12	1.5304437835991415e-12	4.192918647496325e-12	3.8678846249680474e-12	4.798363520621334e-12	1.1244389144086255e-12	1.0608844398153346e-12	1.0067417427639165e-12	9.603615587799124e-13	9.204784568766233e-13	8.861078176028283e-13	8.564746172641231e-13	8.309631752813654e-13	0.0	7.904327704329447e-13	0.0	7.616287315254062e-13	7.510152701253097e-13	0.0	0.0	7.325227816980439e-13	7.305149876704477e-13
36.033	0.0	0.0	0.0	6.010886102945863e-12	0.0	0.0	0.0	5.724820543570056e-12	0.0	0.0	0.0	0.0	0.0	0.0	1.5913266597230021e-12	0.0	1.4405423381698686e-12	0.0	0.0	0.0	0.0	0.0	0.0	0.0	1.1424430972881095e-12	0.0	0.0	0.0	0.0	0.0
other	0.0	4.653792219083781e-12	5.594774857126458e-12	0.0	3.128203731987351e-12	2.5712155066497036e-12	4.3753723941171266e-12	4.770683786308379e-12	2.544410575626959e-12	4.591331350797424e-12	2.7952790983308833e-12	3.223237187473372e-12	1.1995908801553335e-12	4.497755657634501e-12	3.182653319446004e-12	2.5168543569097913e-12	2.881084676339737e-12	1.8409569137532466e-12	1.7722156352056566e-12	2.997661160424431e-12	1.2464447629220483e-12	2.831783709329158e-12	3.9521638521647234e-13	1.5494006264949737e-12	7.616287315254062e-13	3.7550763506265485e-13	3.71350629837406e-13	3.682830416899266e-13	0.0	7.305149876704477e-13
Bottom
other	0.0	0.0	0.0	0.0	0.0	0.0	0.0	0.0	0.0	0.0	0.0	0.0	0.0	0.0	0.0	0.0	0.0	0.0	0.0	0.0	0.0	0.0	0.0	0.0	0.0	0.0	0.0	0.0	0.0	0.0
Graph
other	0.0	4.653792219083781e-12	5.594774857126458e-12	1.402540090687368e-11	6.256407463974702e-12	7.713646519949112e-12	1.531380337940994e-11	1.6220324873448488e-11	1.1025779161050153e-11	6.121775134396565e-12	6.988197745827207e-12	6.446474374946744e-12	5.997954400776667e-12	5.6221945720431275e-12	5.304422199076674e-12	3.020225228291749e-12	4.801807793899561e-12	1.8409569137532466e-12	2.2152695440070707e-12	3.854135777688554e-12	1.6619263505627309e-12	2.4272431794249925e-12	1.1856491556494172e-12	3.873501566237434e-13	1.9040718288135157e-12	1.1265229051879647e-12	3.71350629837406e-13	0.0	7.325227816980439e-13	7.305149876704477e-13
C60
other	0.0	0.0	0.0	0.0	0.0	0.0	0.0	0.0	0.0	0.0	0.0	6.446474374946745e-13	0.0	0.0	5.304422199076673e-13	5.033708713819583e-13	4.801807793899562e-13	9.204784568766233e-13	4.4305390880141416e-13	0.0	4.154815876406827e-13	4.0454052990416545e-13	0.0	1.1620504698712303e-12	7.616287315254062e-13	0.0	0.0	3.682830416899266e-13	0.0	7.305149876704477e-13
