dphi = 0.05235987755982988	first column is a mass, last row consists of all other masses	mass / surface of the sphere ring	scaled mass sums in consecutive angle intervals, last interval most often smaller (ends at pi/2)
Top
24.022	0.0	9.307584438167562e-12	1.1189549714252916e-11	8.014514803927817e-12	9.384611195962053e-12	1.0284862026598814e-11	4.3753723941171266e-12	1.9082735145233515e-12	6.785094868338557e-12	1.224355026879313e-11	9.78347684415809e-12	7.735769249936093e-12	5.997954400776667e-12	3.373316743225877e-12	3.1826533194460043e-12	7.047192199347415e-12	2.8810846763397373e-12	3.681913827506493e-12	8.861078176028283e-13	2.56942385179237e-12	8.309631752813654e-13	0.0	3.952163852164723e-12	7.747003132474868e-13	0.0	0.0	7.42701259674812e-13	0.0	0.0	0.0
36.033	0.0	0.0	8.392162285689687e-12	0.0	0.0	0.0	0.0	0.0	5.088821151253918e-12	2.2956656753987123e-12	0.0	1.9339423124840237e-12	3.598772640466001e-12	0.0	1.5913266597230021e-12	1.510112614145875e-12	1.4405423381698686e-12	1.3807176853149352e-12	0.0	2.56942385179237e-12	0.0	0.0	0.0	0.0	0.0	1.1265229051879647e-12	0.0	0.0	0.0	0.0
other	4.184586280877873e-11	9.307584438167562e-12	1.678432457137937e-11	1.001814350490977e-11	9.384611195962052e-12	7.71364651994911e-12	1.2032274083822097e-11	8.587230815355082e-12	5.9369580097962364e-12	8.417440809795277e-12	1.3277575717071692e-11	6.4464743749467436e-12	7.797340721009667e-12	2.248877828817251e-12	3.182653319446004e-12	3.5235960996737074e-12	4.321627014509605e-12	1.3807176853149352e-12	3.1013773616098987e-12	8.564746172641231e-13	4.154815876406827e-13	8.090810598083309e-13	7.904327704329447e-13	0.0	3.808143657627031e-13	0.0	0.0	0.0	0.0	3.6525749383522385e-13
Bottom
other	0.0	0.0	0.0	0.0	0.0	0.0	0.0	0.0	0.0	0.0	0.0	0.0	0.0	0.0	0.0	0.0	0.0	0.0	0.0	0.0	0.0	0.0	0.0	0.0	0.0	0.0	0.0	0.0	0.0	0.0
Graph
other	2.7897241872519153e-11	9.307584438167562e-12	2.517648685706906e-11	1.2021772205891726e-11	9.384611195962053e-12	1.671290079322307e-11	1.0938430985292816e-11	6.67895730083173e-12	1.526646345376175e-11	2.1426212970387983e-11	1.816931413915074e-11	1.4826891062377513e-11	1.6794272322174675e-11	5.6221945720431275e-12	7.95663329861501e-12	1.0570788299021122e-11	6.7225309114593855e-12	5.062631512821428e-12	3.1013773616098987e-12	5.9953223208488624e-12	1.2464447629220483e-12	8.090810598083309e-13	4.3473802373811955e-12	7.747003132474868e-13	3.808143657627031e-13	1.1265229051879647e-12	7.42701259674812e-13	0.0	0.0	3.6525749383522385e-13
C60
other	1.3948620936259577e-11	9.307584438167562e-12	1.1189549714252916e-11	6.010886102945863e-12	9.384611195962053e-12	1.2856077533248518e-12	5.469215492646408e-12	3.816547029046703e-12	2.544410575626959e-12	1.5304437835991415e-12	4.891738422079045e-12	1.289294874989349e-12	5.997954400776668e-13	0.0	0.0	1.510112614145875e-12	1.9207231175598247e-12	1.3807176853149352e-12	8.861078176028283e-13	0.0	0.0	0.0	3.9521638521647234e-13	0.0	0.0	0.0	0.0	0.0	0.0	0.0
