dphi = 0.05235987755982988	first column is a mass, last row consists of all other masses	mass / surface of the sphere ring	scaled mass sums in consecutive angle intervals, last interval most often smaller (ends at pi/2)
Top
24.022	2.7897241872519153e-11	1.8615168876335124e-11	5.035297371413811e-11	4.407983142160299e-11	3.4410241051860855e-11	2.0569724053197625e-11	4.15660377441127e-11	5.3431658406653864e-11	2.5444105756269585e-11	2.1426212970387976e-11	1.3976395491654413e-11	1.4182243624882838e-11	1.5594681442019333e-11	1.7991022630538005e-11	9.547959958338012e-12	6.040450456583498e-12	6.7225309114593855e-12	1.104574148251948e-11	2.6583234528084853e-12	2.56942385179237e-12	5.816742226969557e-12	3.2363242392333236e-12	2.3712983112988344e-12	3.0988012529899473e-12	7.616287315254062e-13	2.2530458103759294e-12	1.485402519349624e-12	7.365660833798532e-13	1.4650455633960878e-12	1.4610299753408954e-12
36.033	0.0	1.3961376657251346e-11	1.6784324571379374e-11	2.4043544411783452e-11	9.384611195962053e-12	7.713646519949112e-12	1.3126117182351381e-11	2.862410271785028e-12	5.088821151253918e-12	6.886997026196137e-12	1.0482296618740814e-11	3.8678846249680474e-12	1.7993863202330005e-12	1.6866583716129384e-12	4.773979979169007e-12	3.02022522829175e-12	5.7621693526794746e-12	1.3807176853149352e-12	2.6583234528084853e-12	0.0	0.0	0.0	1.1856491556494172e-12	0.0	0.0	0.0	0.0	0.0	1.098784172547066e-12	0.0
48.044	0.0	1.8615168876335124e-11	0.0	0.0	0.0	0.0	0.0	3.816547029046703e-12	3.3925474341692784e-12	0.0	2.7952790983308833e-12	0.0	4.798363520621334e-12	0.0	2.1217688796306693e-12	4.026966971055666e-12	0.0	0.0	0.0	0.0	0.0	1.6181621196166618e-12	0.0	0.0	1.5232574630508125e-12	0.0	0.0	0.0	1.4650455633960878e-12	0.0
84.077	0.0	0.0	0.0	0.0	0.0	0.0	0.0	0.0	5.9369580097962364e-12	0.0	0.0	0.0	0.0	0.0	0.0	0.0	0.0	0.0	0.0	0.0	2.9083711134847786e-12	0.0	0.0	0.0	0.0	0.0	0.0	0.0	0.0	0.0
6632810.508	0.0	0.0	0.0	0.0	0.0	0.0	0.0	0.0	0.0	4.225769548630821e-07	0.0	0.0	0.0	0.0	0.0	0.0	0.0	0.0	0.0	0.0	0.0	0.0	0.0	0.0	0.0	0.0	0.0	0.0	0.0	0.0
132.121	0.0	0.0	0.0	0.0	0.0	0.0	0.0	0.0	0.0	0.0	0.0	0.0	0.0	0.0	5.8348644189843405e-12	0.0	0.0	0.0	0.0	0.0	0.0	0.0	0.0	0.0	0.0	0.0	0.0	0.0	0.0	0.0
108.099	0.0	0.0	0.0	0.0	0.0	0.0	0.0	0.0	0.0	0.0	6.289377971244486e-12	0.0	0.0	0.0	0.0	0.0	0.0	0.0	0.0	0.0	0.0	0.0	0.0	0.0	0.0	0.0	0.0	0.0	0.0	0.0
72.066	0.0	0.0	0.0	0.0	0.0	0.0	0.0	0.0	0.0	4.591331350797424e-12	0.0	0.0	0.0	0.0	0.0	0.0	0.0	0.0	0.0	0.0	0.0	0.0	0.0	0.0	0.0	0.0	0.0	0.0	0.0	0.0
60.055	0.0	0.0	0.0	0.0	7.820509329968377e-12	0.0	0.0	0.0	0.0	0.0	0.0	0.0	0.0	0.0	0.0	0.0	0.0	0.0	0.0	0.0	0.0	0.0	0.0	0.0	0.0	0.0	0.0	0.0	0.0	0.0
other	0.0	0.0	0.0	2.0036287009819543e-12	0.0	7.71364651994911e-12	1.0938430985292816e-12	4.770683786308379e-12	7.633231726880875e-12	3.826109458997854e-12	2.0964593237481625e-12	4.512532062462721e-12	5.398158960699e-12	1.1244389144086255e-12	1.0608844398153346e-12	2.013483485527833e-12	4.801807793899562e-13	0.0	4.4305390880141416e-13	1.284711925896185e-12	0.0	4.0454052990416545e-13	3.9521638521647234e-13	0.0	0.0	3.7550763506265485e-13	0.0	0.0	0.0	3.6525749383522385e-13
Bottom
other	0.0	0.0	0.0	0.0	0.0	0.0	0.0	0.0	0.0	0.0	0.0	0.0	0.0	0.0	0.0	0.0	0.0	0.0	0.0	0.0	0.0	0.0	0.0	0.0	0.0	0.0	0.0	0.0	0.0	0.0
Graph
other	2.7897241872519153e-11	5.1191714409921606e-11	6.713729828551748e-11	6.411611843142253e-11	5.161536157779128e-11	3.2140193833121294e-11	4.812909633528839e-11	6.4881299493794e-11	4.579939036128527e-11	4.2261292029199666e-07	3.424216895455332e-11	1.998407056233491e-11	2.459161304318434e-11	2.080211991655957e-11	2.3339457675937368e-11	1.5101126141458747e-11	1.2964881043528819e-11	1.2426459167834414e-11	5.759700814418384e-12	3.854135777688554e-12	8.725113340454336e-12	5.259026888754151e-12	3.952163852164723e-12	3.0988012529899473e-12	2.284886194576219e-12	2.628553445438584e-12	1.485402519349624e-12	7.365660833798532e-13	4.028875299339242e-12	1.8262874691761194e-12
C60
other	0.0	0.0	0.0	6.010886102945863e-12	0.0	3.856823259974556e-12	7.656901689704972e-12	0.0	1.6962737170846392e-12	7.652218917995707e-13	1.3976395491654416e-12	2.578589749978698e-12	2.998977200388334e-12	0.0	0.0	0.0	0.0	0.0	0.0	0.0	0.0	0.0	0.0	0.0	0.0	0.0	0.0	0.0	0.0	0.0
