dphi = 0.05235987755982988	first column is a mass, last row consists of all other masses	mass / surface of the sphere ring	scaled mass sums in consecutive angle intervals, last interval most often smaller (ends at pi/2)
Top
24.022	0.0	1.8615168876335124e-11	1.1189549714252916e-11	4.007257401963909e-12	3.128203731987351e-12	2.5712155066497036e-12	8.750744788234253e-12	0.0	3.3925474341692784e-12	1.5304437835991415e-12	2.7952790983308833e-12	2.578589749978698e-12	2.399181760310667e-12	1.1244389144086255e-12	4.2435377592613385e-12	4.026966971055666e-12	9.603615587799124e-13	0.0	0.0	0.0	2.4928895258440966e-12	8.090810598083309e-13	0.0	7.747003132474868e-13	0.0	0.0	0.0	0.0	0.0	0.0
36.033	0.0	0.0	0.0	0.0	0.0	0.0	0.0	0.0	0.0	2.2956656753987123e-12	2.0964593237481625e-12	0.0	0.0	1.6866583716129384e-12	1.5913266597230021e-12	0.0	0.0	0.0	0.0	0.0	0.0	0.0	0.0	0.0	0.0	0.0	0.0	0.0	0.0	0.0
48.044	0.0	0.0	0.0	0.0	0.0	0.0	0.0	0.0	0.0	0.0	0.0	0.0	0.0	0.0	0.0	0.0	0.0	0.0	0.0	0.0	0.0	1.6181621196166618e-12	0.0	0.0	0.0	0.0	0.0	0.0	0.0	0.0
other	0.0	0.0	2.797387428563229e-12	0.0	1.5641018659936755e-12	8.999254273273961e-12	4.3753723941171266e-12	8.587230815355082e-12	3.3925474341692784e-12	1.5304437835991415e-12	6.289377971244486e-12	1.289294874989349e-12	2.9989772003883336e-12	2.248877828817251e-12	3.713095539353671e-12	3.5235960996737074e-12	3.3612654557296928e-12	4.142153055944804e-12	2.2152695440070707e-12	1.284711925896185e-12	1.2464447629220483e-12	2.4272431794249925e-12	3.9521638521647234e-13	7.747003132474868e-13	7.616287315254062e-13	3.7550763506265485e-13	3.71350629837406e-13	0.0	0.0	0.0
Bottom
other	0.0	0.0	0.0	0.0	0.0	0.0	0.0	0.0	0.0	0.0	0.0	0.0	0.0	0.0	0.0	0.0	0.0	0.0	0.0	0.0	0.0	0.0	0.0	0.0	0.0	0.0	0.0	0.0	0.0	0.0
Graph
other	0.0	1.8615168876335124e-11	1.3986937142816146e-11	4.007257401963909e-12	4.692305597981027e-12	1.0284862026598814e-11	1.3126117182351378e-11	6.67895730083173e-12	6.785094868338557e-12	5.356553242596996e-12	9.783476844158091e-12	3.8678846249680474e-12	4.198568080543667e-12	4.497755657634502e-12	7.426191078707344e-12	7.550563070729373e-12	3.841446235119649e-12	2.3011961421915585e-12	1.7722156352056566e-12	1.284711925896185e-12	3.3238527011254618e-12	4.045405299041654e-12	3.9521638521647234e-13	1.1620504698712303e-12	7.616287315254062e-13	3.7550763506265485e-13	3.71350629837406e-13	0.0	0.0	0.0
C60
other	0.0	0.0	0.0	0.0	0.0	1.2856077533248518e-12	0.0	1.9082735145233515e-12	0.0	0.0	1.3976395491654416e-12	0.0	1.1995908801553335e-12	5.622194572043128e-13	2.1217688796306693e-12	0.0	4.801807793899562e-13	1.8409569137532466e-12	4.4305390880141416e-13	0.0	4.154815876406827e-13	8.090810598083309e-13	0.0	3.873501566237434e-13	0.0	0.0	0.0	0.0	0.0	0.0
