id	name	mass [g/mol]	latitude [rad]	longitude [rad]
Top
2843	C2	24.022	0.6239676312508979	-2.1074709585748783
2860	C2	24.022	1.2347834421710526	-1.4644385876966493
2872	C3	36.033	1.3748119227714883	1.7757046508662506
2877	C2	24.022	0.983002768341209	-0.8076218168125057
2878	C	12.011	0.8503142370348766	-0.331149110986313
2885	C2	24.022	0.6905815497088866	1.8282450134767803
2888	C	12.011	0.312793902526766	-0.8731470428080097
2889	C3	36.033	0.4056427322993693	-2.0398730639967306
2892	C2	24.022	0.5199036956199212	1.8073125379888895
2893	C2	24.022	0.8087693297718859	-2.772990286798197
2905	C2	24.022	1.2006166259121165	2.6317879751425113
2906	C2	24.022	0.1291336769416144	0.7714060585929391
2907	C	12.011	0.840473879588784	-1.4931557447513637
2909	C2	24.022	0.37598927830425855	2.1532331700780287
2910	C2	24.022	0.9395904780799509	-0.5577021335343832
2911	C2	24.022	0.8824527144509157	-0.6586580284131726
2912	C4	48.044	0.5041449939893043	-1.017156093480986
2913	C2	24.022	0.2200142744465646	-1.7845081360651471
2914	C2	24.022	1.1373044291139198	-0.29891962299115876
2915	C2	24.022	0.4365499730507817	1.1693332373040832
2916	C5	60.05499999999999	0.21424590805775853	-2.8957250729014117
2917	C2	24.022	0.8411880043792177	0.06890675870851261
2918	C2	24.022	0.26197450618190193	1.287411272039674
2919	C	12.011	0.43879612490685727	1.3503496384905247
2920	C3	36.033	0.5811155756110664	3.140941045347421
2922	C2	24.022	1.1756873579006748	1.6108540422675228
2923	C3	36.033	0.5338396600093882	2.447681841711604
2924	C3	36.033	0.6190941497634327	0.6001141176166269
2925	C	12.011	0.5818786695222353	1.27078968770771
2926	C2	24.022	0.5826567429554046	0.14209503760526918
2927	C2	24.022	0.23063514657426998	-0.46057668026517573
2928	C2	24.022	0.445613270440377	-1.6060798572050725
2929	C2	24.022	0.3286804620378534	-0.5556891274369182
2930	C2	24.022	0.321064162817727	-2.8189255023969855
2931	C2	24.022	0.5715799443139684	0.2730411039199293
2932	C2	24.022	0.4770426661716256	-0.04661756327613116
2933	C2	24.022	0.5454297181715924	-1.0085988311217366
2934	C2	24.022	0.055565072024046015	2.8293553026293163
2935	C2	24.022	0.9774758519672471	-2.5699829466343465
2936	C3	36.033	0.5572557216542806	0.31615541310205436
2937	C2	24.022	0.397599477984351	-1.1004506212215048
2938	C	12.011	0.7795098656707694	2.478319245657816
2941	C2	24.022	0.327949691790141	2.7344115765328025
2942	C	12.011	1.1237305053277038	-2.3973412610726323
2943	C	12.011	0.027733480918282757	2.834569313403705
2944	C2	24.022	1.562950337574475	-1.4786121722473582
2945	C2	24.022	0.27816317007294017	1.4064485406423353
2946	C3	36.033	0.2848026156826472	-2.207111364657342
2947	C2	24.022	0.5043068055468959	-1.8086408273130594
2948	C2	24.022	0.6218674995816951	-3.0552864201642422
2949	C3	36.033	0.401698536728309	-1.826052205872341
2950	C2	24.022	0.6984780461798085	3.067715643515089
2951	C2	24.022	0.2503120990020724	1.0465510165470908
2952	C3	36.033	0.3465414728796923	2.6323633046366948
2953	C	12.011	0.4405499143126999	-2.0299350182957077
2954	C2	24.022	0.7356519804389595	-0.755703943077734
2955	C2	24.022	0.6733133794613247	1.7481460708853183
2956	C2	24.022	0.2796532380506631	1.6149429391812522
2957	C	12.011	0.3834865281028434	-1.2460861925461542
2958	C2	24.022	0.42246899641216273	0.2825520016275196
2959	C	12.011	0.5476466726556313	0.5174602037418012
2960	C2	24.022	0.5502762314496543	-2.059268566005256
2961	C2	24.022	0.27089010312854944	3.046721021373964
2963	C2	24.022	0.251159071523425	-1.6221559176618277
2964	C2	24.022	0.7473455824917765	-2.5140169633300995
2965	C2	24.022	0.3779792058360245	-1.0993148444678065
2966	C3	36.033	1.4197653079134755	-0.5204764471887217
2967	C2	24.022	1.1768337008235974	-0.3903135772337577
2968	C2	24.022	0.06890334750326331	-1.6088807061951824
2969	C2	24.022	0.43285061998581187	-0.9273847735170277
2970	C5	60.05499999999999	0.6134659319773779	1.3597621444748267
2971	C2	24.022	0.33177945977789164	2.261348200298485
2972	C2	24.022	0.42036429213356347	2.92340432442745
2973	C2	24.022	0.5667013724501851	1.090640994732647
2974	C3	36.033	0.5635676546224436	-0.03650012264350997
2975	C2	24.022	0.9145287225559193	-1.4111103377224135
2976	C2	24.022	0.6499412140997246	2.5111703198174795
2977	C2	24.022	0.37389517558006874	-2.2962364200072316
2978	C2	24.022	0.555503499224253	-0.1693667373413231
2979	C	12.011	0.33744518864929457	-1.543063048162999
2980	C2	24.022	0.6695620882432033	-1.7490202667747456
2981	C	12.011	0.9474902879957668	-0.13405033115691775
2982	C2	24.022	0.5925248491541687	-2.493009548787056
2983	C	12.011	0.928630904085377	-1.4650552840909525
2984	C	12.011	0.655012909903083	-2.6073043674863907
2985	C2	24.022	1.0578445040254514	-2.1504145191588617
2986	C2	24.022	1.0396075502749835	-1.0263780434929208
2987	C3	36.033	0.3647045740694974	2.743547623774162
2988	C2	24.022	0.24306445594297318	-2.5178102044958983
2989	C2	24.022	0.4329438338341365	-0.30432593514737477
2990	C2	24.022	0.818982272845017	-1.2893082429483358
2991	C	12.011	1.038126707563963	-0.29380360185578375
2992	C2	24.022	0.43842642244590146	-0.5936690693475389
2993	C	12.011	0.9098970443194958	2.79936364754572
2994	C	12.011	0.3733221078269321	-2.085815286873887
2995	C2	24.022	0.5418303002020994	-1.20855597690536
2996	C2	24.022	0.7288026410933328	-2.353086760586715
2997	C2	24.022	0.37446034981274695	-0.8823904646483126
2998	C2	24.022	0.2410606090493727	-0.5461707661527815
2999	C2	24.022	0.3105676407622794	1.148330959731287
3000	C3	36.033	0.2127815215132172	0.20528926856485474
3001	C3	36.033	0.3538923139507737	-1.767721873185295
3002	C2	24.022	0.11476047843899342	-2.257372127072648
3003	C2	24.022	0.7117534829132424	0.8183179729203727
3004	C	12.011	0.4909840390147366	-2.324469609198356
3005	C2	24.022	0.2456498039707839	-1.2918463725701848
3006	C	12.011	0.7567904535687643	-1.3016208063142503
3007	C3	36.033	0.4357251505712003	1.2778809356450083
3010	C3	36.033	0.22186255177354355	1.213163113304905
3011	C	12.011	0.9942946331771704	0.4297657922572925
3012	C	12.011	0.4630523653295145	-3.0076037131294004
3025	C	12.011	0.7393061397542853	0.30181211828640575
3029	C2	24.022	0.7105618545761377	0.5621605462984068
3042	C2	24.022	0.5119033270188703	1.6703517553497422
3066	C2	24.022	0.7648292614960269	1.0071955526102336
3068	C	12.011	0.046632384316663084	0.04660889286684911
3069	C2	24.022	0.5051244346178417	0.9656716755185927
3070	C2	24.022	0.2846418196067029	1.1159123464696206
3073	C2	24.022	0.743055708740644	-0.8467841940434646
3077	C4	48.044	0.5106914947903418	1.3052454614899758
3078	C2	24.022	0.12205135788057309	1.9009572578311176
3080	C2	24.022	0.6554150455700674	-0.43747994402074386
3091	C3	36.033	0.38660023556037987	1.5039253870428824
3092	C2	24.022	0.6532224470740425	0.9885832826509569
3093	C2	24.022	0.5374160897599783	-2.493476499228753
3096	C2	24.022	0.6560525486104373	2.0705293146729673
3097	C2	24.022	0.48647073240154426	-0.37704004008291003
3100	C2	24.022	0.7993533569721037	-2.1921966470282244
3101	C2	24.022	0.2672066254739261	1.450445023789983
3108	C2	24.022	0.8128180308036016	-0.3455467163589636
3111	C2	24.022	1.3140794925397432	1.5872506833203535
3114	C2	24.022	0.24295228274235592	0.6390087167606414
3115	C	12.011	0.6286275845958716	-0.2847469582793954
3116	C2	24.022	0.23464600277064523	1.2064051787690047
3117	C3	36.033	0.7321377175419549	-0.13349900342412693
3118	C2	24.022	1.066120227452396	0.8264140542935436
3119	C2	24.022	1.0935362313738226	2.0517614465493
3121	C2	24.022	0.23599466547542985	-1.5981486116868664
3122	C2	24.022	0.6502295830412148	-1.360364839698854
3123	C2	24.022	0.47161455182152917	1.0341088238645346
3124	C2	24.022	0.6308683226779508	-1.4134345341197632
3125	C	12.011	0.6886937541412915	-0.5052468495010816
3126	C2	24.022	1.1192748334570213	0.525177358545606
3127	C4	48.044	0.4408238319817453	-2.5071441958117706
3128	C2	24.022	0.2833824516393452	-1.7218728266549168
3129	C	12.011	0.5342128436711016	-1.047279686913801
3130	C2	24.022	0.36499747929975246	2.892680548904783
3131	C3	36.033	0.6162122259703441	2.0331094091709443
3132	C2	24.022	0.5582752599685237	-0.5578498368183726
3133	C2	24.022	0.1615563336932505	-2.543540766518059
3134	C3	36.033	0.3944125495284256	-2.4031834391093243
3135	C2	24.022	0.3852566587180515	-2.012194988817538
3136	C2	24.022	0.3179107334376996	-2.7847839902729343
3137	C2	24.022	0.23820984974402615	-2.4626271008659013
3138	C2	24.022	0.1705081931386328	2.6146380735845893
3139	C2	24.022	1.0404641289766794	-2.780361285525652
3140	C2	24.022	1.011662674456964	1.1016205269224582
3141	C2	24.022	0.24491351003225767	-0.7695779602742823
3142	C3	36.033	0.5511786144326573	2.7715098451659683
3143	C2	24.022	0.8559537442556149	-0.5215144984087808
3144	C2	24.022	0.6570699939600869	1.1355937761127883
3145	C2	24.022	0.42294246410903713	-0.5618332652565439
3146	C2	24.022	0.4803348182556674	-0.9387182555024823
3148	C2	24.022	0.23193433479442926	1.801351562494397
3149	C2	24.022	0.8773359433664589	0.5328711378161761
3150	C4	48.044	0.2511013579089134	-2.569704347774041
3151	C2	24.022	0.1327203593541173	-0.8082884220834622
3152	C2	24.022	0.5316396756778465	0.3592262548328017
3153	C	12.011	0.09078669983909744	0.08081046709918893
3154	C3	36.033	0.5485748273463661	0.04285231488362591
3155	C2	24.022	0.24185009458255224	-1.568043169606699
3156	C2	24.022	1.0294943769552507	0.9773508014955625
3157	C	12.011	0.45173782470765533	-0.9366815857128039
3159	C3	36.033	0.9423506489306038	-2.566958808952547
3160	C2	24.022	1.129458481252955	-1.6325566476357996
3161	C2	24.022	0.1686020269208965	1.560200891747766
3162	C2	24.022	0.8287451040471108	2.896304951160664
3163	C2	24.022	0.38127972972544194	0.8988019761734654
3164	C3	36.033	0.5490610776167976	0.747579256661629
3165	C3	36.033	0.49300185390929185	-2.73530785655694
3166	C2	24.022	1.1352738646298788	-0.9829748666955119
3167	C2	24.022	0.48036578761349275	1.242803596000911
3168	C2	24.022	0.9936065799975996	-2.4398058879755613
3169	C2	24.022	0.9770440253184698	-1.9693885362844272
3170	C	12.011	0.3424753321341342	2.6029153396181064
3172	C2	24.022	0.3135341919719078	2.818376377552585
3173	C3	36.033	0.555105424186467	-1.942265747703772
3174	C2	24.022	1.549994092243124	-2.8108552051404905
3175	C3	36.033	0.3408249653058514	-1.0436574612005396
3176	C2	24.022	0.520505860151489	-0.9690850455671872
3177	C2	24.022	0.4009309710757499	-1.7136050516012353
3178	C	12.011	0.42762588494572623	2.2441274114072964
3179	C2	24.022	0.282071767787231	0.1224063625345136
3180	C2	24.022	0.6028756767944881	2.902622310993505
3181	C2	24.022	0.4685784201699193	-2.1180027725593447
3182	C2	24.022	1.3910001536933914	-0.8817158316216708
3183	C2	24.022	0.8680505743161218	2.0485047943900168
3184	C	12.011	0.11606587862114086	-2.7863407932728776
3185	C2	24.022	0.6238278966301174	0.574720787161751
3186	C3	36.033	0.2986518553138799	-2.060662685147162
3187	C5	60.05499999999999	0.5445784668405628	1.6171708979258788
3188	C	12.011	0.3300954516550024	-2.7920973475170006
3189	C2	24.022	1.0341757791502377	-1.0363391091848286
3190	C2	24.022	0.8269433147230357	0.7873274943604436
3191	C2	24.022	0.7057549502161389	-2.9625843607304443
3192	C2	24.022	0.4410405837008299	-2.0988366815072435
3193	C	12.011	0.897518372372502	1.829286287761247
3194	C2	24.022	0.40089924743929956	2.4527591145197345
3195	C2	24.022	0.548980968036337	1.094869816160034
3196	C	12.011	0.6263096454880343	1.9291086129801644
3197	C2	24.022	0.7313885835372377	1.8435029635634714
3198	C2	24.022	0.7651890455085919	-1.8922671224252017
3199	C	12.011	0.47268761393335457	-0.5019918797601006
3200	C2	24.022	1.5375913533473073	-1.664163345671066
3201	C2	24.022	1.3101817230377437	-0.6242450600958971
3202	C2	24.022	0.37287344679511264	-0.11731623652861002
3203	C2	24.022	1.4979428510237807	1.3785917034090442
3204	C2	24.022	0.5165528819374586	2.6468056767702905
3205	C2	24.022	0.57403190347513	0.8124589830953827
3206	C2	24.022	0.6712068979824994	0.8870844106013539
3207	C2	24.022	0.8886305929387723	1.0848194410512142
3208	C2	24.022	0.5004794493827802	-0.5844899766683265
3209	C2	24.022	0.30051979051558864	-2.6101080536980157
3210	C2	24.022	0.5047447521720141	-1.7094925007352824
3211	C3	36.033	0.8068323241747051	-2.0485629521276225
3212	C4	48.044	0.6105174535111194	-0.2973802542018017
3213	C2	24.022	0.3649159011905449	-2.4077557332756867
3214	C3	36.033	0.7347436909753068	2.2766367888525165
3215	C2	24.022	0.5938836764553563	1.033244807686259
3216	C2	24.022	0.14636060008675736	-1.0665981186192999
3217	C	12.011	0.8455248530586292	-2.45872661460397
3218	C4	48.044	0.47577939269004516	0.35968288170119
3219	C	12.011	0.2952787989813216	0.3732501927536647
3220	C	12.011	0.25978802925614103	1.0488636998903758
3221	C3	36.033	0.2504030336897518	1.3390082597166189
3222	C2	24.022	0.5828630308030626	-0.3153738589468958
3223	C2	24.022	0.10282701504779591	-2.8795373148647565
3224	C	12.011	0.4304892591197459	0.10035802339466439
3225	C	12.011	0.4373417836957917	0.9197503131576037
3226	C2	24.022	0.37064147404033126	-2.073874832532265
3227	C2	24.022	0.4153844726534457	0.28122289812186063
3228	C3	36.033	0.4516588468882878	0.07865358082586944
3229	C	12.011	0.5699777731021275	-0.8567178327625151
3230	C3	36.033	0.5166590347820379	0.5026585538471056
3231	C	12.011	0.7136294898767623	2.5531331623949067
3232	C2	24.022	0.7182625328952225	-0.5220462193936348
3233	C2	24.022	0.8356875802730944	-0.910102477855645
3234	C2	24.022	0.9014728951479649	2.2724189417984104
3235	C	12.011	0.7322162683082603	1.6015333266234348
3236	C2	24.022	0.5337921541640201	2.4429182008754995
3237	C2	24.022	0.4393248745975707	-2.83992577351139
3238	C2	24.022	0.264768638257633	-2.046451545295023
3240	C2	24.022	0.46120646303763935	2.119167372549958
3241	C2	24.022	0.05236698946561989	-1.0395202253627767
3242	C2	24.022	0.49960197141179225	2.720495513477746
3243	C	12.011	1.0254540134048982	-0.46121609404746855
3244	C2	24.022	0.3981878677125424	2.260049062255831
3245	C	12.011	0.1366650963480464	0.3934585324841784
3246	C	12.011	0.77316619314455	2.180265253880198
3247	C2	24.022	0.9470189339362067	2.1132954165771416
3248	C2	24.022	0.5803398526402861	2.748824818888822
3249	C	12.011	0.6600408095197258	2.721340127162639
3250	C2	24.022	0.11304248931692329	-2.142563019615034
3251	C	12.011	0.3866949485016207	-0.1151455210210816
3252	C	12.011	1.0766413265453	-1.0038455867908875
3253	C	12.011	0.36743077658993684	-0.19792014201887437
3254	C	12.011	0.5526457622448743	1.6040413752141323
3255	C2	24.022	0.6462977003857379	2.558878810595923
3256	C	12.011	1.1783823072661357	2.0292345976871933
3257	C	12.011	0.640973086180514	1.6775327427832532
3258	C	12.011	1.0232856778636632	0.20616065583449025
3261	C	12.011	0.17693771961656474	0.5061984687115111
3262	C	12.011	0.928750695642002	-1.0818402622570011
3263	C	12.011	0.9829103751909012	0.1979473009732191
3264	C	12.011	0.6795504593169541	-0.2615008331055937
3265	C	12.011	1.0139912715326553	-0.579317747289314
3268	C	12.011	1.1031022296038788	0.992290703060692
3271	C	12.011	0.49425343952877987	0.49771290924982836
3272	C	12.011	0.5672403286379509	-0.8961311342427983
3273	C	12.011	0.7059578656397556	0.31416643286805085
3274	C	12.011	1.42713884254445	1.16945997193209
Bottom
