dphi = 0.05235987755982988	first column is a mass, last row consists of all other masses	mass / surface of the sphere ring	scaled mass sums in consecutive angle intervals, last interval most often smaller (ends at pi/2)
Top
24.022	0.0	0.0	5.594774857126458e-12	0.0	0.0	1.0284862026598814e-11	8.750744788234253e-12	1.9082735145233515e-12	5.088821151253918e-12	1.5304437835991415e-12	2.7952790983308833e-12	3.8678846249680474e-12	4.798363520621334e-12	1.1244389144086255e-12	0.0	3.02022522829175e-12	3.8414462351196495e-12	0.0	0.0	8.564746172641231e-13	8.309631752813654e-13	0.0	7.904327704329447e-13	0.0	0.0	7.510152701253097e-13	7.42701259674812e-13	0.0	0.0	0.0
36.033	0.0	0.0	0.0	0.0	0.0	0.0	0.0	0.0	2.544410575626959e-12	2.2956656753987123e-12	0.0	1.9339423124840237e-12	0.0	0.0	0.0	0.0	0.0	0.0	0.0	1.284711925896185e-12	0.0	0.0	0.0	0.0	0.0	0.0	0.0	0.0	0.0	0.0
other	0.0	4.653792219083781e-12	0.0	4.007257401963909e-12	3.128203731987351e-12	3.856823259974556e-12	1.0938430985292816e-12	6.67895730083173e-12	4.2406842927115974e-12	3.060887567198283e-12	4.192918647496324e-12	1.9339423124840237e-12	1.7993863202330005e-12	3.935536200430189e-12	5.304422199076673e-13	4.026966971055665e-12	1.9207231175598247e-12	1.8409569137532466e-12	2.6583234528084845e-12	2.1411865431603078e-12	1.2464447629220483e-12	0.0	7.904327704329447e-13	7.747003132474868e-13	3.808143657627031e-13	7.510152701253097e-13	0.0	0.0	0.0	0.0
Bottom
other	0.0	0.0	0.0	0.0	0.0	0.0	0.0	0.0	0.0	0.0	0.0	0.0	0.0	0.0	0.0	0.0	0.0	0.0	0.0	0.0	0.0	0.0	0.0	0.0	0.0	0.0	0.0	0.0	0.0	0.0
Graph
other	0.0	4.653792219083781e-12	5.594774857126458e-12	4.007257401963909e-12	3.128203731987351e-12	1.4141685286573368e-11	8.750744788234253e-12	8.587230815355082e-12	1.1025779161050153e-11	6.886997026196136e-12	6.988197745827207e-12	7.735769249936093e-12	6.597749840854334e-12	5.059975114838814e-12	5.304422199076673e-13	5.0337087138195825e-12	5.2819885732895175e-12	1.8409569137532466e-12	2.2152695440070707e-12	4.2823730863206156e-12	1.6619263505627309e-12	0.0	1.1856491556494172e-12	0.0	3.808143657627031e-13	1.1265229051879647e-12	7.42701259674812e-13	0.0	0.0	0.0
C60
other	0.0	0.0	0.0	0.0	0.0	0.0	1.0938430985292816e-12	0.0	8.481368585423196e-13	0.0	0.0	0.0	0.0	0.0	0.0	2.013483485527833e-12	4.801807793899562e-13	0.0	4.4305390880141416e-13	0.0	4.154815876406827e-13	0.0	3.9521638521647234e-13	7.747003132474868e-13	0.0	3.7550763506265485e-13	0.0	0.0	0.0	0.0
