dphi = 0.05235987755982988	first column is a mass, last row consists of all other masses	mass / surface of the sphere ring	scaled mass sums in consecutive angle intervals, last interval most often smaller (ends at pi/2)
Top
24.022	2.7897241872519153e-11	9.307584438167562e-12	3.356864914275874e-11	3.606531661767517e-11	2.8153833587886154e-11	2.8283370573146737e-11	2.187686197058563e-11	2.0991008659756866e-11	2.883665319043886e-11	2.1426212970387976e-11	1.5374035040819855e-11	1.0314358999914791e-11	1.679427232217467e-11	1.0119950229677628e-11	9.547959958338012e-12	9.060675684875248e-12	5.762169352679474e-12	3.681913827506493e-12	5.316646905616969e-12	4.2823730863206156e-12	4.154815876406827e-12	2.427243179424993e-12	7.904327704329447e-13	2.3241009397424607e-12	2.284886194576219e-12	1.5020305402506194e-12	1.485402519349624e-12	0.0	7.325227816980439e-13	2.1915449630113432e-12
36.033	0.0	0.0	0.0	1.2021772205891726e-11	9.384611195962053e-12	0.0	1.9689175773527074e-11	5.724820543570056e-12	7.633231726880877e-12	4.591331350797425e-12	2.0964593237481625e-12	0.0	5.398158960699001e-12	5.059975114838816e-12	0.0	1.510112614145875e-12	1.4405423381698686e-12	0.0	0.0	1.284711925896185e-12	2.4928895258440966e-12	1.2136215897124964e-12	0.0	0.0	1.1424430972881095e-12	0.0	0.0	0.0	0.0	0.0
4420624.528	0.0	0.0	0.0	0.0	0.0	0.0	0.0	0.0	0.0	0.0	0.0	0.0	0.0	0.0	0.0	0.0	0.0	0.0	1.6306510502601492e-07	0.0	0.0	0.0	0.0	0.0	0.0	0.0	0.0	0.0	0.0	0.0
60.055	0.0	0.0	0.0	0.0	0.0	0.0	0.0	0.0	0.0	0.0	0.0	0.0	0.0	0.0	0.0	0.0	0.0	0.0	0.0	0.0	0.0	0.0	0.0	0.0	0.0	0.0	0.0	0.0	0.0	1.826287469176119e-12
48.044	0.0	0.0	0.0	0.0	0.0	0.0	0.0	0.0	0.0	0.0	0.0	0.0	0.0	0.0	0.0	0.0	0.0	0.0	0.0	0.0	0.0	0.0	1.5808655408658894e-12	0.0	0.0	0.0	0.0	0.0	0.0	0.0
other	1.3948620936259577e-11	9.307584438167562e-12	2.2379099428505828e-11	1.2021772205891724e-11	3.128203731987351e-12	2.5712155066497036e-12	7.65690168970497e-12	9.541367572616757e-12	8.481368585423195e-12	9.182662701594848e-12	5.590558196661766e-12	9.025064124925442e-12	9.596727041242667e-12	6.746633486451753e-12	1.5913266597230021e-12	3.020225228291749e-12	3.3612654557296928e-12	3.2216745990681816e-12	2.2152695440070707e-12	4.2823730863206157e-13	0.0	8.090810598083309e-13	7.904327704329447e-13	7.747003132474868e-13	3.808143657627031e-13	7.510152701253097e-13	0.0	3.682830416899266e-13	3.6626139084902195e-13	0.0
Bottom
other	0.0	0.0	0.0	0.0	0.0	0.0	0.0	0.0	0.0	0.0	0.0	0.0	0.0	0.0	0.0	0.0	0.0	0.0	0.0	0.0	0.0	0.0	0.0	0.0	0.0	0.0	0.0	0.0	0.0	0.0
Graph
other	2.7897241872519153e-11	1.3961376657251346e-11	5.315036114270134e-11	5.2094346225530806e-11	3.753844478384821e-11	2.9568978326471585e-11	4.812909633528839e-11	3.434892326142034e-11	3.9014295492946706e-11	3.213931945558198e-11	1.9566953688316183e-11	1.6760833374861534e-11	2.998977200388335e-11	2.0239900459355263e-11	1.1139286618061012e-11	1.359101352731287e-11	9.603615587799122e-12	6.443349198136363e-12	1.6307130778073816e-07	5.9953223208488624e-12	6.6477054022509236e-12	4.4499458289458196e-12	3.1617310817317787e-12	2.3241009397424607e-12	3.8081436576270314e-12	2.2530458103759294e-12	1.485402519349624e-12	3.682830416899266e-13	1.098784172547066e-12	4.017832432187462e-12
C60
other	1.3948620936259577e-11	4.653792219083781e-12	2.797387428563229e-12	8.014514803927817e-12	3.128203731987351e-12	1.2856077533248518e-12	1.0938430985292816e-12	1.9082735145233515e-12	5.9369580097962364e-12	3.060887567198283e-12	3.494098872913604e-12	2.578589749978698e-12	1.7993863202330005e-12	1.6866583716129384e-12	0.0	0.0	9.603615587799124e-13	4.602392284383116e-13	1.3291617264042426e-12	0.0	0.0	0.0	0.0	7.747003132474868e-13	0.0	0.0	0.0	0.0	0.0	0.0
