id	name	mass [g/mol]	latitude [rad]	longitude [rad]
Top
6541	C183927	2209147.196996662	0.06761135714920663	-2.2260375277646975
6545	C2	24.022	0.24917732353728606	2.537320194098078
6547	C3	36.033	0.6608233176787142	-1.2264542020361258
6548	C	12.011	0.5825588915921683	-1.979270342910621
6551	C	12.011	0.4426738857500341	-0.9858068384431056
6553	C2	24.022	1.0982828588344842	0.1838522670842181
6554	C2	24.022	0.6865264260208309	-1.4514242919330251
6555	C	12.011	0.94288688745546	-1.3450239326793725
6556	C	12.011	1.1227940609683469	-0.5993662048779773
6557	C	12.011	0.912787276446924	-1.0087009981878323
6558	C	12.011	0.3097344399902286	-0.7193055688133418
6559	C	12.011	0.7285325677317852	-2.4667315532636134
6560	C	12.011	0.6665166024173828	0.39409187727785033
6561	C	12.011	0.9280563892856569	-0.7634700171398007
6562	C	12.011	0.47784784504218775	-1.0304538824192362
6563	C2	24.022	0.7564776298140268	-0.6036774894806444
6564	C2	24.022	1.20707123385713	-0.10506197217017872
6565	C	12.011	0.5743160890976589	-0.19922747399461155
6566	C	12.011	0.7792334958677041	-1.1902590485744013
6567	C	12.011	0.6826965931659525	-2.0655820004388006
6568	C	12.011	0.6496395753581424	1.6887962738764348
6569	C3	36.033	0.4570240387486115	-2.765927827363239
6570	C2	24.022	0.4561825968870248	-0.2066994118421327
6571	C2	24.022	0.218087526036135	-0.19080917316329882
6572	C	12.011	0.4125921575217964	-0.5170845908058986
6573	C2	24.022	0.37997613005357694	-0.14243792503049682
6574	C	12.011	0.7877746841716703	-1.4079308117993503
6575	C	12.011	0.7649465775555954	1.4245236888500634
6576	C	12.011	0.8526275322511667	0.2779879489439723
6578	C2	24.022	0.6026122926136277	-2.7852392412059452
6583	C2	24.022	0.5962213137962827	2.386384558645077
6592	C	12.011	0.2910957207396379	1.5389110498734062
6593	C	12.011	0.8941386211792605	1.339878454094532
6594	C	12.011	0.8011530119402139	-0.6237174645566058
6596	C	12.011	0.9766421644935168	-1.2493969887398746
6599	C2	24.022	1.161243555389498	-0.4837897636325803
6608	C	12.011	1.2749711443799268	0.36973700873322946
6609	C	12.011	0.2984520803677788	-0.004479959379828955
6610	C	12.011	0.795928355741009	2.0387609298087956
6619	C2	24.022	0.7353871543666308	-0.5429425865313601
6621	C	12.011	1.366402171011649	2.135703445950621
6622	C2	24.022	0.5081383924883508	0.1582955029370491
6623	C	12.011	0.7875208588016426	-1.19580332971341
6624	C	12.011	0.7199971922597395	-1.8231315783161228
6625	C	12.011	0.2242552838781247	0.6133342835801849
6626	C	12.011	0.8168195156644841	2.9673547894214938
6627	C2	24.022	0.38995612638749966	2.7152431470557463
6628	C	12.011	1.1986344692153341	0.11328599223691388
6630	C	12.011	0.7919334537953623	-0.8677084977375126
6631	C2	24.022	0.9921650555101107	0.025276752187828096
6633	C	12.011	0.8874018930275174	-1.3974493408014408
6635	C2	24.022	0.6828143242281965	-0.1410979172906494
6638	C2	24.022	1.0835743738192425	-0.03704576667883689
6639	C2	24.022	0.5983535235171965	-1.924024213495143
6640	C	12.011	0.34478810544722766	2.339556440806267
6641	C3	36.033	0.7433357896013123	-0.5212510324773183
6642	C	12.011	0.7346886329699486	2.2691012077261976
6643	C3	36.033	0.35317702523703154	-1.1798996757099165
6644	C	12.011	0.3174852173043941	-0.44477656317212166
6646	C2	24.022	0.8149313035519349	-3.055835578750316
6647	C2	24.022	0.8780838184328048	1.6201680319542338
6648	C2	24.022	0.7760055302472366	-2.818452604250579
6649	C	12.011	0.6236464967325523	1.026132753357992
6650	C2	24.022	0.530747430078024	-0.36805221451363557
6651	C2	24.022	0.3370588262302529	-1.870460890237379
6652	C2	24.022	0.4652254451472741	0.2509715067276839
6653	C	12.011	0.6470410252804025	-0.9907599222769384
6654	C2	24.022	0.43703974357261655	0.5124945636172017
6655	C	12.011	1.086239964362193	0.14844641401525138
6656	C	12.011	0.880003218341825	0.7250778665608264
6657	C2	24.022	0.7050499620128291	0.15068075627793961
6658	C	12.011	1.570532757419606	-1.6342010882652043
6659	C	12.011	0.4187527399429273	0.25468844387080475
6660	C	12.011	0.7274749225742606	0.45309823711723585
6662	C2	24.022	0.1875858311144311	0.22373307688662977
6663	C2	24.022	0.23934799030160286	-2.9865527008359485
6664	C	12.011	0.019334577846577102	-0.9134946995424936
6665	C2	24.022	0.5848027967530273	-2.38837864258344
6666	C	12.011	0.8800402523774374	-0.9148827177969999
6667	C	12.011	0.8456370774262465	1.091505066455178
6668	C2	24.022	0.2655903173861178	0.10461367887933354
6669	C	12.011	0.09486062802690218	-0.4073041683640241
6671	C2	24.022	1.1230019918426604	2.442184694271847
6672	C	12.011	0.9228708718787969	-0.03916729765323278
6674	C	12.011	0.9566798811688004	-0.18739687203798322
6675	C3	36.033	0.2587770144187814	0.9770977570943705
6676	C2	24.022	0.9360861665662332	1.0596864706024807
6677	C2	24.022	0.39340062252315044	-0.07952994401534688
6678	C	12.011	0.3178321042789372	-1.0944047588759078
6679	C3	36.033	0.7339669881686811	1.1863850926775066
6680	C2	24.022	0.968768699945339	0.3748266331200086
6682	C3	36.033	1.0961262143180919	-2.2665620594902367
6683	C	12.011	0.32260097756005096	1.962684745964182
6684	C2	24.022	0.8084443099832668	-1.8333221824075256
6685	C	12.011	0.5862961150942426	-0.8881822703936678
6687	C2	24.022	0.4717204736544599	-0.41319533072799025
6688	C2	24.022	0.9671985189151454	1.503196454466021
6690	C2	24.022	0.5292492614111708	-2.8589282277561177
6691	C	12.011	0.8263132660611302	2.2666245107461687
6692	C2	24.022	0.3189607305127633	-0.7782020932934306
6693	C3	36.033	0.5098386799833619	-2.586965620814583
6694	C2	24.022	0.3384452892501591	1.0028118186039585
6695	C2	24.022	0.40487361535759203	1.9538054991980638
6697	C3	36.033	0.5714859165290959	2.1442116763832897
6698	C2	24.022	0.6171257497144287	0.3256313591298452
6699	C	12.011	0.12312124164174906	1.287894779460989
6700	C2	24.022	0.8536204269653738	-3.088689919371495
6701	C	12.011	0.8803845399990029	0.7486720696193051
6702	C2	24.022	0.8420385166245578	-0.27940933867864554
6703	C3	36.033	0.4609586526918235	-0.3653480972873807
6706	C	12.011	0.7365320477577952	-0.8171569251732363
6707	C2	24.022	1.5702969637395152	-1.7239221757220942
6708	C2	24.022	1.4208934529589792	-1.7964371788833229
6709	C	12.011	1.0203733441555587	-1.3799304030772384
6711	C2	24.022	0.501950323733273	0.8124605539806082
6712	C	12.011	0.3820773510424737	-0.4129361736460704
6713	C2	24.022	0.8303473429106758	-3.067222226055032
6714	C	12.011	0.6393675305879261	-2.127904973597302
6715	C	12.011	0.8299797608884959	-1.7795454047529964
6716	C	12.011	1.2743859077931656	0.43200674019730095
6717	C	12.011	0.378950270878356	-0.3442420876661866
6718	C	12.011	0.7518641966630241	-2.044232524516927
6719	C	12.011	1.006713049477012	0.02426362557695029
6720	C3	36.033	0.7809981279137693	0.28802082454061106
6721	C	12.011	0.9031778087585731	-0.9858023410449102
6722	C	12.011	0.829483103017518	-0.5883745529457108
6723	C	12.011	0.49714010714688595	0.5859398315879458
6724	C2	24.022	0.46001927794492314	-2.400372534399319
6725	C	12.011	0.7863855835534681	2.8234267973860643
6726	C	12.011	0.9206479591374758	-1.0116758229006082
6727	C	12.011	0.5945379448515251	-0.10437566427259988
6728	C	12.011	0.5365242024094025	-1.8107559127592492
6729	C2	24.022	0.27827014427338853	-1.4898533595072339
6730	C2	24.022	0.33165551625549594	0.3186049030003922
6731	C	12.011	0.5722582958884014	-0.6912990758067044
6732	C2	24.022	0.9216122069761324	-2.7779134949861337
6733	C	12.011	0.3123231431715765	-2.682334961103756
6734	C	12.011	0.9409361284044955	-1.081335463608357
6735	C	12.011	0.6227878993385874	-2.813816147333298
6736	C	12.011	0.6785658153532437	2.3815021570724424
6737	C	12.011	0.8946357417662474	-0.9175389536457078
6738	C	12.011	0.1134898990158852	-2.435993806704148
6739	C	12.011	0.1234321492435991	1.2632612189728258
6740	C	12.011	0.6677140553941192	-1.6952591087289044
6741	C2	24.022	0.28469444186342546	0.47310250233900797
6742	C	12.011	0.426653395560518	2.6679569443235565
6743	C	12.011	0.6713097293483868	0.7892047024550181
6744	C2	24.022	0.7663611840334431	1.8736439711292197
6745	C2	24.022	0.6048288953727958	-0.07241918279162597
6746	C	12.011	0.625287508535087	-2.5133405492016108
6747	C	12.011	0.29518529574216307	2.8976506881903665
6748	C2	24.022	0.6216918256282178	-1.6505560064200622
6749	C	12.011	0.5081070502110817	0.45607089248654137
6750	C2	24.022	0.47237411330896534	2.4748798591716645
6751	C	12.011	0.9363629669962377	-0.7892949623388683
6752	C2	24.022	0.42565008823970346	-0.5453847810445028
6753	C	12.011	0.6992684978349664	0.5871938238996194
6754	C	12.011	0.1977309942442507	-2.7238295979077716
6755	C	12.011	0.7377146766311757	0.2733062003527888
6756	C	12.011	1.4338280356530309	-0.2639363563299223
6757	C2	24.022	0.5925586109315439	2.1577482877387615
6758	C	12.011	0.6432026682695979	1.8351527869245714
6759	C2	24.022	0.5692822248394358	0.2877623278762649
6760	C2	24.022	0.9578413905813787	1.9842488314474354
6761	C2	24.022	1.1768963452677412	1.2800810762356551
6762	C2	24.022	0.7968390927905167	1.0772973146802427
6763	C	12.011	1.2584681790515209	1.2772305449857202
6764	C	12.011	1.0692592516074177	0.872505606571668
6765	C2	24.022	0.5708857300310085	-3.028628402883004
6766	C	12.011	0.6497701173165549	-0.5772121636015136
6767	C2	24.022	0.6276036274851211	1.1600424483938163
6768	C	12.011	0.8979525400260714	0.13617317343488636
6769	C	12.011	0.9591280256470167	2.0102108406834307
6770	C	12.011	0.572299495829228	-1.6730419313454752
6771	C2	24.022	0.5353430426937934	1.2205076161553237
6772	C2	24.022	0.28422619680832073	0.47630751602985855
6773	C2	24.022	1.417181745987064	2.636989255377826
6774	C	12.011	0.8885241547622782	2.211984228481708
6775	C	12.011	1.4450770985659331	1.6952178742952382
6776	C2	24.022	0.4319561002297641	-0.2073544393680769
6777	C2	24.022	0.29825692182328767	1.8286120861367319
6778	C2	24.022	1.2148446441513392	0.7758449522916944
6779	C2	24.022	0.7535633370718122	0.7814423447504714
6780	C2	24.022	0.4410394893201022	0.9577793892667261
6781	C2	24.022	0.8588523672532637	1.789419731984728
6782	C	12.011	0.723711608291335	1.7971361502208552
6783	C	12.011	0.6225488105740173	2.0853766957848783
6789	C	12.011	1.0351635056645976	-0.21024014346679962
6790	C	12.011	0.6021245005865874	-0.3705866930765862
6791	C2	24.022	0.47425423159039004	-0.022109975458849268
6799	C	12.011	1.0297982130488692	-1.9256290638293798
6800	C2	24.022	0.22648000629651752	1.7638029007774467
6801	C2	24.022	0.495873842609413	0.17685301506135
6802	C2	24.022	0.5427121640335983	-1.0271684526639184
6803	C2	24.022	1.1447773141200126	0.6221311053045495
6804	C2	24.022	1.3474170600213433	-1.4538998230653257
6805	C	12.011	0.7261822205941199	2.3209920420076213
6806	C2	24.022	0.548399488989917	1.3046080833266211
6807	C3	36.033	0.5074120483431389	-1.4451008743448197
6808	C2	24.022	0.6338866017588112	-0.13320487447805832
6809	C	12.011	0.8445521725861103	0.5972001936153764
6811	C	12.011	0.8819360692239082	-0.553909613754928
6812	C	12.011	0.6525189443354783	-0.05112546978150994
6814	C	12.011	0.9958411341594581	0.21877722001077254
6815	C	12.011	0.3878221014849574	1.5190600183505092
6816	C	12.011	0.8042446850129821	-0.0856712963878547
6817	C	12.011	0.6951880175566088	-0.14822234124872877
6818	C	12.011	0.775598196314854	-0.033147180092752505
6819	C	12.011	0.8048611619111042	-0.49269511021409473
6820	C	12.011	0.05525796880928999	-2.2686516010257005
6821	C	12.011	0.9740383800343593	-0.29053415478972794
6822	C	12.011	0.7614558180041643	-0.01799847145043609
6823	C	12.011	0.34237019399572416	2.9185640220145466
6826	C	12.011	0.8811433256042118	0.5024442684657103
6827	C	12.011	0.333714111491057	2.52663676446572
6828	C	12.011	0.7954762214762693	-2.219969204061277
6829	C	12.011	0.4198019912881788	1.4973817618879806
6831	C	12.011	0.5148461422413129	0.11751271896439645
6832	C	12.011	0.9010661575400426	-0.5235169303773262
6833	C	12.011	0.5946612943416136	-1.5094552788277429
6834	C	12.011	1.003428130430504	0.8356014801949982
6835	C	12.011	0.7352972720554974	-1.5981948135157862
6836	C	12.011	0.8478400940117548	-0.33685166049315046
6837	C	12.011	0.3052945785138118	-2.295334971267507
6838	C	12.011	0.5766461591240979	-1.0832364508569168
6839	C	12.011	0.7717487037143108	-0.26922272515799445
6840	C	12.011	0.5369251215719181	-0.18779887513357765
6841	C	12.011	0.4649247381994891	-2.17520785531623
6842	C	12.011	0.5624280619828094	0.9109979659257641
6843	C	12.011	0.9459707678284168	-0.39020731438931205
6844	C2	24.022	0.39039108794086846	-0.6882523702737203
6845	C	12.011	1.1514998590631258	-0.016338564172571558
6846	C	12.011	0.20948683554795222	1.436761296438248
6847	C	12.011	0.7959376082366515	-0.0490994707894658
Bottom
