id	name	mass [g/mol]	latitude [rad]	longitude [rad]
Top
16972	C	12.011	1.061591190271127	0.8487375715265837
16973	C	12.011	0.365108475958642	-0.18584950301985836
16974	C	12.011	0.7286045744243089	1.2356645862450801
16975	C2	24.022	0.6389101604034975	0.6808879767039875
16976	C3	36.033	0.717872712798215	0.2385971503453009
16977	C	12.011	1.2461025862518362	0.23418714260837437
16978	C	12.011	0.46419556957472363	0.9427507754106864
16979	C	12.011	0.11025910031275127	1.7370424129035211
16981	C	12.011	0.862273324695025	1.5215724405748199
16982	C	12.011	0.8140021845125224	-0.8866704057678708
16983	C	12.011	1.000388542524096	0.4230353326783971
16984	C	12.011	0.3863676393518132	0.01068834757732397
16985	C	12.011	0.9220018335351303	0.6590563176759084
16986	C	12.011	0.4712937399544714	-0.9885818303840029
16987	C	12.011	0.7682225483133337	-0.3180294876825659
16988	C	12.011	1.125845460233815	1.4782969866410796
16990	C	12.011	0.48906415288214583	0.9387924844061739
16991	C	12.011	0.4864612192866114	1.0178563717858167
16992	C2	24.022	0.8760405011003064	-0.6396199759134682
16993	C	12.011	1.3755353645217272	1.7451440612557008
16994	C2	24.022	0.7567101082150615	0.08080830634004431
16995	C	12.011	0.7704394018363379	-0.14671955525465313
16996	C	12.011	0.9392622514212887	0.4747225867599922
16997	C	12.011	0.533972905318986	0.9213200000396128
16998	C2	24.022	0.7715034254499249	-0.9260410650648846
16999	C2	24.022	1.2821364351416757	-2.3596229062724894
17000	C2	24.022	0.7034713924233873	-1.1167685886221603
17001	C	12.011	0.6053403466464078	-1.1925874601924125
17002	C	12.011	1.012736469923923	0.5909722976282398
17003	C2	24.022	0.6146808826664582	-0.8436983921182767
17004	C	12.011	0.40829554360819137	1.0809657611253585
17005	C	12.011	0.8432804493103618	0.19773224038915893
17006	C	12.011	1.1618973587506867	0.8915365578925161
17007	C2	24.022	0.6549816845146471	-1.7752709270156652
17008	C	12.011	0.673724658073773	-0.7419752962866605
17010	C	12.011	0.864088416964869	-1.466920133913088
17011	C	12.011	0.4778547944016304	0.733677934735959
17013	C	12.011	0.2776616486976204	-0.3790162708587623
17014	C	12.011	0.40559246428731033	1.3983272344034077
17015	C	12.011	0.8717374154454205	-1.8012080941262743
17016	C	12.011	0.8518677816102261	-1.2849419670095967
17018	C	12.011	0.8706395783147459	-0.2749976365646702
17020	C	12.011	1.3761031844782472	1.440637517880017
17021	C2	24.022	1.1181322050385156	-1.140898781987852
17022	C	12.011	0.6380388486851023	-1.0120767434549145
17023	C	12.011	0.6655607169829627	-0.5081670041326024
17024	C2	24.022	0.6654805861672268	-2.4482766477708298
17025	C	12.011	0.7461888599904182	0.43759216060574607
17026	C	12.011	0.9191187198188782	-0.05237589913084164
17028	C	12.011	1.1517268767184747	-1.6792025155638197
17030	C	12.011	0.8900169146574093	-1.7660223746789616
17031	C2	24.022	0.9774569458700124	1.4123694806578808
17032	C	12.011	1.5305916411578278	-0.7211813586311392
17033	C2	24.022	0.8063459560607559	-2.2265601286099836
17034	C	12.011	0.9362185926571079	-1.5947749453473345
17035	C	12.011	1.0464069626460224	-1.7980360906184878
17036	C	12.011	1.0346026778861535	1.7302663406276795
17042	C2	24.022	0.2093758314654808	2.6264157123392047
17044	C	12.011	1.0816023593776567	0.20356790990380316
17045	C	12.011	0.7813544822660572	-2.2063155841632853
17046	C	12.011	0.8017844901072303	-0.4628173773280797
17047	C	12.011	0.7416741778591232	-0.27882805895545154
17048	C	12.011	1.4212505511559632	-0.03145528998764681
17049	C	12.011	0.5459247357531193	-0.4353833348073757
17050	C2	24.022	0.8049390226345727	2.676491339435172
17051	C2	24.022	0.6290223354314517	-3.025122528349842
17052	C	12.011	1.1099621219052105	0.12569195247912732
17053	C2	24.022	1.3465184423254362	0.6459023354938093
17055	C	12.011	0.8879373352670001	-0.529818613380225
17056	C	12.011	0.5771404946763647	-0.16910567755095318
17057	C	12.011	0.5337465386746607	-1.078758453706464
17058	C	12.011	1.0857431907686217	0.14990138978211756
17060	C	12.011	0.6945310323585977	1.218472163306234
17061	C	12.011	1.02923392462117	-0.6572463148996052
17062	C	12.011	0.823905099258732	-1.1019834152920258
17063	C	12.011	0.48345925505251636	0.780629962013894
17075	C	12.011	0.9005809715580056	0.029708421592279138
17079	C	12.011	0.7611203744425853	-1.1956036811500999
17084	C2	24.022	0.6986896774760762	-2.189119234039422
17087	C	12.011	0.6037227122395012	1.1787530902575003
17089	C	12.011	0.915937050635323	1.3978928816712408
17097	C	12.011	1.0056029232827148	-0.4703076298584773
17106	C	12.011	1.1632377006706487	-0.02309771771155611
17107	C3	36.033	0.2863915334478639	0.7441227564941302
17112	C	12.011	0.4810762581133719	1.2096826530810016
17113	C	12.011	0.8153317571691933	0.9897843949395124
17114	C	12.011	1.2833995984762074	0.6816491467562045
17115	C	12.011	0.5476912806462406	2.3408758870432016
17116	C	12.011	0.736233727834446	-0.12487246039287334
17117	C	12.011	0.540111704542254	0.975805370984009
17118	C	12.011	0.6688656664705732	-1.8541408179595442
17119	C	12.011	1.166919192784686	1.5194937100605785
17120	C2	24.022	0.8283441641516461	-2.5474621872933674
17121	C2	24.022	0.6877101280889496	-0.44458288292688275
17124	C	12.011	0.10815593988224763	-0.8920417955280018
17125	C	12.011	0.8998341531916314	-1.0841357930750517
17126	C2	24.022	0.9950638391691777	-2.5022083685735863
17127	C	12.011	0.7121013712050211	-1.008639603324961
17128	C2	24.022	0.6126113091871906	-1.9418825232208052
17129	C	12.011	1.114944612645103	-0.1381098206627541
17130	C	12.011	0.07060075354901521	-1.804512738783498
17131	C	12.011	0.23698880859144825	-0.5899694608461752
17132	C	12.011	0.36232024530609036	-3.08908277631967
17133	C3	36.033	0.824567632945112	-1.1227960650703868
17134	C	12.011	0.5125290331243199	-1.4707258412158482
17135	C	12.011	0.4829737508851448	-0.4979292873113056
17136	C	12.011	0.1823363730760501	0.6675979767260534
17137	C	12.011	0.2084316412461085	-1.1511223087022213
17138	C2	24.022	0.4771460824548223	1.0860631482047975
17139	C2	24.022	0.352283574590905	0.4718434170803442
17146	C	12.011	0.8207798968670997	1.196023635573269
17148	C	12.011	0.6659393369686134	0.7778639348741012
17149	C	12.011	0.7898664137932344	0.6024931906440162
17150	C	12.011	1.0768044181644	0.29503394592141147
17155	C	12.011	0.9223574266448022	0.33831863404584994
17156	C	12.011	0.35208423571107444	0.14880988564250702
17159	C	12.011	1.2157235896801537	-0.4624618007441452
17160	C	12.011	0.6533093601827883	0.12119015350931742
17162	C	12.011	0.9130231066249197	0.2119865112335646
17163	C	12.011	1.1056714744358183	0.900101008085662
17164	C	12.011	0.9299804720473084	0.10023410527323905
17165	C	12.011	0.6852027935173599	0.16554833616484943
17166	C	12.011	0.9483503056708241	-0.10771776341694346
17167	C	12.011	0.6867764874257294	0.5812928031296762
17168	C	12.011	0.9161754844720928	1.5182102711696546
17169	C	12.011	1.164529502854388	-0.38418453341054326
17170	C	12.011	1.1228477505054335	-1.107912697250613
17173	C	12.011	0.40221725638201566	0.6239558090847095
17174	C	12.011	0.9875608471342718	0.42986819639925156
17176	C	12.011	1.0455356045998312	-0.36343571686223913
17177	C	12.011	1.08371936721084	-0.04178844432171854
17182	C	12.011	0.8548612932564492	0.10170349720125899
17183	C	12.011	0.4818714666247153	-0.3255209225475242
17184	C	12.011	0.8069124320450775	2.4564874571470168
17185	C	12.011	1.2301521338976116	-0.49135692945715476
17187	C	12.011	0.9832879281740322	-0.2555796556988902
17188	C	12.011	0.6036761028849058	0.5114893575667073
17189	C	12.011	0.07486121517905639	-0.2748613401115249
17190	C	12.011	1.278493452586737	-0.6569371872635287
17193	C	12.011	1.0840779999952541	-0.20073688924870378
Bottom
