dphi = 0.05235987755982988	first column is a mass, last row consists of all other masses	mass / surface of the sphere ring	scaled mass sums in consecutive angle intervals, last interval most often smaller (ends at pi/2)
Top
24.022	0.0	0.0	0.0	4.007257401963909e-12	9.384611195962053e-12	0.0	0.0	1.9082735145233515e-12	0.0	0.0	0.0	1.289294874989349e-12	0.0	1.1244389144086255e-12	1.0608844398153346e-12	1.0067417427639165e-12	2.8810846763397373e-12	1.8409569137532466e-12	0.0	0.0	0.0	0.0	0.0	0.0	0.0	0.0	0.0	0.0	0.0	0.0
48.044	0.0	0.0	0.0	0.0	0.0	0.0	0.0	0.0	0.0	0.0	0.0	0.0	0.0	0.0	0.0	0.0	0.0	0.0	0.0	0.0	0.0	0.0	0.0	0.0	0.0	0.0	0.0	0.0	1.4650455633960878e-12	0.0
36.033	0.0	0.0	0.0	0.0	0.0	0.0	0.0	0.0	0.0	0.0	0.0	0.0	0.0	0.0	0.0	0.0	0.0	0.0	0.0	0.0	0.0	0.0	0.0	0.0	1.1424430972881095e-12	0.0	0.0	0.0	0.0	0.0
other	1.3948620936259577e-11	4.653792219083781e-12	0.0	6.010886102945863e-12	3.128203731987351e-12	3.856823259974556e-12	2.1876861970585633e-12	9.541367572616758e-13	1.6962737170846392e-12	3.060887567198283e-12	2.0964593237481625e-12	3.867884624968047e-12	3.5987726404660002e-12	3.935536200430189e-12	2.6522110995383366e-12	3.020225228291749e-12	6.7225309114593855e-12	3.681913827506493e-12	2.2152695440070707e-12	1.7129492345282463e-12	1.6619263505627309e-12	2.831783709329158e-12	3.9521638521647234e-13	1.1620504698712303e-12	7.616287315254062e-13	3.7550763506265485e-13	0.0	0.0	0.0	0.0
Bottom
other	0.0	0.0	0.0	0.0	0.0	0.0	0.0	0.0	0.0	0.0	0.0	0.0	0.0	0.0	0.0	0.0	0.0	0.0	0.0	0.0	0.0	0.0	0.0	0.0	0.0	0.0	0.0	0.0	0.0	0.0
Graph
other	1.3948620936259577e-11	4.653792219083781e-12	0.0	2.0036287009819543e-12	9.384611195962053e-12	2.5712155066497036e-12	0.0	2.862410271785028e-12	8.481368585423196e-13	7.652218917995707e-13	1.3976395491654416e-12	3.867884624968047e-12	1.7993863202330005e-12	2.8110972860215638e-12	2.1217688796306693e-12	1.0067417427639165e-12	3.8414462351196495e-12	3.681913827506493e-12	1.3291617264042426e-12	1.7129492345282463e-12	4.154815876406827e-13	2.022702649520827e-12	0.0	7.747003132474868e-13	1.5232574630508125e-12	3.7550763506265485e-13	0.0	0.0	1.4650455633960878e-12	0.0
C60
other	0.0	0.0	0.0	8.014514803927817e-12	3.128203731987351e-12	1.2856077533248518e-12	2.1876861970585633e-12	0.0	8.481368585423196e-13	2.2956656753987123e-12	6.988197745827208e-13	1.289294874989349e-12	1.7993863202330005e-12	2.248877828817251e-12	1.5913266597230021e-12	3.020225228291749e-12	5.762169352679474e-12	1.8409569137532466e-12	8.861078176028283e-13	0.0	1.2464447629220483e-12	8.090810598083309e-13	3.9521638521647234e-13	3.873501566237434e-13	3.808143657627031e-13	0.0	0.0	0.0	0.0	0.0
