dphi = 0.05235987755982988	first column is a mass, last row consists of all other masses	mass / surface of the sphere ring	scaled mass sums in consecutive angle intervals, last interval most often smaller (ends at pi/2)
Top
24.022	0.0	0.0	0.0	8.014514803927817e-12	9.384611195962053e-12	5.142431013299407e-12	1.7501489576468503e-11	1.1449641087140108e-11	5.088821151253918e-12	6.121775134396566e-12	4.192918647496325e-12	2.578589749978698e-12	4.798363520621334e-12	8.995511315269003e-12	3.1826533194460043e-12	2.013483485527833e-12	3.8414462351196495e-12	5.52287074125974e-12	1.7722156352056566e-12	3.4258984690564925e-12	1.6619263505627309e-12	0.0	0.0	7.747003132474868e-13	7.616287315254062e-13	7.510152701253097e-13	0.0	0.0	1.4650455633960878e-12	0.0
36.033	0.0	0.0	0.0	0.0	0.0	0.0	6.563058591175691e-12	2.862410271785028e-12	0.0	2.2956656753987123e-12	2.0964593237481625e-12	0.0	0.0	0.0	0.0	1.510112614145875e-12	0.0	0.0	0.0	0.0	0.0	0.0	0.0	0.0	1.1424430972881095e-12	0.0	0.0	0.0	0.0	0.0
2209579.593	0.0	8.561255779980155e-07	0.0	0.0	0.0	0.0	0.0	0.0	0.0	0.0	0.0	0.0	0.0	0.0	0.0	0.0	0.0	0.0	0.0	0.0	0.0	0.0	0.0	0.0	0.0	0.0	0.0	0.0	0.0	0.0
other	0.0	0.0	5.594774857126458e-12	8.014514803927817e-12	7.820509329968377e-12	1.0284862026598813e-11	6.563058591175689e-12	1.0495504329878433e-11	7.633231726880875e-12	5.356553242596994e-12	4.192918647496324e-12	3.223237187473372e-12	5.398158960699e-12	3.935536200430189e-12	4.773979979169006e-12	4.026966971055665e-12	1.9207231175598247e-12	3.681913827506493e-12	2.6583234528084845e-12	3.854135777688554e-12	1.2464447629220483e-12	0.0	1.1856491556494172e-12	3.873501566237434e-13	0.0	3.7550763506265485e-13	3.71350629837406e-13	3.682830416899266e-13	0.0	0.0
Bottom
other	0.0	0.0	0.0	0.0	0.0	0.0	0.0	0.0	0.0	0.0	0.0	0.0	0.0	0.0	0.0	0.0	0.0	0.0	0.0	0.0	0.0	0.0	0.0	0.0	0.0	0.0	0.0	0.0	0.0	0.0
Graph
other	0.0	8.561255779980155e-07	2.797387428563229e-12	1.6029029607855635e-11	9.384611195962053e-12	1.2856077533248517e-11	2.734607746323204e-11	2.003687190249519e-11	1.1025779161050153e-11	1.30087721605927e-11	9.78347684415809e-12	4.512532062462722e-12	8.397136161087334e-12	1.1244389144086253e-11	5.8348644189843405e-12	7.047192199347415e-12	3.3612654557296936e-12	5.52287074125974e-12	3.987485179212727e-12	6.4235596294809225e-12	2.4928895258440966e-12	0.0	7.904327704329447e-13	1.1620504698712303e-12	1.9040718288135157e-12	1.1265229051879647e-12	3.71350629837406e-13	3.682830416899266e-13	1.4650455633960878e-12	0.0
C60
other	0.0	0.0	2.797387428563229e-12	0.0	7.820509329968377e-12	2.5712155066497036e-12	3.2815292955878453e-12	4.770683786308379e-12	1.6962737170846392e-12	7.652218917995707e-13	6.988197745827208e-13	1.289294874989349e-12	1.7993863202330005e-12	1.6866583716129384e-12	2.1217688796306693e-12	5.033708713819583e-13	2.400903896949781e-12	3.681913827506493e-12	4.4305390880141416e-13	8.564746172641231e-13	4.154815876406827e-13	0.0	3.9521638521647234e-13	0.0	0.0	0.0	0.0	0.0	0.0	0.0
