dphi = 0.05235987755982988	first column is a mass, last row consists of all other masses	mass / surface of the sphere ring	scaled mass sums in consecutive angle intervals, last interval most often smaller (ends at pi/2)
Top
24.022	2.7897241872519153e-11	2.792275331450269e-11	0.0	8.014514803927817e-12	3.128203731987351e-12	0.0	4.3753723941171266e-12	9.541367572616757e-12	5.088821151253918e-12	3.060887567198283e-12	2.7952790983308833e-12	0.0	4.798363520621334e-12	2.248877828817251e-12	1.0608844398153346e-12	3.02022522829175e-12	2.8810846763397373e-12	1.8409569137532466e-12	8.861078176028283e-13	8.564746172641231e-13	2.4928895258440966e-12	0.0	1.5808655408658894e-12	1.5494006264949737e-12	0.0	0.0	7.42701259674812e-13	0.0	0.0	0.0
36.033	0.0	0.0	0.0	0.0	0.0	3.856823259974556e-12	0.0	2.862410271785028e-12	0.0	0.0	0.0	0.0	0.0	0.0	0.0	1.510112614145875e-12	1.4405423381698686e-12	0.0	1.3291617264042426e-12	0.0	0.0	0.0	0.0	0.0	0.0	0.0	0.0	0.0	0.0	0.0
other	0.0	1.3961376657251346e-11	1.1189549714252916e-11	1.602902960785563e-11	1.0948713061955726e-11	5.142431013299407e-12	5.469215492646408e-12	8.587230815355082e-12	5.088821151253917e-12	6.8869970261961354e-12	4.192918647496324e-12	4.512532062462721e-12	3.5987726404660002e-12	3.3733167432258764e-12	0.0	6.543821327965457e-12	2.881084676339737e-12	3.681913827506493e-12	8.861078176028283e-13	8.564746172641231e-13	2.492889525844096e-12	1.2136215897124964e-12	7.904327704329447e-13	7.747003132474868e-13	7.616287315254062e-13	0.0	0.0	0.0	0.0	0.0
Bottom
other	0.0	0.0	0.0	0.0	0.0	0.0	0.0	0.0	0.0	0.0	0.0	0.0	0.0	0.0	0.0	0.0	0.0	0.0	0.0	0.0	0.0	0.0	0.0	0.0	0.0	0.0	0.0	0.0	0.0	0.0
Graph
other	0.0	1.3961376657251346e-11	2.797387428563229e-12	8.014514803927817e-12	7.820509329968377e-12	6.4280387666242586e-12	6.563058591175691e-12	1.5266188116186812e-11	8.481368585423195e-12	8.417440809795277e-12	6.2893779712444866e-12	3.223237187473372e-12	5.997954400776667e-12	5.059975114838815e-12	1.0608844398153346e-12	1.0067417427639163e-11	6.722530911459387e-12	4.602392284383116e-12	2.6583234528084853e-12	1.7129492345282463e-12	4.985779051688192e-12	1.2136215897124964e-12	2.3712983112988344e-12	2.3241009397424607e-12	7.616287315254062e-13	0.0	7.42701259674812e-13	0.0	0.0	0.0
C60
other	2.7897241872519153e-11	2.792275331450269e-11	8.392162285689687e-12	1.6029029607855635e-11	6.256407463974702e-12	2.5712155066497036e-12	3.2815292955878453e-12	5.724820543570054e-12	1.6962737170846392e-12	1.5304437835991415e-12	6.988197745827208e-13	1.289294874989349e-12	2.399181760310667e-12	5.622194572043128e-13	0.0	1.0067417427639165e-12	4.801807793899562e-13	9.204784568766233e-13	4.4305390880141416e-13	0.0	0.0	0.0	0.0	0.0	0.0	0.0	0.0	0.0	0.0	0.0
