dphi = 0.05235987755982988	first column is a mass, last row consists of all other masses	mass / surface of the sphere ring	scaled mass sums in consecutive angle intervals, last interval most often smaller (ends at pi/2)
Top
24.022	2.7897241872519153e-11	0.0	0.0	0.0	3.128203731987351e-12	2.5712155066497036e-12	2.1876861970585633e-12	1.9082735145233515e-12	0.0	0.0	1.3976395491654416e-12	3.8678846249680474e-12	2.399181760310667e-12	1.1244389144086255e-12	2.1217688796306693e-12	1.0067417427639165e-12	0.0	9.204784568766233e-13	0.0	0.0	0.0	0.0	0.0	0.0	7.616287315254062e-13	0.0	0.0	0.0	0.0	0.0
72.066	0.0	0.0	0.0	0.0	0.0	0.0	0.0	0.0	0.0	0.0	0.0	0.0	0.0	0.0	0.0	0.0	0.0	0.0	0.0	0.0	0.0	0.0	0.0	0.0	2.2848861945762185e-12	0.0	0.0	0.0	0.0	0.0
60.055	0.0	0.0	0.0	0.0	0.0	0.0	0.0	0.0	0.0	0.0	0.0	0.0	0.0	0.0	2.6522110995383366e-12	0.0	0.0	0.0	0.0	0.0	0.0	0.0	0.0	0.0	0.0	0.0	0.0	0.0	0.0	0.0
36.033	0.0	0.0	0.0	0.0	0.0	0.0	0.0	0.0	0.0	0.0	0.0	0.0	0.0	0.0	0.0	1.510112614145875e-12	0.0	0.0	0.0	0.0	0.0	0.0	0.0	0.0	0.0	0.0	0.0	0.0	0.0	0.0
other	0.0	4.653792219083781e-12	0.0	2.0036287009819543e-12	1.5641018659936755e-12	2.5712155066497036e-12	1.0938430985292816e-12	3.816547029046703e-12	5.9369580097962364e-12	5.356553242596994e-12	3.4940988729136037e-12	5.80182693745207e-12	4.798363520621333e-12	2.8110972860215638e-12	4.2435377592613385e-12	3.020225228291749e-12	2.881084676339737e-12	2.76143537062987e-12	1.7722156352056566e-12	2.1411865431603078e-12	2.0774079382034135e-12	8.090810598083309e-13	7.904327704329447e-13	1.936750783118717e-12	3.808143657627031e-13	7.510152701253097e-13	3.71350629837406e-13	3.682830416899266e-13	0.0	3.6525749383522385e-13
Bottom
other	0.0	0.0	0.0	0.0	0.0	0.0	0.0	0.0	0.0	0.0	0.0	0.0	0.0	0.0	0.0	0.0	0.0	0.0	0.0	0.0	0.0	0.0	0.0	0.0	0.0	0.0	0.0	0.0	0.0	0.0
Graph
other	2.7897241872519153e-11	4.653792219083781e-12	0.0	2.0036287009819543e-12	4.692305597981027e-12	5.142431013299407e-12	2.1876861970585633e-12	5.724820543570056e-12	3.3925474341692784e-12	2.2956656753987123e-12	2.7952790983308833e-12	5.80182693745207e-12	4.798363520621334e-12	1.6866583716129384e-12	6.365306638892008e-12	3.02022522829175e-12	1.4405423381698686e-12	2.76143537062987e-12	1.3291617264042426e-12	1.284711925896185e-12	1.2464447629220483e-12	0.0	3.9521638521647234e-13	1.936750783118717e-12	3.427329291864328e-12	3.7550763506265485e-13	0.0	3.682830416899266e-13	0.0	0.0
C60
other	0.0	0.0	0.0	0.0	0.0	0.0	1.0938430985292816e-12	0.0	2.544410575626959e-12	3.060887567198283e-12	2.0964593237481625e-12	3.867884624968047e-12	2.399181760310667e-12	2.248877828817251e-12	2.6522110995383366e-12	2.5168543569097913e-12	1.4405423381698686e-12	9.204784568766233e-13	4.4305390880141416e-13	8.564746172641231e-13	8.309631752813654e-13	8.090810598083309e-13	3.9521638521647234e-13	0.0	0.0	3.7550763506265485e-13	3.71350629837406e-13	0.0	0.0	3.6525749383522385e-13
