id	name	mass [g/mol]	latitude [rad]	longitude [rad]
Top
15194	C368018	4420264.197985689	0.5394314371991509	1.7193823486992637
15195	C	12.011	0.8022858091455428	-2.304848946026706
15196	C2	24.022	0.27835215202989205	0.35201429656073113
15197	C	12.011	0.9331919919500283	0.11558917684804504
15198	C2	24.022	0.3189284616638463	-2.922131109331634
15199	C2	24.022	0.6470631647447876	-0.03675269350106134
15200	C3	36.033	0.7835610750855506	-2.2123566856231256
15201	C2	24.022	0.6388624415723989	-2.482546232782082
15202	C2	24.022	0.596987346756523	-2.4946800222268735
15203	C2	24.022	0.69135674255813	-0.6563024362003919
15204	C2	24.022	0.4951570795771315	-1.2828346147587666
15205	C2	24.022	0.23344588673100605	-3.1160032285700323
15206	C2	24.022	0.5930053477426327	-2.9636938726869237
15207	C2	24.022	0.6699370723397042	-1.9014176359549948
15208	C2	24.022	0.46857981832270507	2.4352649586966364
15209	C2	24.022	0.48414031396050916	-0.6707715264791727
15210	C2	24.022	0.4420069203613748	-1.6441234331861212
15211	C	12.011	0.7873596839525911	2.579904590079409
15212	C2	24.022	0.5428406787500158	1.8770541005499293
15213	C	12.011	0.18544772040639068	-2.7010115601589084
15214	C2	24.022	0.7722285254398606	-2.7751954146248545
15215	C2	24.022	0.3657562921663988	2.3832259138878573
15216	C2	24.022	1.1101983660226649	2.732543952811737
15217	C2	24.022	0.47944675368952516	-2.091570656740817
15218	C2	24.022	1.193169088172994	2.701745800660301
15219	C2	24.022	0.8244365244392161	-2.252052058306504
15220	C3	36.033	0.7302243111827891	0.8144795725303712
15221	C2	24.022	0.39902136047530534	2.321405783379379
15222	C	12.011	0.47432134180431934	3.0096886190172527
15223	C2	24.022	0.43065432111002966	2.2621166851730172
15224	C2	24.022	0.13463540938553983	2.990854698424709
15225	C2	24.022	1.5187750594876004	2.2098820624393647
15226	C2	24.022	1.0087656248262091	2.6719868375223745
15228	C3	36.033	0.48206907366131313	0.8970422869966379
15229	C2	24.022	0.5087194040576953	2.0653734698242117
15230	C2	24.022	1.2449260929882042	-0.4817882423691287
15231	C	12.011	0.6700320596494451	-0.6967202589449999
15232	C	12.011	0.7172894107953154	-1.7103568138674943
15233	C2	24.022	0.9494059612221206	-2.2778289710068425
15234	C2	24.022	0.39688946716550205	2.1486322035302203
15235	C2	24.022	0.07036430020647992	-1.502960678927733
15236	C3	36.033	0.3286972807283385	-1.3564807862085164
15237	C3	36.033	0.45315830222831616	-1.4526491249640836
15238	C3	36.033	0.5190599389296738	-0.711481322322747
15239	C2	24.022	0.6067797323759612	0.2352856221474936
15240	C3	36.033	0.34839291561152025	-2.3293491367362202
15241	C2	24.022	0.34788512640093994	-2.992363072288489
15242	C2	24.022	1.4002233216034625	-2.017537675424285
15243	C2	24.022	1.0996823740510393	0.37753875130791
15244	C2	24.022	0.49091329732952904	3.061448335946919
15245	C3	36.033	0.06884853488082185	-0.49891418030579476
15246	C2	24.022	0.8433167776980208	-0.1712051455216199
15247	C	12.011	0.7300472308385862	-0.08848051471691179
15248	C2	24.022	0.19494982236330205	-0.2198438262612471
15249	C	12.011	0.8435328692660862	-0.28537303520358426
15250	C	12.011	0.937428417082084	-1.9892895264940758
15251	C2	24.022	1.4190503660749623	-0.9892940205170349
15252	C2	24.022	0.5208141951269332	-1.991280648829109
15253	C2	24.022	0.9657838832902459	-2.022380902440484
15254	C2	24.022	1.357372150151406	-1.0099948055415768
15255	C	12.011	0.8457497884457102	-1.4197380904657988
15256	C4	48.044	0.16526351702785042	-0.8000095389375798
15257	C	12.011	0.7445021239469641	-0.5500559556311657
15258	C2	24.022	0.44831058906485294	-2.251989739769377
15259	C2	24.022	0.18989127453606527	2.9461957829153698
15260	C2	24.022	0.37662145246990447	-1.330741381753324
15261	C2	24.022	0.5744981561086834	-1.169342639324179
15262	C2	24.022	0.5148671967501733	-1.9578747569739674
15263	C	12.011	0.4207964039062661	1.5075261382770426
15264	C2	24.022	0.5633968541751464	-1.5104667961267368
15265	C2	24.022	0.8864968645744912	-0.8518666746197046
15266	C2	24.022	0.9195435609806972	-1.0949482346821473
15267	C2	24.022	0.1706338074863849	-0.1911745329408145
15268	C	12.011	0.7395159125679363	-0.6481372751467878
15271	C2	24.022	0.4165999561717832	-2.7171646718992437
15275	C2	24.022	0.3722984374555856	-2.3554025288081646
15278	C3	36.033	0.27580366672920953	-2.9016279246948407
15280	C2	24.022	0.7050875981843402	0.02194203703942389
15281	C4	48.044	0.5300002638503919	-0.16782282740479415
15282	C2	24.022	0.7445492511684941	2.9433590595715855
15283	C3	36.033	0.45176996914534095	-1.8758370903424928
15284	C	12.011	0.6608887677080911	1.5552531653923514
15285	C	12.011	0.12426546626793801	2.6571911480505355
15286	C	12.011	0.29553171089670166	-2.157268429636583
15287	C	12.011	0.5481812976626179	-0.584527714352473
15288	C	12.011	0.2806254472525608	-2.9428051695729245
15289	C	12.011	0.6869749960023748	-1.5343659636309028
15290	C	12.011	0.454168855120884	0.31995187353676097
15292	C	12.011	0.11636794985163675	1.6854468259964512
15293	C2	24.022	0.5580557752958288	-0.6572501817423017
15294	C2	24.022	0.7257713484859403	0.06684482849552069
15295	C2	24.022	1.484920825602076	-2.8989945124616
15296	C	12.011	0.6817989169562585	-3.1195658009274476
15298	C	12.011	0.12412776320835947	2.5226103713580232
15299	C	12.011	1.0943892616921624	-0.04397574305129982
15302	C2	24.022	0.421629151753912	-2.4966492432384664
15303	C4	48.044	1.1137307290900085	-2.8413946841543036
15304	C2	24.022	0.6070833110294404	-0.9826396343027555
15305	C	12.011	1.0868692065603196	3.1097092000621
15306	C2	24.022	0.2563699986983652	1.0189793443794586
15307	C	12.011	0.4812417519755935	-2.2814252641347808
15308	C2	24.022	0.1137407898273624	-0.39857192726948515
15309	C2	24.022	0.41091346180023947	1.9807305520285525
15310	C	12.011	0.28506019592221743	1.1098229852180843
15311	C2	24.022	0.04035643788431283	1.5816521619341335
15312	C2	24.022	0.6866579957205176	2.2037070486318067
15313	C3	36.033	0.4158113815864966	2.8644552749207786
15314	C3	36.033	0.5002882308782389	2.1655872254710973
15315	C2	24.022	0.5926441220459688	-2.0781020249994837
15317	C2	24.022	0.09589253299804355	0.4337999845714944
15318	C	12.011	0.5234520643782175	-1.1302098924120139
15319	C	12.011	0.19389515815793024	-1.3227469920802082
15320	C	12.011	0.1546731672212785	-1.5948622440985583
15321	C2	24.022	1.0895072422453471	-1.363331427354371
15322	C	12.011	0.3292974486002786	-2.3938350630373497
15323	C2	24.022	0.8852477822387288	2.8640898400156374
15324	C3	36.033	0.9089427037677369	-0.7276443024815371
15325	C2	24.022	0.6731485512196128	1.9661406887388193
15326	C2	24.022	0.6144632020358282	-2.2615305567204222
15327	C2	24.022	0.7100704915298515	2.0427320668283384
15328	C2	24.022	0.479527217844493	-2.185026671487046
15329	C3	36.033	0.667290271921686	-1.5865774580531147
15330	C2	24.022	0.7839857138510563	-0.7219042964329663
15331	C2	24.022	0.8404074558624638	1.8740594633455665
15332	C2	24.022	0.4732071742790213	-0.10976960229675017
15333	C	12.011	0.38228635798089244	-2.0051091148384654
15334	C	12.011	0.7013130194309519	-2.968820271384138
15335	C	12.011	0.6651967583250736	-2.3469434139043943
15336	C2	24.022	0.2686000422007837	0.4878385094400607
15337	C2	24.022	0.4744642244108604	2.345934077443302
15338	C2	24.022	0.7343474332295298	0.7866967431511741
15339	C	12.011	0.5673055266326484	-2.759900124001787
15340	C2	24.022	0.8083225839586319	1.1200657492328285
15341	C	12.011	0.8066332821054972	0.965836096596163
15342	C2	24.022	0.8076702124069697	1.2543817686007277
15343	C3	36.033	0.6875909364432151	-1.6557548997783846
15344	C2	24.022	0.3161826685684702	2.9842928331073835
15345	C3	36.033	0.1379687387199967	-2.093265290574916
15346	C2	24.022	0.2922562540530039	2.1713790619941897
15347	C2	24.022	0.8281954006629921	-1.180194465870717
15348	C	12.011	0.8542529733271775	0.7437263392565308
15349	C2	24.022	0.596336073947971	2.2677574716093725
15350	C	12.011	0.4367313866022438	0.038175801730023586
15351	C	12.011	0.7620740530902554	1.1669333045749724
15352	C2	24.022	0.2021110903364801	0.3363673801552118
15353	C3	36.033	0.5406180053620498	-2.315803459268113
15354	C2	24.022	0.4818314801048052	-0.8648333514347512
15355	C3	36.033	0.5302525971921658	2.087816602340996
15357	C2	24.022	0.4961745508427049	0.39113857026598836
15358	C2	24.022	0.9915197920345181	0.2844773169193932
15359	C2	24.022	0.3147889300174949	-0.030469362423683442
15360	C2	24.022	1.14153138968808	2.068534809532926
15361	C2	24.022	0.40252924379100596	-2.7322865350680994
15362	C2	24.022	0.4911381306065933	-2.7381841311300326
15363	C2	24.022	0.623672331784741	-3.1171906901542927
15364	C2	24.022	0.3841894472715199	0.6095229270351818
15365	C2	24.022	0.8523773170051213	0.24014574068201078
15366	C3	36.033	0.6469998128163242	-2.485195975060474
15367	C3	36.033	0.7229602664639435	-0.6499509606910482
15368	C2	24.022	0.3379703354469255	-2.9920984537717343
15369	C2	24.022	0.5656875561174031	1.550431758601534
15370	C2	24.022	0.6430681774662531	-0.9103042969227223
15371	C3	36.033	0.7376873977476753	2.2131581932335442
15372	C2	24.022	0.22017697013288104	-1.583962076604082
15373	C	12.011	0.5372965899573134	0.5794467899454261
15374	C2	24.022	0.7819368032627214	-2.648915796145393
15375	C	12.011	0.2247175812683329	-0.2931049334763019
15376	C	12.011	0.8783126887859082	-0.24738131532331573
15377	C	12.011	0.7095072017481784	-2.704409541317684
15378	C	12.011	0.26097420388236675	-2.6374720847619817
15379	C2	24.022	0.6241664026484338	-0.8936329354211877
15380	C2	24.022	0.7092148061773637	-2.28298706517451
15381	C2	24.022	0.26763474739252374	0.12146569226341221
15382	C	12.011	0.231029221078307	2.554054312488111
15383	C2	24.022	0.25419059517082676	2.1330612372681355
15384	C2	24.022	0.6320490860192911	-0.23173721494294058
15385	C3	36.033	0.44425449681712814	-0.6310571490236278
15386	C2	24.022	0.3657582623276169	1.2930006942234327
15387	C2	24.022	0.6712459805071721	1.5886555992050555
15388	C2	24.022	0.2933508612108241	2.6947937953251864
15389	C2	24.022	0.4044326754182424	-1.9032249509874388
15390	C	12.011	0.19754205374237363	1.6498804127254103
15391	C	12.011	0.8442123532498168	-0.9247623985595264
15392	C2	24.022	0.4093142423389002	0.4894100932416931
15393	C2	24.022	0.6386082064936726	-1.1600293001283675
15394	C2	24.022	0.5695871692968124	1.5725151326315572
15395	C	12.011	0.514451472223177	-1.2329598769137926
15396	C	12.011	0.5602853647462436	1.638774285285268
15397	C2	24.022	0.6260840527798012	-0.4657235239573472
15398	C2	24.022	0.19147522679586743	0.9451216739016151
15399	C3	36.033	0.37132888935394487	2.365251057442347
15400	C2	24.022	1.226156852656521	0.5381026743142187
15401	C	12.011	0.8079749845291426	0.40523376722148746
15402	C2	24.022	0.24786964827759078	0.45781752164778894
15403	C2	24.022	0.6669431356901023	-0.24985817034275815
15404	C2	24.022	0.1700057278616952	-1.4276385578778654
15405	C3	36.033	0.997885005438376	-2.8149497600010123
15406	C	12.011	0.9336580751449033	1.982339104851524
15407	C2	24.022	0.38237490448307326	2.4344858674097303
15408	C	12.011	0.5554326366279996	-0.11843320730822421
15409	C2	24.022	0.6198551804029196	1.6061736908586772
15410	C	12.011	0.8510055459008363	0.6466245842058677
15411	C2	24.022	0.49455647462485	-0.5006126179375259
15412	C	12.011	0.3027464873041461	-1.7595218943346689
15413	C2	24.022	0.6409622428942128	-1.879028226482592
15414	C2	24.022	0.1625167864487757	-0.13420713370931775
15415	C2	24.022	0.33473567477994476	-1.8459867200621072
15416	C	12.011	0.8964956549865633	-1.0839365514305346
15417	C	12.011	0.332573063011073	-1.7822780583880555
15418	C2	24.022	0.6231349330973712	-1.6895608074725044
15419	C	12.011	0.43528452581706245	0.9611009763434619
15420	C2	24.022	0.17997861389564412	-0.959145343216466
15421	C	12.011	0.508648393182433	-1.8249445159383333
15422	C3	36.033	0.2638534391390585	-0.2076121796703776
15423	C	12.011	1.123967713030996	0.07860818684555275
15424	C2	24.022	0.8072712059635784	-0.972359687717856
15425	C2	24.022	0.11138679923346598	1.9665375909398055
15426	C	12.011	0.7077583815747578	1.0569808937938565
15427	C2	24.022	0.5905101152122635	1.5572880639192135
15428	C3	36.033	0.6032516185921803	3.119130783256086
15429	C	12.011	0.8936197561573616	-1.910430560779855
15430	C	12.011	1.075275671872617	-0.9830568875170738
15431	C2	24.022	0.3460768946691162	-1.0550904676770065
15432	C2	24.022	0.7455146674922666	-1.5639710247607097
15433	C	12.011	0.39178995014235446	2.845390584545779
15434	C2	24.022	0.533359216618393	0.653492383751616
15435	C	12.011	0.8593797661226003	0.0034263944581278453
15436	C	12.011	0.5623090519448147	-1.36592540138676
15437	C2	24.022	0.4632499249734001	1.6655469394273896
15438	C2	24.022	0.12176687830620277	-2.2728266878843844
15439	C	12.011	0.13649850926077892	2.4760082632050717
15440	C2	24.022	0.26172933632514217	-0.5436555289816951
15441	C2	24.022	1.4417768897559031	0.5592436330225926
15442	C2	24.022	0.12295284695786653	-2.843201995663154
15443	C2	24.022	0.683039983277499	2.009964818312767
15444	C2	24.022	0.6392065806638783	0.2102030135941582
15445	C	12.011	0.3286099823839585	0.30752381413536645
15446	C	12.011	0.8826874822647701	1.294221535616005
15447	C2	24.022	0.31968763452214705	0.10629674153328379
15448	C2	24.022	0.33979060448022375	1.4638475600929506
15449	C2	24.022	0.5889326113593097	2.4229097698634745
15450	C3	36.033	0.7419333296756344	2.395062510808479
15451	C2	24.022	0.999984858535272	1.123666901605547
15452	C3	36.033	0.5628468745611402	2.772638638528667
15453	C	12.011	1.0236343181519452	-3.0177969822232136
15454	C2	24.022	0.7070986529218176	1.3584128323280538
15455	C3	36.033	0.5882028399509631	2.5013079474414393
15456	C2	24.022	0.18180546315575477	-2.1898707052246813
15457	C2	24.022	0.33752011558298867	0.8297352543275849
15458	C2	24.022	0.9832332110062276	2.490332464421533
15459	C2	24.022	0.6624938284910321	2.6811844896992847
15460	C2	24.022	0.7582406429648973	1.2909114886370407
15461	C2	24.022	0.7727231862044196	0.8593910510185391
15462	C2	24.022	1.2204155162969443	-0.322653206628555
15463	C	12.011	0.28861454654250734	1.261368300986379
15464	C	12.011	0.9667322388074994	2.095684508898187
15465	C2	24.022	0.6032684780241936	1.4958940316409102
15466	C3	36.033	0.566105274799772	1.8143685149918964
15467	C2	24.022	0.08112690973285579	-2.7247643736217046
15468	C2	24.022	0.982590091740387	1.1964071929201352
15469	C	12.011	0.4245532825574221	0.8652424902034972
15470	C2	24.022	0.7868502349052695	2.5212073910619757
15471	C	12.011	1.033039913918098	-0.31576768408518324
15472	C	12.011	0.23843984737326485	-0.07389738923486676
15473	C2	24.022	0.546725223378603	3.099495360703986
15474	C2	24.022	0.6175463605854176	1.3694896491065038
15475	C2	24.022	0.48613427901249223	-2.659977963032992
15476	C3	36.033	0.5339566397651172	1.5692648775380653
15477	C	12.011	0.8272452554448704	2.351575869125503
15478	C2	24.022	0.32069222120276203	0.03252212443916436
15479	C	12.011	0.5070006100924032	2.898973694601838
15480	C2	24.022	0.9227854508569233	1.7740708336729627
15481	C	12.011	0.5965457273790161	1.1308664603711054
15482	C2	24.022	0.32476546226575664	-2.282778722095957
15483	C	12.011	1.091907453905692	-1.1539613983158739
15484	C	12.011	0.3117750118822628	-0.926118426479404
15485	C	12.011	0.13213481429142682	2.176652573524443
15486	C2	24.022	0.601586690392375	-0.24439574468570383
15487	C	12.011	0.5880373254720401	1.5759615795980308
15488	C2	24.022	0.2007297075932892	2.9554284714923926
15489	C	12.011	0.7321042907624149	0.605001830231549
15490	C	12.011	0.8635886834352028	-1.303242274035361
15491	C2	24.022	0.4651573491334739	-2.7456453856766516
15492	C	12.011	0.35577328581057	-0.5363281607659097
15493	C	12.011	0.7731336425781199	-1.0162810705536656
15494	C	12.011	0.6190048523877768	-1.3003723126730264
15495	C2	24.022	0.7393936631250544	-0.4002215621835742
15496	C	12.011	0.2974039123788388	3.0693264850861652
15497	C2	24.022	0.7172063983714907	-1.0171075435486785
15498	C	12.011	0.5867029329690165	-0.23830100471537763
15499	C	12.011	0.6943340786356871	-1.0662126157784289
15500	C2	24.022	0.06530740869004437	-2.2718190874027306
15501	C	12.011	0.5868833264733108	-0.5829092929700392
15502	C	12.011	0.6405833090983533	-0.5828013129945049
15503	C	12.011	0.6198118418091814	-0.6501478665336919
15504	C	12.011	0.29449424955512404	0.08774863544885879
15505	C2	24.022	1.0511106302355129	1.5253520450854152
15506	C2	24.022	0.328116830634338	1.0478284136773757
15507	C2	24.022	0.3375133733633405	-1.1112701232417694
15508	C	12.011	1.0052215456170408	-3.1277590332160776
15509	C	12.011	0.9051367840699175	0.950816465551049
15510	C	12.011	0.6363695993390329	-0.06850091173697273
15511	C	12.011	0.5503146317545543	-2.932305318964507
15512	C	12.011	0.8680885696881568	-1.1044264275250317
15513	C	12.011	0.4363469366266292	-0.23088461225615986
15514	C	12.011	0.48917427131798313	-0.9103593231881398
15515	C	12.011	0.2241106026538878	0.24274551823861565
15516	C	12.011	0.6709320867056581	-2.4811403471613427
15517	C	12.011	0.853484683737571	0.43293054106807055
15518	C	12.011	0.5245814534907896	2.9960038215379474
15519	C	12.011	0.4703764486178316	2.4871278274899984
15520	C	12.011	0.6636776282261837	-0.9077157897099943
15521	C	12.011	0.6146030882417489	0.49927042941280586
15522	C	12.011	0.7339441063092381	-0.7168108158403155
15523	C2	24.022	0.6376715272817574	-1.5012538358691585
15524	C	12.011	1.0671115033537288	0.45358668486445286
15525	C2	24.022	0.42384101562829374	1.5607895354074452
15526	C	12.011	0.5792700184945013	2.164600636407111
15527	C	12.011	1.0809844736873169	-0.8015975600619076
15528	C	12.011	0.6290969064737671	0.6543156761964138
15529	C	12.011	1.1753804774862733	-0.9333374261927748
15530	C2	24.022	0.21466410384933057	0.3025050295363859
15531	C	12.011	1.1234666835780986	0.9105349385931071
15532	C2	24.022	0.38812043314706596	2.1697642846942893
15533	C	12.011	0.6550502970919527	1.5184243170009386
15534	C2	24.022	0.3187703848491153	-0.15416193491276722
15535	C	12.011	0.13795877143606944	2.6542432680900365
15536	C	12.011	0.722307338265178	0.648990002448131
15537	C	12.011	0.4370559473290067	-2.928378809540557
15538	C	12.011	0.7915628991232362	2.14251513582566
15539	C3	36.033	0.4159993913198791	-0.1254370700754233
15540	C	12.011	0.7302801100149227	-1.2438874104499347
15541	C	12.011	0.513016582933548	0.5552102384231025
15542	C2	24.022	0.8696050462083107	0.6995076260167877
15543	C2	24.022	0.37315842602255783	-2.4347184697173514
15544	C2	24.022	0.12182056277868014	-2.115266407220589
15545	C	12.011	0.31222109171330065	0.3025257315209124
15546	C2	24.022	0.9174775921776093	0.3328086199199691
15547	C2	24.022	0.2736181274002987	0.9393679058009607
15548	C	12.011	1.1366483357381392	0.3909110377970415
15549	C2	24.022	0.7540572868666956	0.18695786076952395
15550	C	12.011	0.7900186056599615	0.3416263332626817
15551	C2	24.022	0.18571230526670462	2.5361380284948325
15552	C2	24.022	0.5936352206165296	3.089590442680072
15553	C	12.011	0.3031453231272031	2.5648145500441695
15554	C	12.011	0.4818726010409062	-0.045435753143533326
15555	C	12.011	0.5604784082984907	0.19396851405053822
15556	C	12.011	0.5936513814434653	1.0221530805496386
15557	C2	24.022	1.070480030963192	0.6991113180787943
15558	C2	24.022	0.5186103863941618	1.4799556526403752
15559	C	12.011	0.9313608523816347	0.6541034408095412
15560	C	12.011	0.513468201368265	0.7689843820348258
15561	C2	24.022	0.8017766889672461	2.056635494712361
15562	C2	24.022	0.9968862415410679	2.881589491805677
15563	C2	24.022	0.5567100554343709	1.9944512692007634
15564	C2	24.022	0.23635420117515643	-3.0440516223894862
15565	C	12.011	1.5156569001230054	-0.1466809542693382
15566	C2	24.022	0.3003061170402811	2.0783147785854528
15567	C	12.011	0.8050621973950816	2.4394344532661045
15568	C2	24.022	1.155992787681154	1.3971582326440677
15569	C2	24.022	1.3594708336368095	0.6053692064576929
15570	C2	24.022	1.1968521355518424	2.834609310485049
15571	C	12.011	0.8541750374891673	0.4112580237368294
15572	C	12.011	0.5419287695005228	1.5436957662007116
15573	C	12.011	0.23435004083304084	1.2958912306422747
15574	C	12.011	0.8369740221800082	0.6062414486045851
15575	C	12.011	0.9745332837294908	1.406881613038165
15576	C2	24.022	0.36339198674076023	0.27989959765307404
15577	C	12.011	0.12265531431382873	1.4160089015017723
15578	C	12.011	0.9891971209376758	-2.0045030234274863
15579	C	12.011	0.33760201797277317	0.8108371913130765
15580	C	12.011	0.976584238049587	0.8991062571851661
15581	C	12.011	0.9326407501547518	-1.4501483482166502
15582	C	12.011	0.19369386836653543	-0.09032731932604127
15583	C	12.011	0.40478482339040744	-2.6960279920570067
15584	C	12.011	0.7466329506419488	-0.4019116349797194
15585	C	12.011	0.42068507486490647	0.07277803433832386
15586	C	12.011	0.4197789653618224	-2.471445910499635
15587	C	12.011	0.9804738750711849	1.1211580564118768
15588	C	12.011	0.31966310555413807	1.3830423069224504
15589	C	12.011	0.2487863839966503	0.4456319777081982
15590	C	12.011	0.34814775418110094	1.5422291853065917
15591	C	12.011	1.07626701112434	2.774778563685292
15592	C	12.011	0.5965482799392416	0.5656609229025822
15593	C	12.011	0.7042548495536696	-0.8310189049521387
15594	C	12.011	0.47717689863590457	-1.036266354456852
15595	C	12.011	0.42936424991782696	2.7306773848181507
15596	C	12.011	0.6171478221504496	2.8630644630984787
15597	C	12.011	0.48090762088874306	-2.1527958464259878
15598	C	12.011	0.1924240396740029	-1.3833329905835499
15599	C	12.011	0.4119806334116288	2.6369533511549648
15600	C	12.011	0.6124361338739472	-1.817315242661175
15601	C	12.011	0.07854262998698369	0.16904856306912006
15602	C	12.011	0.3107470033327443	2.803780974925036
15603	C	12.011	0.8870572546205471	-0.5470199506331483
15604	C	12.011	0.2975213225943662	0.32160031844410264
15605	C	12.011	0.07898666185956997	2.51054645558914
15606	C	12.011	1.1228606754785373	-0.17879676141900291
15607	C	12.011	0.8521219677728077	-2.00651146098409
15608	C2	24.022	0.7481880120804567	2.233079962595362
Bottom
