dphi = 0.05235987755982988	first column is a mass, last row consists of all other masses	mass / surface of the sphere ring	scaled mass sums in consecutive angle intervals, last interval most often smaller (ends at pi/2)
Top
24.022	0.0	0.0	0.0	0.0	3.128203731987351e-12	0.0	2.1876861970585633e-12	1.9082735145233515e-12	3.3925474341692784e-12	1.5304437835991415e-12	1.3976395491654416e-12	1.289294874989349e-12	2.399181760310667e-12	0.0	1.0608844398153346e-12	2.013483485527833e-12	1.9207231175598247e-12	0.0	1.7722156352056566e-12	8.564746172641231e-13	2.4928895258440966e-12	0.0	7.904327704329447e-13	7.747003132474868e-13	7.616287315254062e-13	0.0	0.0	0.0	0.0	0.0
36.033	0.0	0.0	0.0	0.0	4.692305597981027e-12	0.0	0.0	2.862410271785028e-12	0.0	0.0	0.0	0.0	0.0	0.0	0.0	0.0	0.0	0.0	0.0	0.0	0.0	0.0	0.0	0.0	0.0	0.0	0.0	0.0	0.0	0.0
other	0.0	9.307584438167562e-12	5.594774857126458e-12	2.0036287009819543e-12	0.0	1.2856077533248518e-12	1.0938430985292816e-12	2.862410271785028e-12	4.2406842927115974e-12	2.2956656753987123e-12	4.192918647496324e-12	3.867884624968047e-12	6.597749840854334e-12	4.497755657634501e-12	3.182653319446004e-12	2.013483485527833e-12	2.881084676339737e-12	1.8409569137532466e-12	3.1013773616098987e-12	2.997661160424431e-12	1.6619263505627309e-12	1.6181621196166618e-12	1.9760819260823615e-12	3.873501566237434e-13	7.616287315254062e-13	0.0	7.42701259674812e-13	0.0	0.0	0.0
Bottom
other	0.0	0.0	0.0	0.0	0.0	0.0	0.0	0.0	0.0	0.0	0.0	0.0	0.0	0.0	0.0	0.0	0.0	0.0	0.0	0.0	0.0	0.0	0.0	0.0	0.0	0.0	0.0	0.0	0.0	0.0
Graph
other	0.0	9.307584438167562e-12	5.594774857126458e-12	2.0036287009819543e-12	7.820509329968377e-12	1.2856077533248518e-12	3.2815292955878453e-12	6.6789573008317314e-12	7.633231726880875e-12	3.060887567198283e-12	5.590558196661766e-12	3.8678846249680474e-12	7.1975452809320004e-12	1.6866583716129384e-12	2.652211099538337e-12	4.026966971055666e-12	3.8414462351196495e-12	1.3807176853149352e-12	1.3291617264042426e-12	2.997661160424431e-12	8.309631752813654e-13	0.0	1.1856491556494172e-12	1.1620504698712303e-12	1.1424430972881095e-12	0.0	3.71350629837406e-13	0.0	0.0	0.0
C60
other	0.0	0.0	0.0	0.0	0.0	0.0	0.0	9.541367572616758e-13	0.0	7.652218917995707e-13	0.0	1.289294874989349e-12	1.7993863202330005e-12	2.8110972860215638e-12	1.5913266597230021e-12	0.0	9.603615587799124e-13	4.602392284383116e-13	3.5444312704113133e-12	8.564746172641231e-13	3.3238527011254618e-12	1.6181621196166618e-12	1.5808655408658894e-12	0.0	3.808143657627031e-13	0.0	3.71350629837406e-13	0.0	0.0	0.0
