dphi = 0.05235987755982988	first column is a mass, last row consists of all other masses	mass / surface of the sphere ring	scaled mass sums in consecutive angle intervals, last interval most often smaller (ends at pi/2)
Top
24.022	0.0	9.307584438167562e-12	0.0	8.014514803927817e-12	0.0	5.142431013299407e-12	2.1876861970585633e-12	1.9082735145233515e-12	1.6962737170846392e-12	6.121775134396566e-12	0.0	2.578589749978698e-12	1.1995908801553335e-12	4.497755657634502e-12	3.1826533194460043e-12	2.013483485527833e-12	0.0	9.204784568766233e-13	0.0	8.564746172641231e-13	0.0	8.090810598083309e-13	0.0	7.747003132474868e-13	0.0	7.510152701253097e-13	0.0	0.0	0.0	7.305149876704477e-13
36.033	0.0	0.0	0.0	0.0	0.0	0.0	0.0	0.0	0.0	0.0	0.0	1.9339423124840237e-12	0.0	0.0	0.0	0.0	0.0	0.0	0.0	0.0	0.0	0.0	0.0	0.0	0.0	0.0	0.0	0.0	0.0	1.0957724815056716e-12
48.044	0.0	0.0	0.0	0.0	0.0	0.0	0.0	0.0	0.0	0.0	0.0	0.0	0.0	0.0	0.0	0.0	0.0	0.0	0.0	0.0	0.0	0.0	0.0	0.0	0.0	0.0	0.0	0.0	0.0	1.4610299753408954e-12
other	4.184586280877873e-11	4.653792219083781e-12	1.678432457137937e-11	1.4025400906873679e-11	4.692305597981027e-12	8.999254273273961e-12	7.65690168970497e-12	3.816547029046703e-12	5.088821151253917e-12	4.591331350797424e-12	7.687017520409927e-12	3.223237187473372e-12	4.798363520621333e-12	4.497755657634501e-12	4.2435377592613385e-12	2.5168543569097913e-12	9.603615587799124e-13	9.204784568766233e-13	2.2152695440070707e-12	8.564746172641231e-13	4.154815876406827e-13	0.0	7.904327704329447e-13	3.873501566237434e-13	7.616287315254062e-13	3.7550763506265485e-13	0.0	3.682830416899266e-13	0.0	0.0
Bottom
other	0.0	0.0	0.0	0.0	0.0	0.0	0.0	0.0	0.0	0.0	0.0	0.0	0.0	0.0	0.0	0.0	0.0	0.0	0.0	0.0	0.0	0.0	0.0	0.0	0.0	0.0	0.0	0.0	0.0	0.0
Graph
other	0.0	0.0	5.594774857126458e-12	1.001814350490977e-11	1.5641018659936755e-12	3.856823259974556e-12	7.65690168970497e-12	2.862410271785028e-12	4.2406842927115974e-12	7.652218917995707e-12	4.891738422079045e-12	5.801826937452071e-12	3.5987726404660002e-12	8.43329185806469e-12	6.895748858799675e-12	3.5235960996737078e-12	4.801807793899562e-13	1.8409569137532466e-12	2.2152695440070707e-12	1.7129492345282463e-12	4.154815876406827e-13	8.090810598083309e-13	7.904327704329447e-13	1.1620504698712303e-12	7.616287315254062e-13	1.1265229051879647e-12	0.0	0.0	0.0	3.287317444517015e-12
C60
other	4.184586280877873e-11	1.3961376657251346e-11	1.1189549714252916e-11	1.2021772205891724e-11	3.128203731987351e-12	1.0284862026598814e-11	2.1876861970585633e-12	2.862410271785028e-12	2.544410575626959e-12	3.060887567198283e-12	2.7952790983308833e-12	1.9339423124840237e-12	2.399181760310667e-12	5.622194572043128e-13	5.304422199076673e-13	1.0067417427639165e-12	4.801807793899562e-13	0.0	0.0	0.0	0.0	0.0	0.0	0.0	0.0	0.0	0.0	3.682830416899266e-13	0.0	0.0
