dphi = 0.05235987755982988	first column is a mass, last row consists of all other masses	mass / surface of the sphere ring	scaled mass sums in consecutive angle intervals, last interval most often smaller (ends at pi/2)
Top
24.022	2.7897241872519153e-11	3.723033775267025e-11	5.035297371413811e-11	5.2094346225530806e-11	3.12820373198735e-11	3.085458607979644e-11	3.062760675881988e-11	1.9082735145233515e-11	2.883665319043886e-11	2.1426212970387976e-11	2.7952790983308826e-11	2.0628717999829582e-11	1.679427232217467e-11	7.871072400860377e-12	1.0608844398153345e-11	9.060675684875248e-12	9.603615587799122e-12	4.602392284383117e-12	2.6583234528084853e-12	5.995322320848862e-12	5.816742226969557e-12	3.2363242392333236e-12	7.904327704329447e-13	1.5494006264949737e-12	1.5232574630508125e-12	3.004061080501239e-12	2.2281037790244364e-12	1.4731321667597064e-12	7.325227816980439e-13	1.4610299753408954e-12
36.033	0.0	1.3961376657251346e-11	8.392162285689687e-12	6.010886102945863e-12	2.3461527989905135e-11	0.0	1.640764647793923e-11	1.431205135892514e-11	1.0177642302507835e-11	4.591331350797425e-12	8.38583729499265e-12	1.9339423124840237e-12	1.7993863202330005e-12	3.373316743225877e-12	0.0	3.02022522829175e-12	1.4405423381698686e-12	0.0	0.0	1.284711925896185e-12	0.0	0.0	0.0	0.0	0.0	1.1265229051879647e-12	0.0	0.0	0.0	2.1915449630113432e-12
48.044	0.0	0.0	0.0	0.0	0.0	0.0	0.0	0.0	3.3925474341692784e-12	0.0	0.0	0.0	2.399181760310667e-12	2.248877828817251e-12	0.0	0.0	0.0	0.0	0.0	0.0	0.0	0.0	0.0	1.5494006264949737e-12	0.0	0.0	0.0	0.0	0.0	0.0
60.055	0.0	0.0	1.3986937142816144e-11	0.0	0.0	0.0	0.0	0.0	0.0	0.0	0.0	0.0	0.0	0.0	0.0	0.0	0.0	0.0	0.0	2.1411865431603078e-12	0.0	0.0	1.9760819260823615e-12	0.0	0.0	0.0	0.0	0.0	0.0	0.0
4418342.438	0.0	0.0	0.0	0.0	0.0	4.729210969210426e-07	0.0	0.0	0.0	0.0	0.0	0.0	0.0	0.0	0.0	0.0	0.0	0.0	0.0	0.0	0.0	0.0	0.0	0.0	0.0	0.0	0.0	0.0	0.0	0.0
96.088	0.0	0.0	0.0	0.0	0.0	0.0	0.0	0.0	0.0	0.0	0.0	0.0	0.0	0.0	0.0	0.0	0.0	0.0	0.0	0.0	3.323852701125461e-12	0.0	0.0	0.0	0.0	0.0	0.0	0.0	0.0	0.0
72.066	0.0	0.0	0.0	0.0	0.0	0.0	0.0	0.0	0.0	0.0	0.0	0.0	0.0	0.0	0.0	0.0	0.0	0.0	0.0	0.0	2.492889525844096e-12	0.0	0.0	0.0	0.0	0.0	0.0	0.0	0.0	0.0
other	4.184586280877873e-11	1.3961376657251346e-11	1.1189549714252916e-11	1.001814350490977e-11	7.820509329968377e-12	5.142431013299407e-12	9.844587886763534e-12	5.724820543570054e-12	1.1873916019592473e-11	5.356553242596994e-12	9.78347684415809e-12	6.4464743749467436e-12	5.398158960699e-12	4.497755657634501e-12	5.8348644189843405e-12	3.020225228291749e-12	2.4009038969497806e-12	2.76143537062987e-12	1.7722156352056566e-12	1.284711925896185e-12	8.309631752813654e-13	8.090810598083309e-13	7.904327704329447e-13	1.5494006264949737e-12	0.0	0.0	3.71350629837406e-13	0.0	0.0	0.0
Bottom
other	0.0	0.0	0.0	0.0	0.0	0.0	0.0	0.0	0.0	0.0	0.0	0.0	0.0	0.0	0.0	0.0	0.0	0.0	0.0	0.0	0.0	0.0	0.0	0.0	0.0	0.0	0.0	0.0	0.0	0.0
Graph
other	6.974310468129788e-11	6.049929884808915e-11	7.552946057120718e-11	6.812337583338643e-11	6.256407463974703e-11	4.729570939381356e-07	5.2504468729405525e-11	3.530306001868201e-11	5.088821151253918e-11	2.8313209996584114e-11	4.33268260241287e-11	2.7719839812271008e-11	2.579120392333967e-11	1.6866583716129383e-11	1.5913266597230023e-11	1.5101126141458747e-11	1.2004519484748905e-11	6.903588426574674e-12	4.430539088014141e-12	9.421220789905355e-12	1.246444762922048e-11	4.045405299041654e-12	3.1617310817317787e-12	4.260851722861177e-12	1.5232574630508125e-12	3.379568715563894e-12	2.599454408861842e-12	1.4731321667597064e-12	7.325227816980439e-13	3.652574938352239e-12
C60
other	0.0	4.653792219083781e-12	8.392162285689687e-12	0.0	0.0	0.0	4.3753723941171266e-12	3.816547029046703e-12	3.3925474341692784e-12	3.060887567198283e-12	2.7952790983308833e-12	1.289294874989349e-12	5.997954400776668e-13	1.1244389144086255e-12	5.304422199076673e-13	0.0	1.4405423381698686e-12	4.602392284383116e-13	0.0	1.284711925896185e-12	0.0	0.0	3.9521638521647234e-13	3.873501566237434e-13	0.0	7.510152701253097e-13	0.0	0.0	0.0	0.0
