dphi = 0.05235987755982988	first column is a mass, last row consists of all other masses	mass / surface of the sphere ring	scaled mass sums in consecutive angle intervals, last interval most often smaller (ends at pi/2)
Top
24.022	2.7897241872519153e-11	0.0	5.594774857126458e-12	0.0	3.128203731987351e-12	2.5712155066497036e-12	4.3753723941171266e-12	9.541367572616757e-12	5.088821151253918e-12	3.060887567198283e-12	1.3976395491654416e-12	6.446474374946744e-12	4.798363520621334e-12	1.1244389144086255e-12	1.0608844398153346e-12	2.013483485527833e-12	2.8810846763397373e-12	3.681913827506493e-12	0.0	1.7129492345282463e-12	0.0	8.090810598083309e-13	7.904327704329447e-13	0.0	0.0	7.510152701253097e-13	0.0	7.365660833798532e-13	0.0	0.0
36.033	0.0	0.0	1.6784324571379374e-11	6.010886102945863e-12	0.0	0.0	0.0	0.0	0.0	2.2956656753987123e-12	0.0	1.9339423124840237e-12	0.0	0.0	1.5913266597230021e-12	0.0	0.0	0.0	0.0	0.0	0.0	0.0	1.1856491556494172e-12	0.0	0.0	0.0	0.0	0.0	0.0	0.0
48.044	0.0	0.0	0.0	8.014514803927817e-12	0.0	0.0	0.0	0.0	0.0	0.0	0.0	0.0	0.0	0.0	0.0	0.0	0.0	0.0	0.0	1.7129492345282463e-12	0.0	0.0	0.0	0.0	0.0	0.0	0.0	0.0	0.0	0.0
60.055	0.0	0.0	0.0	0.0	0.0	0.0	0.0	0.0	0.0	0.0	0.0	0.0	0.0	0.0	0.0	2.5168543569097913e-12	0.0	0.0	0.0	0.0	0.0	0.0	0.0	0.0	0.0	0.0	0.0	0.0	0.0	0.0
other	0.0	4.653792219083781e-12	0.0	0.0	3.128203731987351e-12	3.856823259974556e-12	0.0	1.9082735145233515e-12	8.481368585423196e-13	0.0	0.0	1.9339423124840237e-12	1.1995908801553335e-12	1.1244389144086255e-12	1.0608844398153346e-12	2.013483485527833e-12	4.801807793899562e-13	4.602392284383116e-13	0.0	8.564746172641231e-13	4.154815876406827e-13	4.0454052990416545e-13	0.0	3.873501566237434e-13	0.0	3.7550763506265485e-13	0.0	0.0	0.0	0.0
Bottom
other	0.0	0.0	0.0	0.0	0.0	0.0	0.0	0.0	0.0	0.0	0.0	0.0	0.0	0.0	0.0	0.0	0.0	0.0	0.0	0.0	0.0	0.0	0.0	0.0	0.0	0.0	0.0	0.0	0.0	0.0
Graph
other	2.7897241872519153e-11	4.653792219083781e-12	2.237909942850583e-11	1.402540090687368e-11	6.256407463974702e-12	6.4280387666242586e-12	4.3753723941171266e-12	1.1449641087140108e-11	5.936958009796237e-12	5.356553242596996e-12	1.3976395491654416e-12	1.0314358999914791e-11	5.997954400776667e-12	2.248877828817251e-12	3.713095539353672e-12	6.543821327965457e-12	3.3612654557296936e-12	4.142153055944805e-12	0.0	3.854135777688554e-12	4.154815876406827e-13	1.2136215897124964e-12	1.976081926082362e-12	3.873501566237434e-13	0.0	7.510152701253097e-13	0.0	7.365660833798532e-13	0.0	0.0
C60
other	0.0	0.0	0.0	0.0	0.0	0.0	0.0	0.0	0.0	0.0	0.0	0.0	0.0	0.0	0.0	0.0	0.0	0.0	0.0	4.2823730863206157e-13	0.0	0.0	0.0	0.0	0.0	3.7550763506265485e-13	0.0	0.0	0.0	0.0
