id	name	mass [g/mol]	latitude [rad]	longitude [rad]
Top
6335	C	12.011	0.16337720847143014	0.24372273184175067
6336	C2	24.022	0.5296916774365773	-2.9913933635942485
6337	C2	24.022	0.11264560044485272	-0.09967883503515072
6338	C2	24.022	0.08917982828180139	-1.6811294307906193
6339	C2	24.022	0.4083619912813162	0.0064098334407833414
6340	C3	36.033	0.3210484510195166	1.5102277739466612
6341	C2	24.022	0.441664652569596	-1.3436449785679734
6342	C2	24.022	0.1373721191746723	0.06803233037980826
6344	C2	24.022	0.7561516536002362	1.7157115779661596
6345	C2	24.022	0.8089884861296157	-2.143694801216674
6346	C2	24.022	0.3177390076023293	0.4534642241926624
6347	C2	24.022	1.0014355271657087	1.660877804684176
6348	C2	24.022	0.956735406090429	-2.8786809429276965
6349	C2	24.022	0.13672718344063803	-2.413502914874851
6350	C2	24.022	0.2423378570586472	2.157362581436925
Bottom
