Total	Internal	Translational
Top
74.3389238405	74.3262610651	0.0126627754591
2.09465029543	0.685927112358	1.40872318307
209.124744769	0.0	209.124744769
61.3886350483	4.79499729548e-31	61.3886350483
36.5669755791	1.49843665484e-31	36.5669755791
96.8682903856	0.0	96.8682903856
1.70765304779	0.749581520906	0.958071526888
0.656768560054	0.565313855822	0.0914547042325
1.25377752322	1.15606753432	0.0977099888996
0.110844399075	0.110644866079	0.000199532995617
345.308764538	0.0	345.308764538
162.530852085	1.87304581855e-33	162.530852085
Bottom
