id	name	mass [g/mol]	latitude [rad]	longitude [rad]
Top
841	C	12.011	0.6288685043364792	-2.907700471273249
843	C	12.011	0.6983275302326337	-2.7324687891727315
844	C2	24.022	1.012237014606925	2.7023005403646043
845	C2	24.022	0.9993184324163198	2.1535838145415247
846	C2	24.022	0.7244126034985596	-2.063947487924278
847	C	12.011	0.9957956275558675	-1.4447954784522803
848	C3	36.033	1.554037217179996	-0.11918387423053813
849	C2	24.022	0.29323212563494655	0.7078826280721693
850	C2	24.022	0.3499442443309248	-2.429613488164728
851	C3	36.033	0.5558319486634135	-0.49991975756498963
852	C2	24.022	0.5219296391409283	-1.5762445261739704
853	C	12.011	0.7848676795436171	0.8372154204833815
854	C	12.011	0.5407584877042793	-0.8409115011232127
856	C2	24.022	0.684294456602421	-1.647438234688725
857	C	12.011	0.41920949912745664	-1.9775884666298709
858	C	12.011	0.4467107752983596	0.6791689733540838
860	C2	24.022	1.459680085863437	0.3149443359283593
861	C3	36.033	0.5851716019691867	3.007796609246176
862	C2	24.022	0.8292768057540981	2.22416238732024
863	C	12.011	0.5154031466619712	2.2731247782336705
864	C2	24.022	0.753963938187247	1.6348223315494306
865	C	12.011	0.25455156566565806	0.6937572611145228
866	C2	24.022	0.674482969043192	1.101699756724721
867	C	12.011	0.6991953174495529	-0.7757726636551296
868	C	12.011	0.9957641511684402	-2.792799795225442
869	C2	24.022	0.3944340209361311	2.771364799827592
870	C	12.011	0.10797643770169749	-1.6460112003839642
871	C	12.011	1.1664433669238359	-2.9233666119627175
872	C	12.011	1.390072807882066	0.513705169172399
873	C	12.011	0.9685542218174583	-1.534144089339719
874	C	12.011	1.0012487083240018	-1.4794497613920117
875	C2	24.022	0.2941772114770234	-2.879423705769191
876	C3	36.033	0.5952480895325656	-2.995647895940169
877	C	12.011	0.636356907545246	-2.845558411388783
878	C	12.011	0.6516638502162402	-0.16207902322886414
879	C2	24.022	0.7475075171177683	-0.2877017521038331
880	C3	36.033	0.7011591358898529	-1.5394876086245346
881	C2	24.022	0.7408636195040981	-2.152662794189686
882	C	12.011	0.3134799233513856	2.056313358974945
883	C	12.011	0.42003480919895336	-2.485980002950569
884	C2	24.022	0.47450996903855264	2.074728365578839
885	C	12.011	1.2352550884248048	-1.083881280877867
886	C	12.011	0.7457471217628115	-3.055437718219679
887	C	12.011	1.0235843871308987	-1.6873492316069292
888	C	12.011	0.4774557377662289	-0.09115178083634652
889	C2	24.022	0.0806421090133755	1.6920112701893733
890	C2	24.022	0.4235670437833963	-0.6323220408226882
891	C	12.011	0.8632803557824542	2.5192308621259705
892	C	12.011	1.0911808055276682	-0.9141536579707819
893	C	12.011	0.9230730007476828	-1.6675235721258972
894	C	12.011	0.963173493696127	-2.5284358085024743
895	C	12.011	0.7886578870308122	-2.1604553818433985
896	C	12.011	0.6621855250651574	-1.210892971698301
897	C	12.011	0.5217639270608869	-0.5475222408385636
898	C	12.011	1.246706896313957	2.615928407318934
899	C	12.011	0.4640305507838618	1.4472472468644864
900	C2	24.022	0.7017483838506527	2.66175464729196
901	C	12.011	0.7886538970895226	-2.5638309630673537
902	C2	24.022	0.19603722504879573	0.8728285887987969
903	C	12.011	0.9620726388375148	-0.08865324089003111
904	C2	24.022	0.989722661498813	-0.11556281093336658
905	C	12.011	0.7548004514290986	-1.1276460678547955
907	C	12.011	0.568299902458991	0.6150030003880479
908	C	12.011	0.4129710534623236	-1.2228390241762501
910	C3	36.033	0.7254109709262782	-3.0827655121981574
911	C2	24.022	0.834712297489286	-1.0662562643252531
912	C	12.011	0.7596220469514006	-2.1873391450897
913	C	12.011	0.736120643460382	-0.09059669894375486
914	C	12.011	0.8082304522825065	1.1444366153909544
915	C	12.011	1.0005858532764245	-0.846365244288802
916	C	12.011	1.0765386330350657	3.1062520947917203
917	C	12.011	0.842597906977806	-0.9072821813094564
918	C2	24.022	0.4949760937624202	-2.4352035980285835
919	C	12.011	1.0923921640398213	2.8341600396841358
920	C	12.011	0.7710424140508075	0.3494121040347926
921	C3	36.033	0.5505532854252599	1.933988941543014
922	C	12.011	0.6927957397739787	-2.2678866960836683
923	C	12.011	0.22412073287662151	-3.1144985572656223
924	C	12.011	0.7079799651875973	1.4002761235291867
925	C	12.011	0.5528419053489041	-2.9694999499866372
926	C	12.011	0.2711984468201562	2.831742165307079
927	C2	24.022	0.6106828003252414	1.2513856388759028
928	C	12.011	0.5180149184289405	0.2732579115378618
929	C2	24.022	0.6143990077713483	-1.6415717712583424
930	C2	24.022	0.22926277364320927	2.9499691985449408
931	C	12.011	1.2078961714471763	-2.866912092834914
932	C	12.011	0.2787718086723496	0.4589439913606512
933	C	12.011	0.2955106917723503	-0.04094850473057085
934	C	12.011	0.25456428794650393	1.001113628501029
935	C2	24.022	0.09455500368207351	-1.1336610919296757
936	C2	24.022	0.4185143968269899	-2.502781391945431
937	C2	24.022	0.22362943065402013	2.005202519189013
938	C3	36.033	0.3862870927560734	1.1712575490079042
939	C	12.011	0.299294862111134	0.797250452421677
941	C2	24.022	0.6541903188923146	-2.6794715374058793
942	C	12.011	0.3965311220840472	-2.393033699570595
943	C2	24.022	0.4244126119851199	1.0890559652285634
945	C2	24.022	0.5080754757460507	-1.9794978206634704
946	C2	24.022	0.3719857605237495	-0.3741257501700118
947	C	12.011	0.8725622547423733	-2.599580199363757
948	C	12.011	0.11617205525004676	-2.6263164313593643
949	C	12.011	1.0660438245619972	-2.0570609236736703
950	C	12.011	0.7070985411739008	2.0316258543899735
951	C	12.011	0.6362944285700582	2.1196688558551573
952	C	12.011	0.5246795680368288	-1.7399025826085357
953	C	12.011	0.5563655831439754	2.677067106776074
954	C	12.011	0.6458917966448261	0.4336666278093376
955	C2	24.022	0.5459628893082227	-2.1862485045225784
956	C2	24.022	0.7719688123040132	-0.4049753206610167
957	C	12.011	0.4948367672453854	-0.35937596764689195
958	C	12.011	0.639706398380516	1.7801413197009799
959	C	12.011	1.1511037889475446	2.536671984943333
960	C2	24.022	1.0821588245531277	2.3094435410619694
961	C	12.011	0.28070284684604146	-2.865000247989656
962	C2	24.022	1.3722514764968978	1.9505265453528446
963	C2	24.022	0.6577902631171114	-0.29207704393994705
964	C3	36.033	0.29516325349127664	0.7059643823979642
965	C2	24.022	0.5038811074218496	0.6821637537213611
966	C	12.011	0.6949157382362826	0.09433359287192823
967	C	12.011	0.4910150203791815	2.379032913988143
968	C	12.011	0.6255696537028612	-1.7801660076760524
969	C	12.011	0.6349007797337969	0.6804164129386128
970	C	12.011	0.8026107413089457	0.7489426608721932
971	C	12.011	0.6522969102825005	-0.1296630182998933
972	C2	24.022	0.2593879353972152	-2.528922934344062
973	C	12.011	0.8599844466656591	2.574979162541167
974	C2	24.022	0.5752134274404302	1.4765442500105883
975	C	12.011	0.9616736086768197	1.7131326281123611
976	C	12.011	0.4336621195690845	-2.1850431614226147
977	C	12.011	0.6665238292550617	0.5060011463599393
978	C2	24.022	0.5377825514818311	0.06569811152764364
979	C	12.011	0.7321225220840173	0.656141540165838
980	C	12.011	1.0406093893331574	2.377262390298245
981	C	12.011	0.7954029163981821	-3.1024493251800402
982	C	12.011	0.07154721584192134	0.9575182285153632
983	C2	24.022	1.2512942373309592	2.1759299873780127
984	C	12.011	0.8452558236112958	-0.617094883683126
985	C	12.011	0.43284558199425804	-0.19948466130964373
986	C	12.011	0.2257622973093597	1.9203196256991393
987	C	12.011	0.43256997979608974	-1.8525913282064066
988	C	12.011	0.3475088512627347	1.7873578197170998
989	C	12.011	0.8425920060817959	-1.9607044863997551
990	C	12.011	0.8242170034792504	-0.7387610929884788
991	C2	24.022	0.012068568058575337	2.0231653686585185
992	C	12.011	0.16901532810520886	-2.6577928587620505
993	C	12.011	0.43331202814167963	-2.55281259456606
994	C	12.011	0.25666742409914783	-1.9726152009822775
995	C	12.011	0.4628259000991987	-1.7929626854040246
996	C	12.011	0.345173024088135	-0.20431534223128078
997	C	12.011	0.37443939767906464	-0.27558962398041875
998	C	12.011	0.09605293706457892	2.8764877152297155
999	C	12.011	0.316312879079305	1.691111622528917
1000	C	12.011	0.27570214979542	-2.8532029723131123
1001	C	12.011	0.04821883333751298	-1.9485303658902378
1002	C	12.011	0.9427943876396913	-3.0587185316171444
1003	C	12.011	0.3259031325637883	-1.250212825988912
1004	C	12.011	0.6701901075139143	-3.114235807817601
1005	C	12.011	0.5011406299227853	-2.6771263502906972
1006	C	12.011	0.3851810898472466	2.0650509147755733
1007	C	12.011	0.9022102477103321	0.651656184738396
1008	C	12.011	0.4239747348943024	2.916441922306005
1009	C	12.011	0.9302660498891155	1.642223895896675
1010	C	12.011	0.7944723453011665	2.2758975838341944
1011	C	12.011	0.19609338464712495	-2.315579990176371
1012	C	12.011	0.17731686298519428	2.006489274379808
1013	C	12.011	0.28042927608348694	2.1981745903362078
1014	C	12.011	0.8705515991643511	2.792702408814164
1015	C	12.011	0.5052619212638979	-1.1584836304772106
1016	C	12.011	0.8847767260932936	0.6308028907867007
1017	C	12.011	0.8288338909602904	1.018403100192054
1018	C	12.011	0.25472311726599317	-0.8787573255237088
1019	C	12.011	0.7736100713363965	-0.7270224580025022
1020	C	12.011	0.6276924429284323	0.9866490542058092
1021	C	12.011	0.21554143474675289	0.15131344130893581
1022	C	12.011	0.3768128512676906	0.5191177777504983
1023	C	12.011	0.11704714243423758	-1.9159974103541713
1024	C	12.011	0.8985612513098563	2.805341201886974
1025	C	12.011	1.0284691703327786	-0.15423105381745286
1026	C	12.011	0.24200284807162747	0.9883579460437978
1027	C	12.011	0.31859762958311294	-2.0548835811812394
1028	C	12.011	0.48282938249130514	-1.1990376026057712
1029	C	12.011	0.6470489039044396	-0.9671114166237391
1030	C	12.011	0.3777372170587572	0.37376660106100074
1031	C	12.011	0.523473250269022	-0.2933749016690907
1032	C	12.011	0.27830206619422915	0.42586300698322066
1033	C	12.011	0.4339076420193701	0.9347095074846244
Bottom
