dphi = 0.05235987755982988	first column is a mass, last row consists of all other masses	mass / surface of the sphere ring	scaled mass sums in consecutive angle intervals, last interval most often smaller (ends at pi/2)
Top
24.022	0.0	1.8615168876335124e-11	1.1189549714252916e-11	0.0	6.256407463974702e-12	1.0284862026598814e-11	6.563058591175691e-12	3.816547029046703e-12	1.6962737170846392e-12	3.060887567198283e-12	2.7952790983308833e-12	9.025064124925442e-12	4.798363520621334e-12	5.6221945720431275e-12	2.1217688796306693e-12	4.026966971055666e-12	0.0	9.204784568766233e-13	8.861078176028283e-13	3.4258984690564925e-12	1.6619263505627309e-12	8.090810598083309e-13	0.0	0.0	7.616287315254062e-13	0.0	1.485402519349624e-12	0.0	7.325227816980439e-13	0.0
36.033	0.0	0.0	0.0	6.010886102945863e-12	0.0	0.0	0.0	0.0	2.544410575626959e-12	0.0	0.0	1.9339423124840237e-12	0.0	0.0	0.0	0.0	0.0	0.0	0.0	0.0	0.0	0.0	0.0	0.0	0.0	0.0	0.0	0.0	0.0	0.0
other	0.0	4.653792219083781e-12	1.1189549714252916e-11	0.0	3.128203731987351e-12	2.5712155066497036e-12	3.2815292955878453e-12	0.0	5.088821151253917e-12	3.060887567198283e-12	2.0964593237481625e-12	6.446474374946745e-13	5.997954400776668e-13	3.935536200430189e-12	1.5913266597230021e-12	2.5168543569097913e-12	2.4009038969497806e-12	9.204784568766233e-13	8.861078176028283e-13	8.564746172641231e-13	1.2464447629220483e-12	4.0454052990416545e-13	7.904327704329447e-13	1.1620504698712303e-12	0.0	0.0	0.0	3.682830416899266e-13	3.6626139084902195e-13	0.0
Bottom
other	0.0	0.0	0.0	0.0	0.0	0.0	0.0	0.0	0.0	0.0	0.0	0.0	0.0	0.0	0.0	0.0	0.0	0.0	0.0	0.0	0.0	0.0	0.0	0.0	0.0	0.0	0.0	0.0	0.0	0.0
Graph
other	0.0	2.3268961095418905e-11	2.237909942850583e-11	6.010886102945863e-12	9.384611195962052e-12	1.2856077533248517e-11	9.844587886763534e-12	3.816547029046703e-12	9.329505443965514e-12	6.121775134396566e-12	4.891738422079045e-12	1.160365387490414e-11	5.398158960699001e-12	9.557730772473315e-12	2.1217688796306693e-12	6.543821327965457e-12	1.4405423381698686e-12	1.8409569137532466e-12	1.7722156352056566e-12	3.854135777688554e-12	1.6619263505627309e-12	1.2136215897124964e-12	7.904327704329447e-13	0.0	7.616287315254062e-13	0.0	1.485402519349624e-12	0.0	1.098784172547066e-12	0.0
C60
other	0.0	0.0	0.0	0.0	0.0	0.0	0.0	0.0	0.0	0.0	0.0	0.0	0.0	0.0	1.5913266597230021e-12	0.0	9.603615587799124e-13	0.0	0.0	4.2823730863206157e-13	1.2464447629220483e-12	0.0	0.0	1.1620504698712303e-12	0.0	0.0	0.0	3.682830416899266e-13	0.0	0.0
