Total	Internal	Translational
Top
528.108938708	528.08101169	0.0279270184456
30.9338435053	4.79499729548e-31	30.9338435053
17.8653882945	0.150504623934	17.7148836705
6.74430725191	3.9148905952	2.82941665671
12.1519409346	1.39815573686	10.7537851978
48.1304134399	0.0	48.1304134399
8.49836264162	1.78182818313	6.71653445848
4.04699128626	0.646418161022	3.40057312524
7.27427321082	1.69976138686	5.57451182396
8.6546976753	2.99687330967e-32	8.6546976753
4.64225211543	0.633467727608	4.00878438782
9.39257166564	0.0	9.39257166564
15.5312427659	5.49244225257	10.0388005133
4.686339926	1.85706834393	2.82927158207
19.3481888863	0.884420769081	18.4637681172
3.06770248152	0.234830845975	2.83287163555
1.1773526495	0.0	1.1773526495
1.58383913688	0.253016284474	1.33082285241
38.0350844622	0.0	38.0350844622
89.6032732459	0.0	89.6032732459
9.77835488904	6.41677738222	3.36157750682
14.3438079568	3.37432063983	10.969487317
97.3162823254	4.25920713734	93.057075188
18.2142156647	0.0	18.2142156647
9.68753344629	2.67563821842	7.01189522787
3.19950832752	0.0	3.19950832752
22.3938738761	4.05838099685	18.3354928793
273.298812412	0.0	273.298812412
39.0636355994	3.5599820662	35.5036535332
31.8945881022	6.19204682032	25.7025412819
8.63977684961	1.19874932387e-31	8.63977684961
14.729485208	0.0	14.729485208
19.1281803011	1.87304581855e-33	19.1281803011
112.928511779	0.0	112.928511779
13.9482978141	0.185716154556	13.7625816595
22.6329698953	4.79499729548e-31	22.6329698953
276.078624017	2.39749864774e-30	276.078624017
6.4044232176	1.55510373851	4.84931947909
196.671785659	0.0	196.671785659
113.320446714	0.0	113.320446714
11.0155727025	0.80282709648	10.212745606
6.16894033268	0.818477890607	5.35046244207
57.1679628284	0.0	57.1679628284
5.66392935918	2.13963410986	3.52429524932
65.7265782182	0.0	65.7265782182
408.08408551	7.49218327419e-33	408.08408551
576.738415447	8.63099513186e-30	576.738415447
15.0504135864	5.4137862097	9.63662737667
1.98419034469	1.63893503053	0.345255314159
82.8291759192	15.0891454071	67.7400305121
9.13998548436	1.00818031148	8.13180517288
11.7089117533	1.09225704588	10.6166547074
13.5955282332	1.58505112498	12.0104771083
6.46418014343	0.740750299137	5.72342984429
48.3933608472	8.39616526494	39.9971955823
169.720965869	0.0	169.720965869
39.8602468261	7.55445482448	32.3057920016
2.49352543181	0.856742311015	1.63678312079
4.29830031842	1.74686350848	2.55143680994
69.1017980955	3.03101299665	66.0707850988
5.67115485464	0.793246537788	4.87790831685
7.94789795796	3.05958614985	4.88831180811
12.7996537769	1.10175632859	11.6978974483
141.023531452	1.91799891819e-30	141.023531452
11.196969194	0.340272169439	10.8566970246
6.23282713043	0.897169986231	5.3356571442
19.928419149	0.247329557613	19.6810895914
3.31076577409	3.74609163709e-32	3.31076577409
4.29328770583	0.544591144437	3.7486965614
6.84766026007	1.4291128173	5.41854744277
363.506968746	0.0	363.506968746
240.261013748	0.0	240.261013748
67.2129759417	1.19874932387e-31	67.2129759417
6.70793896903	4.55308213263	2.1548568364
14.5470323044	2.10362276522	12.4434095391
6.5550162884	0.419989224015	6.13502706439
70.8660033413	0.0	70.8660033413
280.215569592	0.0	280.215569592
50.1369618431	4.79499729548e-31	50.1369618431
8.42882653013	0.249497270823	8.1793292593
25.7532504164	0.441293541071	25.3119568754
2.52159558545	1.96297373034	0.558621855108
68.1935963629	4.79499729548e-31	68.1935963629
3.76137486772	0.529323315857	3.23205155186
0.985509224735	0.0	0.985509224735
4.98768902922	3.62700171207	1.36068731715
18.7168008159	2.26232432807	16.4544764879
8.33179235039	2.99687330967e-32	8.33179235039
6.44638194052	0.0	6.44638194052
11.3156913395	3.18509856427	8.13059277522
2.47799940875	0.0	2.47799940875
9.93997428886	0.0	9.93997428886
15.5754739983	8.88600810137	6.6894658969
44.7448592193	5.99374661935e-31	44.7448592193
3.29361561169	0.70870545956	2.58491015213
19.1663085874	1.18039684527	17.9859117422
10.1029238204	0.667776069225	9.43514775117
12.4551059143	1.55694703095	10.8981588834
0.651910307773	3.74609163709e-33	0.651910307773
6.92177369025	3.02684563654	3.89492805371
29.1327146023	0.0	29.1327146023
4.2621679434	0.303337015823	3.95883092758
3.54323105975	1.84869302198	1.69453803777
1.49424167275	0.659342480526	0.83489919222
2.42915989524	1.39697081152	1.03218908372
2.46941049561	0.546600022145	1.92281047346
9.34250124316	0.0	9.34250124316
3.68746945266	1.34765043415	2.33981901852
3.41177680117	0.647845654883	2.76393114629
3.81897524931	1.32754214648	2.49143310283
2.55418414961	1.46126321798	1.09292093163
165.513256582	0.0	165.513256582
2.51853783974	0.393286171068	2.12525166867
3.34633285228	0.429643408856	2.91668944343
2.57564964057	1.3632495161	1.21240012447
2.67037439565	0.793921058086	1.87645333757
58.1917936826	4.79499729548e-31	58.1917936826
41.9519182748	4.79499729548e-31	41.9519182748
468.735181476	2.99687330967e-32	468.735181476
21.9793570715	0.0	21.9793570715
87.5215659921	0.0	87.5215659921
7.21346603518	2.74298030835	4.47048572683
4.51118599791	1.3662139536	3.14497204431
2.16707601045	0.0	2.16707601045
15.6495980329	0.0	15.6495980329
121.501024102	1.91799891819e-30	121.501024102
304.521821189	4.79499729548e-31	304.521821189
74.4578639921	0.0	74.4578639921
110.732678577	4.79499729548e-31	110.732678577
620.952345854	1.91799891819e-30	620.952345854
25.0527335257	0.0	25.0527335257
4.11296064431	1.5490686645	2.56389197981
11.3828667503	0.692164183205	10.6907025671
5.18948127485	2.72876401838	2.46071725647
1.89968381341	4.68261454637e-34	1.89968381341
4.97942981238	0.0	4.97942981238
335.087424327	7.67199567277e-30	335.087424327
64.1270037475	1.19874932387e-31	64.1270037475
4.48698030628	1.14846572448	3.33851458181
3.83952998735	0.219306830806	3.62022315655
4.94352158097	1.38019907678	3.56332250419
1.08512344311	0.482351885158	0.602771557956
3.25923145003	0.291667019439	2.96756443059
3.60962016018	0.962826637155	2.64679352303
2.93841182321	0.821898169806	2.1165136534
17.6625493659	0.777986293494	16.8845630724
337.958056451	0.0	337.958056451
13.5173901249	0.0	13.5173901249
6.94051514025	4.6726569779	2.26785816235
205.621146447	0.0	205.621146447
40.8031970928	0.0	40.8031970928
18.3941154383	0.0	18.3941154383
3.90699799195	0.917348019972	2.98964997198
51.3549011373	0.0	51.3549011373
1.27785777528	0.888239324134	0.389618451146
6.62565124094	1.337485108	5.28816613294
5.9192206005	3.22150837431	2.69771222619
183.391391019	1.91799891819e-30	183.391391019
441.78272202	7.67199567277e-30	441.78272202
4.06538804682	3.43056850947	0.634819537349
4.43056358494	0.313630134364	4.11693345058
85.3797153066	4.79499729548e-31	85.3797153066
3.98870449896	0.753334101378	3.23537039758
4.24663537727	2.0969449769	2.14969040037
28.6585983028	0.0	28.6585983028
40.7499864957	7.49218327419e-33	40.7499864957
18.1068945642	2.47600731299	15.6308872512
4.79464262168	3.89752804591	0.897114575769
2.90699636947	1.58821122649	1.31878514298
4.11988269098	0.77540883585	3.34447385513
16.9605767174	4.63337530593	12.3272014115
5.48203313005	1.03688512914	4.44514800091
14.8296370038	6.09364322168	8.73599378208
8.67492987395	1.50140821826	7.17352165569
5.84501049381	1.20143833712	4.64357215669
4.11124237488	0.909128663677	3.2021137112
12.9573035961	2.89522766296	10.0620759331
14.6997548901	0.0	14.6997548901
4.54591663488	0.0	4.54591663488
8.31980219019	2.99687330967e-32	8.31980219019
7.3142539512	3.81716034812	3.49709360308
0.902914301041	0.353178116961	0.54973618408
4.06585864188	0.0	4.06585864188
8.89559105266	1.96194695984	6.93364409282
8.87237555717	1.21747978206e-31	8.87237555717
13.7441171076	3.25834096881	10.4857761388
14.1753249418	3.19910356976	10.976221372
3.06130317762	0.0859994785735	2.97530369905
4.8397820568	0.0	4.8397820568
164.789221608	0.0	164.789221608
21.4207279709	0.0	21.4207279709
6.9071838123	0.0	6.9071838123
108.199531567	2.39749864774e-30	108.199531567
81.3026694203	0.0	81.3026694203
5.00595005997	0.0	5.00595005997
284.189356876	0.0	284.189356876
14.6078222173	5.09353523551	9.51428698182
14.7656052847	2.07909548785	12.6865097968
7.719922744	2.1549765629	5.5649461811
7.31943673705	2.13457872477	5.18485801228
9.16925183818	1.86852085089	7.30073098729
39.5047442808	0.0	39.5047442808
8.7270226016	0.0	8.7270226016
149.81237954	4.79499729548e-31	149.81237954
23.0482906927	7.49218327419e-33	23.0482906927
6.51224529744	0.954511855803	5.55773344164
150.236932141	7.11332212679	143.123610014
102.409378188	0.0	102.409378188
16.756760335	0.0	16.756760335
6.68211736006	4.43613677461	2.24598058546
4.53726784657	0.0	4.53726784657
17.3021474744	0.0	17.3021474744
95.6480433811	0.0	95.6480433811
2.39672525381	1.64568831013	0.751036943678
163.593834903	0.0	163.593834903
566.614121012	1.91799891819e-30	566.614121012
2.48527472467	1.09564316587	1.3896315588
114.036314486	9.58999459096e-31	114.036314486
25.7023499041	0.0	25.7023499041
8.85706408941	1.45096197997	7.40610210944
1.89158390699	0.297781071931	1.59380283506
83.0803072889	0.0	83.0803072889
5.74216759274	4.15076753295	1.59140005978
15.9797788938	1.09758349296	14.8821954008
9.92947193782	3.07856971728	6.85090222054
58.6821821431	0.0	58.6821821431
5.21483722123	3.81676705692	1.39807016431
30.8621954099	1.63013611762	29.2320592923
0.834378472769	0.332593144079	0.50178532869
5.16224636368	0.848775983923	4.31347037976
34.9139560376	0.0	34.9139560376
4.35226859415	1.78800016517	2.56426842897
2.44520713747	0.768553132126	1.67665400534
68.865868938	0.0	68.865868938
0.784571700337	0.486060846791	0.298510853546
3.11963624642	2.65865074764	0.460985498778
2.17162657423	0.900726014861	1.27090055937
0.182634293014	0.00713835516358	0.17549593785
11.750374964	1.85562560741	9.89474935658
7.85167252635	2.8866521718	4.96502035456
2.89745883317	0.146463039788	2.75099579338
2.13666461951	0.0	2.13666461951
11.94046262	2.76462632433	9.17583629565
98.3806335099	0.0	98.3806335099
3.08875789511	1.18224911081	1.9065087843
100.741388844	0.0	100.741388844
95.5092390816	1.19874932387e-31	95.5092390816
4.01192092029	1.96372897566	2.04819194463
156.855563246	1.91799891819e-30	156.855563246
1.54593179286	0.498034274679	1.04789751818
124.95207837	0.0	124.95207837
33.3599366737	0.0	33.3599366737
12.4470992906	3.41626572841	9.0308335622
5.25638459073	0.394814838875	4.86156975185
43.5323701706	0.0	43.5323701706
3.25872534418	0.780803058101	2.47792228608
6.50581220889	1.05533320875	5.45047900014
3.4762483244	0.613807050905	2.8624412735
14.4442849565	7.49218327419e-33	14.4442849565
15.2227234292	5.41135267141	9.81137075784
5.31119096897	0.30693684397	5.004254125
3.97898362769	0.271349877425	3.70763375027
21.0552240998	0.0	21.0552240998
2.33908223495	0.635550096514	1.70353213844
6.62352200007	0.0	6.62352200007
3.52135934728	2.01170840602	1.50965094126
3.65896915562	0.948611445516	2.7103577101
12.9144418114	2.83978854303	10.0746532683
6.32477085111	0.800094766591	5.52467608452
6.24980241243	0.137870991526	6.11193142091
28.4014414328	4.94484096096e-31	28.4014414328
687.542847423	0.0	687.542847423
562.104450486	4.79499729548e-31	562.104450486
236.145588321	0.0	236.145588321
60.1398780615	0.0	60.1398780615
21.1452512335	0.0	21.1452512335
196.397587817	1.91799891819e-30	196.397587817
487.698039482	7.67199567277e-30	487.698039482
32.6308521229	0.0	32.6308521229
65.5611779887	1.19874932387e-31	65.5611779887
611.195167945	7.67199567277e-30	611.195167945
230.45972884	2.99687330967e-32	230.45972884
643.498384806	2.99687330967e-32	643.498384806
57.6039118963	0.0	57.6039118963
226.516908017	0.0	226.516908017
280.63295319	0.0	280.63295319
40.3021700201	0.0	40.3021700201
597.857289508	0.0	597.857289508
122.147203718	0.0	122.147203718
53.1126492825	0.0	53.1126492825
469.252039935	7.67199567277e-30	469.252039935
217.578331541	0.0	217.578331541
365.153586309	0.0	365.153586309
240.253967448	0.0	240.253967448
589.632333994	0.0	589.632333994
168.772531295	1.91799891819e-30	168.772531295
360.518793	0.0	360.518793
332.593116587	0.0	332.593116587
366.897963053	0.0	366.897963053
1096.55268533	0.0	1096.55268533
250.303896653	0.0	250.303896653
18.6482023564	2.99687330967e-32	18.6482023564
596.075127175	0.0	596.075127175
111.213833286	0.0	111.213833286
169.420841357	0.0	169.420841357
245.123556343	0.0	245.123556343
351.789835776	9.58999459096e-31	351.789835776
547.23865878	7.67199567277e-30	547.23865878
71.0391068385	0.0	71.0391068385
274.79655196	0.0	274.79655196
598.115177361	0.0	598.115177361
157.464279959	0.0	157.464279959
392.187323225	1.91799891819e-30	392.187323225
85.2136198358	0.0	85.2136198358
264.236263353	0.0	264.236263353
383.317092544	3.83599783638e-30	383.317092544
7.5952580817	0.0	7.5952580817
402.538947613	1.91799891819e-30	402.538947613
632.685951604	0.0	632.685951604
22.9238016684	2.99687330967e-32	22.9238016684
Bottom
