dphi = 0.05235987755982988	first column is a mass, last row consists of all other masses	mass / surface of the sphere ring	scaled mass sums in consecutive angle intervals, last interval most often smaller (ends at pi/2)
Top
24.022	5.5794483745038306e-11	4.653792219083781e-11	6.154252342839103e-11	6.010886102945862e-11	4.066664851583555e-11	4.885309462634436e-11	5.4692154926464093e-11	2.4807555688803568e-11	2.0355284605015668e-11	1.8365325403189696e-11	1.8169314139150738e-11	1.4182243624882838e-11	1.4395090561864001e-11	2.136433937376388e-11	6.365306638892008e-12	9.060675684875248e-12	2.8810846763397373e-12	9.204784568766233e-12	4.430539088014141e-12	5.138847703584738e-12	7.478668577532287e-12	4.045405299041654e-12	2.3712983112988344e-12	3.0988012529899473e-12	1.5232574630508125e-12	1.5020305402506194e-12	7.42701259674812e-13	0.0	7.325227816980439e-13	0.0
36.033	0.0	0.0	8.392162285689687e-12	6.010886102945863e-12	0.0	7.713646519949112e-12	1.3126117182351381e-11	1.1449641087140112e-11	1.2722052878134796e-11	4.591331350797425e-12	6.289377971244487e-12	3.8678846249680474e-12	5.398158960699001e-12	5.059975114838816e-12	1.5913266597230021e-12	4.530337842437625e-12	0.0	1.3807176853149352e-12	0.0	0.0	0.0	1.2136215897124964e-12	1.1856491556494172e-12	2.3241009397424607e-12	0.0	1.1265229051879647e-12	0.0	0.0	1.098784172547066e-12	1.0957724815056716e-12
48.044	0.0	1.8615168876335124e-11	0.0	0.0	0.0	5.142431013299407e-12	0.0	0.0	3.3925474341692784e-12	3.060887567198283e-12	0.0	2.578589749978698e-12	2.399181760310667e-12	2.248877828817251e-12	2.1217688796306693e-12	0.0	0.0	0.0	0.0	0.0	0.0	0.0	0.0	0.0	0.0	0.0	0.0	0.0	0.0	0.0
60.055	0.0	0.0	0.0	0.0	0.0	0.0	5.469215492646408e-12	0.0	0.0	0.0	0.0	0.0	0.0	0.0	0.0	2.5168543569097913e-12	0.0	0.0	0.0	2.1411865431603078e-12	0.0	2.022702649520827e-12	0.0	1.936750783118717e-12	0.0	0.0	0.0	0.0	0.0	0.0
84.077	0.0	0.0	0.0	0.0	0.0	0.0	0.0	0.0	0.0	5.356553242596994e-12	0.0	0.0	0.0	3.935536200430189e-12	0.0	3.5235960996737074e-12	0.0	0.0	0.0	0.0	0.0	0.0	0.0	0.0	0.0	0.0	0.0	0.0	0.0	0.0
120.11	0.0	0.0	0.0	0.0	0.0	0.0	1.0938430985292815e-11	0.0	0.0	0.0	0.0	0.0	5.9979544007766665e-12	0.0	0.0	0.0	0.0	0.0	0.0	0.0	0.0	0.0	0.0	0.0	0.0	0.0	0.0	0.0	0.0	0.0
96.088	0.0	0.0	0.0	0.0	0.0	0.0	0.0	0.0	0.0	0.0	0.0	0.0	0.0	0.0	4.2435377592613385e-12	0.0	0.0	3.681913827506493e-12	0.0	0.0	0.0	0.0	0.0	0.0	0.0	0.0	0.0	0.0	0.0	0.0
72.066	0.0	0.0	0.0	0.0	0.0	0.0	0.0	5.724820543570054e-12	0.0	0.0	0.0	0.0	0.0	0.0	0.0	0.0	0.0	0.0	0.0	0.0	0.0	0.0	0.0	0.0	0.0	0.0	0.0	0.0	0.0	2.191544963011343e-12
168.154	0.0	0.0	0.0	0.0	0.0	0.0	0.0	0.0	0.0	0.0	0.0	0.0	0.0	0.0	7.426191078707342e-12	0.0	0.0	0.0	0.0	0.0	0.0	0.0	0.0	0.0	0.0	0.0	0.0	0.0	0.0	0.0
other	1.3948620936259577e-11	0.0	5.594774857126458e-12	6.010886102945863e-12	4.692305597981027e-12	1.2856077533248518e-12	4.3753723941171266e-12	1.9082735145233515e-12	1.6962737170846392e-12	1.5304437835991415e-12	5.590558196661766e-12	2.578589749978698e-12	2.9989772003883336e-12	1.1244389144086255e-12	1.5913266597230021e-12	1.0067417427639165e-12	9.603615587799124e-13	1.8409569137532466e-12	8.861078176028283e-13	0.0	8.309631752813654e-13	0.0	0.0	3.873501566237434e-13	0.0	3.7550763506265485e-13	0.0	0.0	0.0	0.0
Bottom
other	0.0	0.0	0.0	0.0	0.0	0.0	0.0	0.0	0.0	0.0	0.0	0.0	0.0	0.0	0.0	0.0	0.0	0.0	0.0	0.0	0.0	0.0	0.0	0.0	0.0	0.0	0.0	0.0	0.0	0.0
Graph
other	6.974310468129788e-11	6.515309106717294e-11	6.433991085695425e-11	7.012700453436839e-11	4.5358954113816585e-11	5.785234889961832e-11	8.203823238969617e-11	4.389029083403709e-11	3.816615863440438e-11	3.13740975637824e-11	3.0049250307056994e-11	2.1273365437324256e-11	2.7590590243572673e-11	3.317094797505446e-11	2.3339457675937362e-11	1.661123875560462e-11	3.8414462351196495e-12	1.610837299534091e-11	5.316646905616969e-12	7.280034246745046e-12	8.309631752813652e-12	7.281729538274978e-12	3.556947466948251e-12	7.747003132474868e-12	1.5232574630508125e-12	3.004061080501239e-12	7.42701259674812e-13	0.0	1.83130695424511e-12	3.2873174445170146e-12
C60
other	0.0	0.0	1.1189549714252916e-11	2.0036287009819543e-12	0.0	5.142431013299407e-12	6.563058591175691e-12	0.0	0.0	1.5304437835991415e-12	0.0	1.9339423124840237e-12	3.5987726404660002e-12	5.622194572043128e-13	0.0	4.026966971055666e-12	0.0	0.0	0.0	0.0	0.0	0.0	0.0	0.0	0.0	0.0	0.0	0.0	0.0	0.0
