dphi = 0.05235987755982988	first column is a mass, last row consists of all other masses	mass / surface of the sphere ring	scaled mass sums in consecutive angle intervals, last interval most often smaller (ends at pi/2)
Top
24.022	0.0	0.0	0.0	4.007257401963909e-12	0.0	0.0	2.1876861970585633e-12	1.9082735145233515e-12	0.0	1.5304437835991415e-12	1.3976395491654416e-12	0.0	0.0	1.1244389144086255e-12	0.0	1.0067417427639165e-12	0.0	1.8409569137532466e-12	0.0	8.564746172641231e-13	8.309631752813654e-13	0.0	7.904327704329447e-13	0.0	0.0	7.510152701253097e-13	0.0	0.0	0.0	0.0
36.033	0.0	0.0	0.0	0.0	0.0	0.0	0.0	0.0	0.0	0.0	0.0	0.0	0.0	0.0	1.5913266597230021e-12	0.0	0.0	0.0	0.0	0.0	0.0	0.0	0.0	0.0	0.0	0.0	0.0	0.0	0.0	0.0
other	0.0	4.653792219083781e-12	2.797387428563229e-12	0.0	3.128203731987351e-12	1.2856077533248518e-12	3.2815292955878453e-12	3.816547029046703e-12	5.9369580097962364e-12	2.2956656753987123e-12	2.7952790983308833e-12	5.1571794999573955e-12	5.398158960699e-12	2.248877828817251e-12	4.2435377592613385e-12	4.530337842437624e-12	9.603615587799124e-13	3.681913827506493e-12	4.8735929968155555e-12	3.425898469056492e-12	2.0774079382034135e-12	2.022702649520827e-12	3.9521638521647234e-13	2.711451096366203e-12	3.808143657627031e-13	0.0	3.71350629837406e-13	0.0	3.6626139084902195e-13	0.0
Bottom
other	0.0	0.0	0.0	0.0	0.0	0.0	0.0	0.0	0.0	0.0	0.0	0.0	0.0	0.0	0.0	0.0	0.0	0.0	0.0	0.0	0.0	0.0	0.0	0.0	0.0	0.0	0.0	0.0	0.0	0.0
Graph
other	0.0	4.653792219083781e-12	2.797387428563229e-12	4.007257401963909e-12	1.5641018659936755e-12	1.2856077533248518e-12	4.3753723941171266e-12	4.7706837863083795e-12	5.088821151253917e-12	3.060887567198283e-12	2.7952790983308833e-12	2.578589749978698e-12	4.798363520621333e-12	3.3733167432258764e-12	4.773979979169006e-12	4.026966971055665e-12	9.603615587799124e-13	3.681913827506493e-12	3.1013773616098987e-12	2.1411865431603078e-12	1.6619263505627309e-12	1.2136215897124964e-12	0.0	2.3241009397424603e-12	0.0	7.510152701253097e-13	3.71350629837406e-13	0.0	3.6626139084902195e-13	0.0
C60
other	0.0	0.0	0.0	0.0	1.5641018659936755e-12	0.0	1.0938430985292816e-12	9.541367572616758e-13	8.481368585423196e-13	7.652218917995707e-13	1.3976395491654416e-12	2.578589749978698e-12	5.997954400776668e-13	0.0	1.0608844398153346e-12	1.510112614145875e-12	0.0	1.8409569137532466e-12	1.7722156352056566e-12	2.1411865431603078e-12	1.2464447629220483e-12	8.090810598083309e-13	1.1856491556494172e-12	3.873501566237434e-13	3.808143657627031e-13	0.0	0.0	0.0	0.0	0.0
