dphi = 0.05235987755982988	first column is a mass, last row consists of all other masses	mass / surface of the sphere ring	scaled mass sums in consecutive angle intervals, last interval most often smaller (ends at pi/2)
Top
24.022	2.7897241872519153e-11	9.307584438167562e-12	5.594774857126458e-12	4.007257401963909e-12	0.0	5.142431013299407e-12	4.3753723941171266e-12	1.9082735145233515e-12	1.6962737170846392e-12	3.060887567198283e-12	1.3976395491654416e-12	1.289294874989349e-12	2.399181760310667e-12	2.248877828817251e-12	1.0608844398153346e-12	0.0	9.603615587799124e-13	3.681913827506493e-12	1.7722156352056566e-12	8.564746172641231e-13	8.309631752813654e-13	0.0	0.0	7.747003132474868e-13	0.0	7.510152701253097e-13	0.0	0.0	7.325227816980439e-13	0.0
36.033	0.0	0.0	0.0	0.0	0.0	0.0	0.0	0.0	0.0	0.0	0.0	0.0	0.0	0.0	0.0	1.510112614145875e-12	0.0	0.0	0.0	0.0	0.0	0.0	0.0	0.0	0.0	0.0	0.0	0.0	0.0	0.0
other	0.0	4.653792219083781e-12	5.594774857126458e-12	0.0	1.5641018659936755e-12	2.5712155066497036e-12	4.3753723941171266e-12	2.862410271785028e-12	2.544410575626959e-12	4.591331350797424e-12	3.4940988729136037e-12	3.223237187473372e-12	3.5987726404660002e-12	3.935536200430189e-12	1.0608844398153346e-12	2.5168543569097913e-12	1.4405423381698686e-12	1.8409569137532466e-12	3.5444312704113125e-12	3.425898469056492e-12	1.6619263505627309e-12	1.2136215897124964e-12	2.371298311298834e-12	3.873501566237434e-13	1.1424430972881095e-12	3.7550763506265485e-13	0.0	0.0	3.6626139084902195e-13	0.0
Bottom
other	0.0	0.0	0.0	0.0	0.0	0.0	0.0	0.0	0.0	0.0	0.0	0.0	0.0	0.0	0.0	0.0	0.0	0.0	0.0	0.0	0.0	0.0	0.0	0.0	0.0	0.0	0.0	0.0	0.0	0.0
Graph
other	2.7897241872519153e-11	1.3961376657251346e-11	1.1189549714252916e-11	4.007257401963909e-12	1.5641018659936755e-12	6.428038766624259e-12	6.563058591175691e-12	3.816547029046703e-12	4.2406842927115974e-12	5.356553242596996e-12	3.4940988729136037e-12	4.512532062462722e-12	5.398158960699001e-12	5.059975114838815e-12	1.5913266597230021e-12	3.020225228291749e-12	4.801807793899562e-13	2.7614353706298705e-12	2.6583234528084853e-12	1.7129492345282463e-12	2.0774079382034135e-12	4.0454052990416545e-13	1.1856491556494172e-12	1.1620504698712303e-12	7.616287315254062e-13	1.1265229051879647e-12	0.0	0.0	1.098784172547066e-12	0.0
C60
other	0.0	0.0	0.0	0.0	0.0	1.2856077533248518e-12	2.1876861970585633e-12	9.541367572616758e-13	0.0	2.2956656753987123e-12	1.3976395491654416e-12	0.0	5.997954400776668e-13	1.1244389144086255e-12	5.304422199076673e-13	1.0067417427639165e-12	1.9207231175598247e-12	2.7614353706298705e-12	2.6583234528084845e-12	2.569423851792369e-12	4.154815876406827e-13	8.090810598083309e-13	1.1856491556494172e-12	0.0	3.808143657627031e-13	0.0	0.0	0.0	0.0	0.0
