dphi = 0.05235987755982988	first column is a mass, last row consists of all other masses	mass / surface of the sphere ring	scaled mass sums in consecutive angle intervals, last interval most often smaller (ends at pi/2)
Top
24.022	0.0	9.307584438167562e-12	1.1189549714252916e-11	1.6029029607855635e-11	6.256407463974702e-12	1.0284862026598814e-11	1.0938430985292816e-11	1.5266188116186812e-11	8.481368585423195e-12	1.0713106485193988e-11	8.385837294992648e-12	6.446474374946744e-12	8.397136161087334e-12	5.6221945720431275e-12	3.1826533194460043e-12	3.02022522829175e-12	3.8414462351196495e-12	9.204784568766233e-13	8.861078176028283e-13	8.564746172641231e-13	8.309631752813654e-13	2.427243179424993e-12	1.5808655408658894e-12	2.3241009397424607e-12	7.616287315254062e-13	7.510152701253097e-13	2.2281037790244364e-12	0.0	7.325227816980439e-13	0.0
36.033	0.0	0.0	0.0	0.0	4.692305597981027e-12	0.0	3.2815292955878453e-12	0.0	2.544410575626959e-12	0.0	0.0	3.8678846249680474e-12	3.598772640466001e-12	0.0	1.5913266597230021e-12	1.510112614145875e-12	0.0	0.0	3.987485179212728e-12	0.0	0.0	0.0	0.0	0.0	0.0	0.0	0.0	0.0	0.0	0.0
3317185.969	0.0	0.0	0.0	0.0	0.0	0.0	0.0	0.0	0.0	0.0	0.0	0.0	1.6565090484476864e-07	0.0	0.0	0.0	0.0	0.0	0.0	0.0	0.0	0.0	0.0	0.0	0.0	0.0	0.0	0.0	0.0	0.0
other	2.7897241872519153e-11	1.8615168876335124e-11	1.1189549714252916e-11	1.2021772205891724e-11	4.692305597981027e-12	7.71364651994911e-12	7.65690168970497e-12	6.67895730083173e-12	8.481368585423195e-12	8.417440809795277e-12	9.084657069575369e-12	5.1571794999573955e-12	4.198568080543667e-12	6.746633486451753e-12	3.713095539353671e-12	4.026966971055665e-12	1.9207231175598247e-12	2.76143537062987e-12	3.1013773616098987e-12	2.1411865431603078e-12	4.154815876406827e-13	4.0454052990416545e-13	0.0	7.747003132474868e-13	3.808143657627031e-13	0.0	0.0	3.682830416899266e-13	0.0	0.0
Bottom
other	0.0	0.0	0.0	0.0	0.0	0.0	0.0	0.0	0.0	0.0	0.0	0.0	0.0	0.0	0.0	0.0	0.0	0.0	0.0	0.0	0.0	0.0	0.0	0.0	0.0	0.0	0.0	0.0	0.0	0.0
Graph
other	0.0	1.3961376657251346e-11	2.237909942850583e-11	2.6047173112765403e-11	1.4076916793943079e-11	1.542729303989822e-11	1.9689175773527068e-11	1.812859838797184e-11	1.526646345376175e-11	1.224355026879313e-11	1.4675215266237132e-11	1.2892948749893489e-11	1.6566589973077058e-07	1.068216968688194e-11	6.365306638892009e-12	8.05393394211133e-12	5.2819885732895175e-12	2.76143537062987e-12	7.0888625408226266e-12	2.569423851792369e-12	1.2464447629220483e-12	2.8317837093291582e-12	1.5808655408658894e-12	3.0988012529899473e-12	1.1424430972881095e-12	7.510152701253097e-13	2.2281037790244364e-12	3.682830416899266e-13	7.325227816980439e-13	0.0
C60
other	2.7897241872519153e-11	1.3961376657251346e-11	0.0	2.0036287009819543e-12	1.5641018659936755e-12	2.5712155066497036e-12	2.1876861970585633e-12	3.816547029046703e-12	4.2406842927115974e-12	6.8869970261961354e-12	2.7952790983308833e-12	2.578589749978698e-12	1.1995908801553335e-12	1.6866583716129384e-12	2.1217688796306693e-12	5.033708713819583e-13	4.801807793899562e-13	9.204784568766233e-13	8.861078176028283e-13	4.2823730863206157e-13	0.0	0.0	0.0	0.0	0.0	0.0	0.0	0.0	0.0	0.0
