dphi = 0.05235987755982988	first column is a mass, last row consists of all other masses	mass / surface of the sphere ring	scaled mass sums in consecutive angle intervals, last interval most often smaller (ends at pi/2)
Top
24.022	0.0	2.792275331450269e-11	2.7973874285632288e-11	4.80870888235669e-11	3.12820373198735e-11	3.856823259974555e-11	2.843992056176132e-11	1.5266188116186812e-11	1.1873916019592473e-11	2.1426212970387976e-11	1.956695368831618e-11	1.2892948749893487e-11	1.679427232217467e-11	1.7991022630538005e-11	8.487075518522677e-12	1.409438439869483e-11	4.801807793899561e-12	6.443349198136363e-12	8.861078176028281e-12	4.2823730863206156e-12	0.0	4.045405299041654e-12	1.5808655408658894e-12	3.873501566237434e-12	3.8081436576270314e-12	1.5020305402506194e-12	7.42701259674812e-13	1.4731321667597064e-12	7.325227816980439e-13	7.305149876704477e-13
36.033	0.0	0.0	0.0	6.010886102945863e-12	1.407691679394308e-11	0.0	0.0	5.724820543570056e-12	2.544410575626959e-12	2.2956656753987123e-12	4.192918647496325e-12	3.8678846249680474e-12	3.598772640466001e-12	3.373316743225877e-12	0.0	0.0	4.321627014509606e-12	0.0	0.0	0.0	0.0	0.0	0.0	1.1620504698712303e-12	0.0	1.1265229051879647e-12	0.0	0.0	0.0	0.0
4420144.088	0.0	0.0	0.0	0.0	0.0	0.0	0.0	0.0	0.0	0.0	2.5717126760380533e-07	0.0	0.0	0.0	0.0	0.0	0.0	0.0	0.0	0.0	0.0	0.0	0.0	0.0	0.0	0.0	0.0	0.0	0.0	0.0
168.154	0.0	0.0	0.0	0.0	0.0	0.0	0.0	0.0	0.0	0.0	0.0	0.0	0.0	7.871072400860377e-12	0.0	0.0	0.0	0.0	0.0	0.0	0.0	0.0	0.0	0.0	0.0	0.0	0.0	0.0	0.0	0.0
108.099	0.0	0.0	0.0	0.0	0.0	0.0	0.0	0.0	0.0	0.0	0.0	0.0	0.0	0.0	0.0	0.0	0.0	0.0	0.0	0.0	0.0	0.0	0.0	0.0	0.0	0.0	0.0	0.0	3.296352517641197e-12	0.0
84.077	0.0	0.0	0.0	0.0	0.0	0.0	0.0	0.0	0.0	0.0	0.0	0.0	0.0	0.0	0.0	0.0	0.0	0.0	3.1013773616098987e-12	0.0	0.0	0.0	0.0	0.0	0.0	0.0	0.0	0.0	0.0	0.0
48.044	0.0	0.0	0.0	0.0	0.0	0.0	0.0	0.0	0.0	3.060887567198283e-12	0.0	0.0	0.0	0.0	0.0	0.0	0.0	0.0	0.0	0.0	0.0	0.0	0.0	0.0	0.0	0.0	0.0	0.0	0.0	0.0
other	0.0	4.653792219083781e-12	2.797387428563229e-12	1.602902960785563e-11	6.256407463974702e-12	7.71364651994911e-12	8.750744788234252e-12	4.770683786308379e-12	9.329505443965514e-12	8.417440809795277e-12	4.891738422079045e-12	5.1571794999573955e-12	5.9979544007766665e-12	4.497755657634501e-12	4.773979979169006e-12	6.543821327965457e-12	2.881084676339737e-12	5.983109969698051e-12	2.6583234528084845e-12	2.1411865431603078e-12	1.2464447629220483e-12	8.090810598083309e-13	7.904327704329447e-13	3.873501566237434e-13	3.808143657627031e-13	3.7550763506265485e-13	0.0	0.0	3.6626139084902195e-13	3.6525749383522385e-13
Bottom
other	0.0	0.0	0.0	0.0	0.0	0.0	0.0	0.0	0.0	0.0	0.0	0.0	0.0	0.0	0.0	0.0	0.0	0.0	0.0	0.0	0.0	0.0	0.0	0.0	0.0	0.0	0.0	0.0	0.0	0.0
Graph
other	0.0	2.792275331450269e-11	2.517648685706906e-11	6.611974713240449e-11	5.005125971179762e-11	4.2425055859720105e-11	3.5002979152937006e-11	1.812859838797184e-11	2.205155832210031e-11	3.290454134738155e-11	2.571964251156903e-07	1.869477568734556e-11	2.579120392333967e-11	3.260872851785015e-11	1.1669728837968681e-11	1.711460962698658e-11	1.1524338705358948e-11	1.0125263025642856e-11	1.417772508164525e-11	5.5670850122168e-12	1.2464447629220483e-12	4.854486358849985e-12	2.3712983112988344e-12	5.422902192732406e-12	3.427329291864328e-12	3.004061080501239e-12	7.42701259674812e-13	1.4731321667597064e-12	4.395136690188263e-12	1.0957724815056716e-12
C60
other	0.0	4.653792219083781e-12	5.594774857126458e-12	4.007257401963909e-12	1.5641018659936755e-12	3.856823259974556e-12	2.1876861970585633e-12	7.633094058093406e-12	1.6962737170846392e-12	2.2956656753987123e-12	3.4940988729136037e-12	3.2232371874733726e-12	5.997954400776668e-13	1.1244389144086255e-12	1.5913266597230021e-12	3.5235960996737078e-12	4.801807793899562e-13	2.3011961421915585e-12	4.4305390880141416e-13	8.564746172641231e-13	0.0	0.0	0.0	0.0	7.616287315254062e-13	0.0	0.0	0.0	0.0	0.0
