id	name	mass [g/mol]	latitude [rad]	longitude [rad]
Top
7156	C184038	2210480.417996655	0.45094938682716323	-3.0617737552863478
7164	C	12.011	0.3581967690061066	-1.7749482057652237
7167	C2	24.022	0.655322458967265	-0.7383478306104262
7168	C	12.011	0.2783032298599197	1.2614608550672732
7169	C2	24.022	0.8625803891460729	1.481561165259969
7170	C2	24.022	0.9446570422372694	0.6108252158788542
7171	C3	36.033	0.681436318598035	-2.038373146911857
7172	C	12.011	0.7896401846757195	-1.1320636784885032
7173	C3	36.033	0.7011211992679172	-0.8943324206516479
7174	C2	24.022	0.5178911150905937	0.803004878082614
7175	C2	24.022	0.13631621346486578	-2.4354536024116458
7176	C2	24.022	0.8986171712641732	-1.257792821580718
7177	C	12.011	0.6659151355069518	-1.2383442697994196
7179	C2	24.022	0.7519621543385502	-0.5210599132239967
7182	C3	36.033	0.28640124541674705	0.41067009920588043
7183	C3	36.033	0.418468609896659	-0.911420256645878
7184	C	12.011	0.32317390516277844	2.7738501681359513
7185	C	12.011	0.2164659301145206	-0.6131901907748634
7186	C	12.011	0.5864958869882904	-0.8293514066696124
7187	C	12.011	0.7003857774666669	2.520475288359624
7188	C	12.011	0.28059957699275995	-0.296214591463342
7189	C	12.011	0.5886072194343992	-0.07980520007883103
7190	C2	24.022	0.948023946298005	-2.3607126062916275
7191	C	12.011	0.9498917546965269	-2.219524700857043
7192	C2	24.022	1.203512919488265	-2.0386858182191996
7193	C2	24.022	0.7133350797024407	-1.1884548977690252
7194	C2	24.022	0.30649044261758757	1.7341502405584077
7195	C2	24.022	1.4409845928441787	-0.4551924775938832
7196	C	12.011	1.2102125329269058	-0.6336938324855206
7197	C3	36.033	0.6599431778180278	-0.32316139609824795
7198	C2	24.022	0.8037171319068872	-1.0439985596988366
7199	C	12.011	0.5841315799831988	-2.47391989198753
7200	C2	24.022	0.8601171164176566	-2.1698601905448727
7201	C	12.011	1.5036997809933368	-0.11081521907006212
7202	C	12.011	0.3608520796251913	-2.033221894721719
7203	C2	24.022	0.3747502377064957	-0.39580024722840007
7204	C	12.011	0.4942711248431302	1.8227186216097875
7205	C2	24.022	0.7744245243045402	1.0517156920324533
7206	C3	36.033	0.37719601265079045	-0.28066568596751557
7207	C2	24.022	0.285239409303033	-2.6936249222575377
7209	C	12.011	0.5198091348261457	0.42534937954962115
7211	C	12.011	0.16118153122721116	-1.0538183906095961
7212	C2	24.022	0.7740156138953425	-0.9834563761125436
7213	C2	24.022	0.41363855527382404	-1.8657998956524529
7220	C	12.011	0.36146306363989933	0.8908970516967697
7221	C	12.011	0.4435052097250059	0.6845782626096187
7227	C	12.011	0.41576992404963314	1.1192841428746982
7241	C	12.011	0.12303978997110926	-3.1038839431170078
7242	C	12.011	0.6767226982306416	-1.268828577967671
7243	C	12.011	0.8952072825437336	0.872039719075416
7244	C	12.011	0.6216684171936946	-1.066056392209906
7246	C	12.011	0.5902475441171785	-0.5570357392898483
7247	C2	24.022	1.207210336420759	0.2731083020393571
7248	C2	24.022	0.5791026569408769	-1.5074515242213928
7251	C	12.011	0.64507640254264	0.08192917697731991
7255	C2	24.022	0.48568638114414897	2.004571458856992
7256	C3	36.033	0.763189166177187	0.23906918069147345
7257	C2	24.022	0.8266610396046039	-1.1778010221520248
7258	C3	36.033	0.5608372829315695	0.5368566837854504
7259	C	12.011	0.8738976681413286	-1.0648106207115637
7260	C2	24.022	0.3494089033433561	0.9184850175643365
7262	C	12.011	0.3941352186042244	-2.6031694217509256
7263	C	12.011	0.857217843689263	-1.2519787601438224
7264	C	12.011	0.19986070040354995	0.5939220708440037
7265	C	12.011	0.7845573668267977	1.2568657380103843
7266	C2	24.022	0.19803641494506033	-0.6042899957330884
7267	C	12.011	0.4197688946371028	2.2015032173087636
7268	C	12.011	0.504615767504157	-2.275311309927613
7269	C2	24.022	0.5541177222670937	-1.715648189041005
7270	C	12.011	0.7931494826038191	-0.4849170794488165
7272	C2	24.022	0.5289507120195442	-1.308995269199561
7273	C2	24.022	0.47487873278716664	-3.1117010956347904
7274	C	12.011	0.3644463038389315	0.14792750648629815
7275	C	12.011	0.2522605185047883	2.5056705673147315
7276	C3	36.033	0.6140637302618629	-1.7829810527451748
7277	C	12.011	0.8140535433773066	-0.5835476053949044
7280	C3	36.033	0.7620383450973395	-2.3599176427035102
7281	C2	24.022	0.6682367594634779	1.940950377183547
7282	C2	24.022	1.42044382487867	3.128751929235453
7284	C2	24.022	0.04096475298236216	2.049772014696045
7286	C2	24.022	0.5222518457494998	0.5527961462457597
7287	C2	24.022	0.9001264433995051	1.1321435632681016
7289	C	12.011	0.2873744690429515	3.060616393855968
7290	C2	24.022	1.3720377675200106	0.33523884725505093
7291	C2	24.022	0.49272229423697156	-1.6909354936629124
7292	C	12.011	0.9717837458996822	-0.23204607059967625
7293	C	12.011	0.9850028281574249	-0.2971060331580504
7294	C	12.011	0.5063553520543914	2.001199181330073
7295	C	12.011	0.7581191239064772	1.352877922629182
7297	C	12.011	0.6283736783546986	-2.548680409530447
7298	C	12.011	0.4340531348437063	2.5949738799957274
7299	C	12.011	0.25340797962185246	-0.8841334454953618
7300	C2	24.022	0.5724910370559763	2.5616020511594413
7301	C	12.011	1.0550591056239669	-0.7033886524315565
7302	C	12.011	0.8884003339185872	1.1060401956301327
7303	C	12.011	0.44964223605123393	-1.9751057037264803
7304	C	12.011	1.3347205468007262	0.2791965849888934
7305	C2	24.022	0.9805306162171168	-2.7988695978652394
7306	C2	24.022	0.6314740041192488	2.895826429061662
7307	C2	24.022	0.2955862083477683	2.0199661444879697
7308	C	12.011	0.784281849234798	-1.0377754953760296
7309	C	12.011	0.5279888260553218	-2.4157533248354874
7310	C	12.011	0.496023020279276	0.9586564039512557
7311	C	12.011	1.03612332242042	0.40871119926239785
7312	C	12.011	0.7477783473807693	0.612357296183163
7313	C	12.011	0.20200726890609033	0.08326167578239423
7314	C	12.011	1.4833970512146453	-0.6899211538045992
7315	C2	24.022	0.31342463520781194	1.3146974193824488
7316	C2	24.022	0.3835402780104215	0.5812726223719012
7317	C2	24.022	0.8713850482590074	1.3386982269300665
7318	C2	24.022	0.29319829793963365	-1.8498799301651292
7319	C2	24.022	0.8549144975820785	0.8843887346080428
7320	C2	24.022	0.4779015677731099	1.2516589070647834
7321	C	12.011	0.522017681403558	-1.145863243406357
7322	C	12.011	0.20196360747087946	-0.9063050187544701
7323	C	12.011	1.14421338014991	1.1018384313395255
7324	C	12.011	0.6889384505978231	0.7216580967376406
7325	C	12.011	0.3826502742630007	0.5810330746715032
7326	C	12.011	0.7802009532687423	0.8229485228539104
7327	C	12.011	0.5660958791892946	1.5708398179696557
7328	C2	24.022	1.5272581636264855	0.7676079220445525
7329	C	12.011	0.21610722013698927	0.24056487947124486
7330	C	12.011	0.8340331383620373	1.9112091256750912
7331	C	12.011	1.1385198881887153	0.743223001299718
7332	C	12.011	0.5163403746842185	3.077682048928711
7333	C2	24.022	0.3203355503998485	2.9883460633098444
7334	C2	24.022	0.7485550177332393	1.1918986465786188
7335	C2	24.022	0.5106822868346403	0.6965904107263459
7336	C	12.011	0.7356423542186147	2.3416010002191916
7337	C2	24.022	1.0463095995747755	2.3046822960777984
7338	C2	24.022	1.2509738852316925	2.0324046140593195
7339	C2	24.022	0.9830473393133734	0.09591100214605093
7340	C	12.011	0.9781999770719454	-0.08447193845779495
7342	C2	24.022	0.6416718057344883	0.5421302518118664
7343	C2	24.022	1.0078067199467262	-0.6245755836367549
7344	C	12.011	0.5742275018799388	0.9531971644692109
7345	C2	24.022	0.4392844610895644	-0.8177477737386565
7347	C	12.011	0.40289328450242123	-1.8549480054413983
7348	C	12.011	0.8208795275604871	0.047286365682950304
7349	C	12.011	1.159827239832722	-2.37704740299869
7350	C	12.011	0.6244943481173255	-2.085441784426421
7351	C	12.011	0.5328662914298348	-1.644867564288486
7352	C	12.011	0.5556520096781739	0.65223705389753
7354	C	12.011	0.8345236677441692	-0.03302965236797538
7355	C	12.011	0.717581241291584	-0.6630689344250944
7356	C	12.011	0.8381943845504358	-1.4018013683932609
7357	C	12.011	0.6757934173102875	-0.34338870986272396
7358	C	12.011	0.7864763652016609	0.7852494653379982
7359	C	12.011	0.5477365519916969	0.37406315065104323
7360	C	12.011	0.3938047193884893	1.4122327916108828
7361	C	12.011	0.595891540445676	0.19312262624059146
7362	C	12.011	0.692414017041241	1.9133568404224883
7363	C	12.011	0.9131668905067204	-0.363313031730093
7364	C	12.011	0.8214091641346996	-0.09276179025540365
7365	C	12.011	0.9841291820227527	-0.14726805303830617
7366	C	12.011	1.195641094881988	-0.7198896571017223
7367	C	12.011	0.3991762569396992	0.5986510812197555
7368	C	12.011	0.8326559565424315	0.06956588386228506
7369	C	12.011	1.0706475784592278	0.37621880572522565
7370	C	12.011	0.5685994896285694	0.4644925483250868
7371	C	12.011	0.7422385007071093	0.40467948408799054
7372	C	12.011	0.6055197476809747	0.7849146337094969
7373	C	12.011	0.7699311393050918	0.9272425450168396
7374	C	12.011	0.18489453037259818	-0.4313162572222736
7375	C	12.011	0.9892324723004469	-0.4235148945319928
7376	C	12.011	0.12490526542893123	-0.8531553422468121
7377	C	12.011	0.9005411759418348	0.18499905353335494
7378	C	12.011	0.7665769859272783	0.3610192800328206
7379	C	12.011	1.0122780832684486	0.4680877893805051
7380	C	12.011	0.8833151985293424	-0.7596811523962347
7381	C	12.011	1.0008357441934406	-0.026961514991728035
7382	C	12.011	0.6576606208816259	-0.026632393443577554
7383	C	12.011	0.9690689673805848	-0.08736944446524302
7385	C	12.011	0.21821753772095195	-0.6771112337126923
7386	C	12.011	1.088521951061228	0.42403577093155465
7387	C	12.011	0.2693599646274141	1.859526182791015
7389	C	12.011	0.6373847423315421	-0.2387814922120431
7391	C2	24.022	0.7458188237005855	-0.0737999379299176
7392	C	12.011	0.7546271287372165	0.13274897670573768
7393	C	12.011	0.70023398179088	-0.007321643232574718
7394	C	12.011	0.290289654135429	2.0845952728629547
Bottom
