id	name	mass [g/mol]	latitude [rad]	longitude [rad]
Top
3318	C2	24.022	1.4088686265831352	-1.5746169912258543
3339	C2	24.022	0.16661929722634677	-0.7539932624022132
3361	C2	24.022	0.3080958664433765	-2.3633219967806043
3371	C4	48.044	0.6376009470469318	1.9137441534498807
3374	C2	24.022	0.30302802711351745	1.8286089038171323
3381	C2	24.022	1.508219741202268	-0.49323419410082137
3382	C2	24.022	0.9114113469048238	-0.0047914930832638454
3386	C2	24.022	0.5615291541118194	2.907400967406001
3391	C2	24.022	0.32326404644750806	0.8616559817559278
3392	C2	24.022	0.3469134200219336	2.9188243890876366
3393	C4	48.044	0.8527571878202418	-2.7385581638559495
3395	C2	24.022	0.46885628762383263	0.1875282730488795
3398	C2	24.022	0.2743396438655038	-0.5611815203688644
3399	C3	36.033	0.4960396606162365	-0.40357622619785594
3400	C2	24.022	0.6548792646207049	-1.537487045837151
3403	C2	24.022	0.5152335178358639	-2.4451267197414803
3405	C2	24.022	1.5477774188727507	-0.47492007942155584
3409	C2	24.022	1.139753076538237	-1.8165489798782908
3412	C2	24.022	0.4355573085963107	1.4470533775007393
3413	C2	24.022	0.847662942215405	-1.7925482959771655
3414	C	12.011	0.535229541948053	0.3756342664899062
3415	C3	36.033	0.559697346666194	-1.3753532407733602
3424	C5	60.05499999999999	0.9507143057295379	-0.5139799829088337
3425	C2	24.022	0.20397015414753933	1.011813724182948
3428	C2	24.022	0.9669147792542938	0.03388567809693289
3429	C2	24.022	0.7193922131360876	-0.2550592824917111
3430	C2	24.022	0.1529511862702455	2.276475846733523
3431	C2	24.022	0.27752731476779874	-1.6871184624263411
3432	C2	24.022	0.9380510528826536	2.916181617824807
3433	C	12.011	0.4043660082861051	1.831896300290468
3434	C2	24.022	0.31725903512149856	-0.4598038457087081
3435	C2	24.022	1.2746413650387673	-1.390979808250995
3436	C4	48.044	0.2926081296197	-0.8261266432716572
3437	C2	24.022	0.31166718965678025	-0.5164459762707054
3439	C3	36.033	1.0295403269619812	-0.10838916549698352
3443	C7	84.07699999999998	1.0042280787476086	-2.0775544744646517
3445	C2	24.022	0.2629196991081141	-1.3889879695173593
3446	C	12.011	0.2850425858455393	-1.0899199937073198
3448	C2	24.022	0.7471526749775226	-2.5783525330998267
3449	C2	24.022	0.5188721566553391	-0.6315160753147703
3450	C2	24.022	1.1463373238756875	0.7153300061370816
3452	C2	24.022	0.9582591591180013	1.6003442684289022
3453	C2	24.022	0.8933504842174562	-2.9056490877803225
3454	C2	24.022	1.1068262038235313	-0.07805864460125968
3457	C2	24.022	0.3241370543427171	3.027096652271122
3459	C2	24.022	0.3310768607626984	-2.415921654705457
3460	C2	24.022	0.39809614430999934	-2.214836940582099
3461	C5	60.05499999999999	0.5719999234209818	-2.026397606254714
3462	C3	36.033	0.30418076408901135	-2.3631656336164344
3463	C3	36.033	0.6422304572184113	-2.511230361907174
3465	C2	24.022	0.7961958340936446	2.3885143331023384
3467	C4	48.044	0.32451106611159414	1.5155008673111268
3468	C2	24.022	0.09638126751864899	-2.85258429219109
3469	C2	24.022	0.8177935746505193	-2.7188386703821035
3471	C2	24.022	0.9621527005640081	0.23229277124211398
3472	C2	24.022	0.5473369170431746	-0.6168414362141879
3475	C3	36.033	0.5446571043637506	1.5995326616403904
3476	C	12.011	0.7408878590363891	-0.7191111359983655
3477	C	12.011	0.3011473448247854	-2.285232444814591
3478	C2	24.022	0.4290480487178042	-0.5539402793185733
3479	C	12.011	0.9835671061542957	-1.6025122157650111
3480	C	12.011	0.6259924026487993	0.4564275065677243
3481	C2	24.022	1.1174032439882131	-1.9747859984472627
3482	C2	24.022	0.4405886535675309	-1.730369445355058
3483	C2	24.022	0.16642866076403462	0.11617699786140116
3485	C2	24.022	1.2423624633140038	-1.0862226911502226
3486	C	12.011	0.37665119129008395	0.8897506158617126
3487	C2	24.022	0.5857326971950628	-1.3246053349874298
3488	C	12.011	0.6551422930053651	-0.6701431721830482
3489	C2	24.022	0.4495078676965241	-0.008510819116959684
3490	C2	24.022	0.45709070036775673	-0.5573031161241208
3491	C2	24.022	0.8835425950040967	-0.031176825534936066
3492	C2	24.022	0.5464925010353774	2.1263733919777343
3493	C	12.011	0.6888519045302198	-2.617147689682359
3494	C2	24.022	1.002217311871326	-0.8559799205206132
3495	C	12.011	0.5131440012595581	2.204193811147464
3496	C2	24.022	0.39408844726035747	-0.36710523710740056
3497	C2	24.022	0.8086599766766314	-1.1734844596146827
3498	C2	24.022	0.8282678705381549	-0.2582604306292351
3499	C2	24.022	0.5510065293627819	-1.2815202377380566
3500	C2	24.022	0.514512932660551	0.04395854608124448
3501	C3	36.033	0.7217681501650687	2.9368283068258814
3502	C2	24.022	0.24845905598699833	2.222770932660867
3503	C2	24.022	0.46446628678132496	2.225923164404069
3504	C3	36.033	0.2794825554151345	-1.2318904230157754
3505	C2	24.022	0.2100855437205589	0.5894396040358713
3506	C2	24.022	1.0360916001187994	-0.7179232984186327
3507	C	12.011	1.205897102045017	1.347803482294482
3508	C2	24.022	0.7800071940677797	-2.9219737313993877
3509	C3	36.033	0.40479633776362234	0.09361032987233212
3510	C2	24.022	0.48692917403136327	2.7354996933525655
3511	C	12.011	0.5581244637858823	-1.2268007057573804
3512	C2	24.022	0.23393904973188964	-2.9974895320211012
3513	C2	24.022	0.8725405620368102	1.8451702404459724
3514	C2	24.022	0.6697406910071366	0.46076299068236276
3515	C2	24.022	0.44878364143640315	-1.961746632346299
3517	C2	24.022	0.7176998759331984	-0.7415882340228275
3519	C2	24.022	0.06615768084962009	2.6375013892283348
3520	C2	24.022	0.8336424816998798	-0.35588672827907075
3521	C2	24.022	0.46946957519760835	-0.35756388756821456
3522	C	12.011	0.8977551777920462	1.5926733209988622
3523	C2	24.022	0.6867311012394649	0.12622513463654875
3524	C2	24.022	1.2148676815047463	-1.4879955237455822
3525	C2	24.022	0.3547478703893557	-0.2577859048246597
3526	C2	24.022	0.49316878500678174	-3.1184837079735988
3527	C	12.011	0.969695497351649	2.858670176429123
3529	C	12.011	0.22869422807156714	-2.8222352378076287
3530	C2	24.022	0.7676765870313133	-1.2993282003921076
3531	C2	24.022	0.546649260470626	-0.993273119790829
3532	C3	36.033	0.5166314541290632	-1.180110796469263
3533	C2	24.022	1.1436423346975804	0.44812010444576816
3534	C2	24.022	0.5529182434701413	-2.7134904799777573
3535	C2	24.022	0.2921792103791112	1.9000636058220357
3536	C2	24.022	0.7120331734626973	0.013430281599014736
3537	C2	24.022	0.25300227686630533	-3.0428962819143606
3538	C2	24.022	1.2217999232063128	-2.359348117924415
3539	C	12.011	1.0621738010902915	-1.056443338770763
3540	C	12.011	0.5434935124687668	-0.5423345812357384
3541	C	12.011	0.4945686282915626	-3.0255557877299974
3542	C	12.011	0.6143520691946422	2.144576503120258
3543	C5	60.05499999999999	0.5882037128072996	-1.2528777950455765
3544	C	12.011	0.3569227554943819	-2.7039832283806176
3545	C2	24.022	0.9231502503394229	-1.3475282841072354
3546	C4	48.044	0.8083410766492816	-1.6918722747897297
3547	C	12.011	0.5490989671281703	-1.4086216237901241
3548	C2	24.022	0.16489257366139393	-1.038250552185313
3549	C2	24.022	0.8995208813292024	-1.0821751079919557
3550	C2	24.022	0.7589059636587938	-0.8035431644945766
3551	C2	24.022	0.4973025725049616	-0.7776981833959749
3552	C3	36.033	0.2977547140469557	-1.5051140128872458
3553	C4	48.044	1.5181452121987085	0.22900730232647198
3554	C2	24.022	1.2287471820636904	0.6345421180600479
3555	C	12.011	1.1138363485098812	0.5081684789706753
3556	C4	48.044	1.0465693025551104	2.3999700431805824
3557	C	12.011	0.12653625951110967	0.5024661224853997
3558	C2	24.022	0.49768957927102464	-1.5320956182533354
3559	C8	96.08799999999998	0.3973058047404467	-1.0611255114246652
3560	C2	24.022	0.9706657852014304	-0.5841553131097662
3561	C2	24.022	0.18239445201609708	-0.2975878447136966
3562	C2	24.022	0.7208678025900799	1.5236223393143873
3563	C2	24.022	0.41351168576936287	-2.5085777264415072
3564	C	12.011	0.3650794855540053	-2.368141079885332
3565	C2	24.022	1.0349730994293025	-2.17981816670595
3566	C	12.011	1.0326881043665368	0.733291611044938
3567	C2	24.022	0.43304741876571534	-2.101600515254776
3568	C2	24.022	0.44085835278471613	-2.0422122563508003
3569	C2	24.022	0.23384505870706393	2.5775834969419305
3570	C2	24.022	0.34202470810997115	2.629106419037495
3571	C2	24.022	0.7209523997207612	2.299106730183407
3572	C	12.011	0.7435641768575683	1.2822552401567837
3573	C2	24.022	0.4916270180062987	2.828236005050602
3574	C	12.011	0.9695732125593371	-0.19811826379898453
3575	C2	24.022	0.3353341976321167	0.5404257214490584
3576	C2	24.022	0.055047771748785564	-0.8659135023399528
3577	C2	24.022	0.5113767839869869	0.8089466944294454
3578	C	12.011	0.8135491957112831	0.41944460395183114
3579	C3	36.033	1.209333718297758	0.5222245773160791
3580	C2	24.022	1.0216161172756282	-0.3754584107675742
3584	C	12.011	0.4489019937437212	0.026995944950350983
3586	C2	24.022	1.0534665788818178	2.755987255206435
3587	C	12.011	1.0134193586629492	-0.040006628715033896
3592	C2	24.022	0.6058529776392847	-2.191984863953879
3614	C2	24.022	0.6364965790839159	-1.7980012692229288
3638	C3	36.033	0.5021548628495304	0.8294326101147866
3644	C2	24.022	0.15031899277169097	1.4461020979649373
3645	C	12.011	0.31706231842166227	-0.5780584937548923
3647	C2	24.022	0.4319073376849606	2.6935097823294156
3656	C2	24.022	1.0140097192415094	-0.7533295260531013
3658	C2	24.022	0.4840280085927972	1.282596293902935
3659	C2	24.022	0.14280585607700635	1.963189458013862
3667	C	12.011	0.6352579088713062	2.2594326632743744
3670	C2	24.022	0.7544553086587914	-2.0311624787271727
3678	C2	24.022	0.284381799835745	-1.0108895699921108
3679	C	12.011	0.8777054670471518	1.199143376132775
3687	C2	24.022	0.3797335102196143	1.0730223665951077
3688	C2	24.022	0.38728334164573297	-2.0203209647933376
3689	C2	24.022	0.14197108532532027	-0.15046584391768597
3690	C3	36.033	0.17632317311278065	-2.0152498359557907
3691	C2	24.022	0.5503278457364772	0.07484318481491432
3692	C	12.011	0.7726020823578164	-0.9750141570585227
3694	C2	24.022	0.16681619329892786	-2.501729221509987
3695	C2	24.022	0.19551211452081557	2.2666754281416273
3696	C2	24.022	0.8939950270813389	-1.078866053489444
3697	C	12.011	0.14206405579865036	0.6999072209451803
3698	C	12.011	0.2960548411675399	2.483450191909577
3699	C2	24.022	0.6518430013884169	2.1550786690132173
3700	C2	24.022	0.1741627576507366	2.883809234520123
3701	C2	24.022	0.4363188722459374	-0.3652032168836157
3702	C2	24.022	0.5735839287233804	-1.8229841576047745
3703	C3	36.033	0.3121099988272922	3.0052072835446357
3704	C5	60.05499999999999	0.2735175433872189	2.068903757939617
3707	C3	36.033	0.30222269389843265	-3.1196428198554553
3708	C2	24.022	0.15472659551718268	1.8794479796732042
3709	C2	24.022	0.8071371331395654	1.7254847791157746
3710	C2	24.022	0.6938946615424657	0.6590498586659229
3711	C2	24.022	0.18368456270282302	2.660485789051606
3712	C5	60.05499999999999	0.28386871177772016	-0.732513144166835
3713	C2	24.022	0.8565131695452873	1.9402017066010362
3715	C2	24.022	0.6972832185513166	-1.481254104187653
3716	C	12.011	0.22187813203893755	0.3273790964657084
3717	C2	24.022	0.28867605505203253	1.7288284579665212
3718	C	12.011	0.37110536061730287	-2.1742566154597207
3719	C2	24.022	0.7531092268410673	-1.2268789644531741
3720	C2	24.022	0.7931300027862467	2.2257260253927367
3721	C2	24.022	0.29283523865367234	0.09686421149615942
3722	C2	24.022	0.7757403372083311	-2.877903952055688
3724	C2	24.022	0.22351155691982635	1.9283453029334687
3725	C	12.011	0.4489392207449885	2.8321659159782766
3726	C2	24.022	0.045644736149223625	2.882209654659994
3727	C2	24.022	0.4074226397163719	1.0081268294208587
3728	C2	24.022	0.8278034015835591	-2.1961247226595275
3729	C2	24.022	0.9127222183058359	-1.3229151095871798
3730	C2	24.022	0.5716430101041853	-2.0903310843598844
3731	C	12.011	0.30766721687997567	2.2976615991887206
3732	C2	24.022	0.9056109159271652	-1.2369440343500235
3733	C2	24.022	1.4520396502653115	-0.950498809801364
3734	C	12.011	0.7867181916164044	-1.5830331543023566
3735	C2	24.022	0.18248675621773025	-3.0134791437524284
3736	C2	24.022	0.3356082415851564	3.091694024601336
3737	C2	24.022	0.2974223059599907	1.6802351654505847
3738	C	12.011	0.49179050938588265	0.4029975571182017
3739	C2	24.022	0.3914571495623363	-2.290981906576343
3740	C2	24.022	0.41159537133322666	0.3781342255233042
3741	C2	24.022	0.5210087854503993	-2.7703035400199196
3742	C2	24.022	0.5050547357050705	2.1124823872265375
3743	C2	24.022	0.17059134693640893	0.47976119790549066
3744	C	12.011	0.3416975627837833	-0.5559872772714528
3745	C2	24.022	0.2414923533793458	1.209584286899515
3746	C2	24.022	0.24052985820331585	1.1137270552740324
3747	C2	24.022	0.7786528956432259	2.852410247534295
3748	C2	24.022	0.2889632030577558	-2.744101835483141
3749	C2	24.022	0.07998186745537894	2.9630369620312096
3750	C2	24.022	0.7205478679224453	-0.23909103818566166
3751	C2	24.022	0.5691448840310831	0.8466685169409905
3752	C2	24.022	0.45188899113060343	-0.8283173395077864
3753	C2	24.022	0.49422081456239453	-0.06288587182656884
3754	C2	24.022	0.840987927552516	-2.031104293399233
3755	C2	24.022	0.6388848438924309	2.235438039598844
3756	C2	24.022	0.15888188817804583	-2.3402319118973827
3757	C2	24.022	0.1800316110795844	2.1707153720771544
3758	C2	24.022	0.4309484045733444	1.8836219485316799
3759	C3	36.033	0.21575637747211146	-0.4636106221257041
3760	C2	24.022	0.8601693196157031	-2.61418229166954
3761	C2	24.022	0.8275488703505085	2.0125722829725774
3762	C2	24.022	0.7559052977540393	2.5939008919113
3763	C2	24.022	0.6715289512738026	1.6600174688412495
3764	C2	24.022	0.36430751432744934	2.459617616184571
3765	C2	24.022	0.20648242051282714	-2.104908403399689
3766	C2	24.022	0.864616574031699	-0.2803697767230492
3767	C2	24.022	0.7624682243147045	1.8101400344109313
3768	C2	24.022	0.6226865244663049	-1.0935305088909764
3769	C2	24.022	0.8878532938852314	0.46999176358375844
3770	C2	24.022	0.9242638025387013	-2.210742856369816
3771	C4	48.044	0.6975619036710119	-0.32674072099936197
3772	C2	24.022	0.51161436203628	1.8094031227849368
3773	C2	24.022	0.6357732757118884	2.997689172821557
3774	C	12.011	0.8305243369405451	1.4766090877424005
3775	C	12.011	0.8985029221971441	-2.8106434879711126
3776	C2	24.022	0.4969062084671592	-2.7868898591121667
3777	C3	36.033	0.477530909610502	2.5602194976706434
3778	C	12.011	0.8167799614754117	0.047550066449743134
3779	C3	36.033	0.6021389893364941	-0.4564134743132708
3780	C2	24.022	0.8506039362359676	0.31448982648619805
3781	C	12.011	0.8356938431667131	2.8202931544108445
3782	C2	24.022	0.6443930063190191	0.8279826868042554
3783	C3	36.033	0.3234077552281162	2.7691843033922776
3784	C2	24.022	0.39741838469750773	1.525536802247674
3785	C2	24.022	0.6236603312252643	1.4875822947794912
3786	C2	24.022	0.7820637419784924	2.0212129836576906
3787	C	12.011	0.8156086337567647	-3.1386675396304797
3788	C	12.011	0.45140050713567664	2.5813109031624255
3794	C	12.011	0.8924786058117214	-2.5465895716812628
3797	C	12.011	0.6877698701936684	0.3792238084364979
3799	C	12.011	0.2916895322980993	-1.7202435364493587
3801	C	12.011	0.5742538743387438	0.6701611673684749
3803	C	12.011	0.8507465367441638	0.6423201280985207
Bottom
