dphi = 0.05235987755982988	first column is a mass, last row consists of all other masses	mass / surface of the sphere ring	scaled mass sums in consecutive angle intervals, last interval most often smaller (ends at pi/2)
Top
24.022	0.0	9.307584438167562e-12	5.594774857126458e-12	1.6029029607855635e-11	3.128203731987351e-12	1.542729303989822e-11	1.3126117182351378e-11	3.816547029046703e-12	6.785094868338557e-12	3.060887567198283e-12	4.192918647496325e-12	5.157179499957396e-12	2.399181760310667e-12	2.248877828817251e-12	1.0608844398153346e-12	2.013483485527833e-12	0.0	0.0	8.861078176028283e-13	8.564746172641231e-13	0.0	8.090810598083309e-13	7.904327704329447e-13	0.0	0.0	0.0	0.0	0.0	7.325227816980439e-13	0.0
36.033	0.0	0.0	0.0	0.0	0.0	3.856823259974556e-12	0.0	2.862410271785028e-12	0.0	2.2956656753987123e-12	0.0	0.0	1.7993863202330005e-12	0.0	0.0	0.0	0.0	1.3807176853149352e-12	0.0	0.0	1.2464447629220483e-12	0.0	0.0	0.0	0.0	0.0	0.0	0.0	0.0	0.0
48.044	0.0	0.0	0.0	0.0	0.0	5.142431013299407e-12	4.3753723941171266e-12	0.0	0.0	0.0	0.0	0.0	0.0	0.0	0.0	0.0	0.0	0.0	0.0	0.0	0.0	0.0	0.0	0.0	0.0	0.0	0.0	0.0	0.0	0.0
other	0.0	9.307584438167562e-12	2.797387428563229e-12	2.0036287009819543e-12	1.5641018659936755e-12	3.856823259974556e-12	0.0	1.9082735145233515e-12	2.544410575626959e-12	2.2956656753987123e-12	6.988197745827208e-13	1.9339423124840237e-12	2.399181760310667e-12	0.0	5.304422199076673e-13	1.0067417427639165e-12	0.0	1.3807176853149352e-12	4.4305390880141416e-13	0.0	8.309631752813654e-13	4.0454052990416545e-13	0.0	3.873501566237434e-13	0.0	0.0	0.0	0.0	0.0	0.0
Bottom
other	0.0	0.0	0.0	0.0	0.0	0.0	0.0	0.0	0.0	0.0	0.0	0.0	0.0	0.0	0.0	0.0	0.0	0.0	0.0	0.0	0.0	0.0	0.0	0.0	0.0	0.0	0.0	0.0	0.0	0.0
Graph
other	0.0	1.8615168876335124e-11	8.392162285689687e-12	1.803265830883759e-11	4.692305597981027e-12	2.8283370573146737e-11	1.7501489576468506e-11	8.587230815355083e-12	9.329505443965514e-12	7.652218917995707e-12	4.891738422079046e-12	7.091121812441419e-12	6.597749840854335e-12	2.248877828817251e-12	1.5913266597230021e-12	3.02022522829175e-12	0.0	2.3011961421915585e-12	8.861078176028283e-13	8.564746172641231e-13	1.6619263505627309e-12	1.2136215897124964e-12	7.904327704329447e-13	0.0	0.0	0.0	0.0	0.0	7.325227816980439e-13	0.0
C60
other	0.0	0.0	0.0	0.0	0.0	0.0	0.0	0.0	0.0	0.0	0.0	0.0	0.0	0.0	0.0	0.0	0.0	4.602392284383116e-13	4.4305390880141416e-13	0.0	4.154815876406827e-13	0.0	0.0	3.873501566237434e-13	0.0	0.0	0.0	0.0	0.0	0.0
