dphi = 0.05235987755982988	first column is a mass, last row consists of all other masses	mass / surface of the sphere ring	scaled mass sums in consecutive angle intervals, last interval most often smaller (ends at pi/2)
Top
24.022	2.7897241872519153e-11	0.0	1.6784324571379374e-11	1.2021772205891726e-11	3.12820373198735e-11	1.2856077533248517e-11	4.3753723941171266e-12	1.335791460166346e-11	6.785094868338557e-12	2.1426212970387976e-11	9.78347684415809e-12	7.735769249936093e-12	7.1975452809320004e-12	7.871072400860377e-12	4.2435377592613385e-12	5.0337087138195825e-12	2.8810846763397373e-12	2.7614353706298705e-12	7.088862540822625e-12	2.56942385179237e-12	2.4928895258440966e-12	3.2363242392333236e-12	7.904327704329447e-13	2.3241009397424607e-12	5.3314011206778435e-12	3.004061080501239e-12	2.2281037790244364e-12	2.9462643335194127e-12	0.0	2.1915449630113432e-12
36.033	0.0	0.0	8.392162285689687e-12	0.0	4.692305597981027e-12	0.0	6.563058591175691e-12	0.0	0.0	2.2956656753987123e-12	2.0964593237481625e-12	0.0	1.7993863202330005e-12	0.0	3.1826533194460043e-12	1.510112614145875e-12	1.4405423381698686e-12	0.0	1.3291617264042426e-12	1.284711925896185e-12	1.2464447629220483e-12	1.2136215897124964e-12	1.1856491556494172e-12	1.1620504698712303e-12	0.0	1.1265229051879647e-12	0.0	0.0	0.0	1.0957724815056716e-12
48.044	0.0	0.0	0.0	8.014514803927817e-12	0.0	0.0	0.0	0.0	3.3925474341692784e-12	0.0	0.0	0.0	2.399181760310667e-12	0.0	0.0	0.0	0.0	0.0	1.7722156352056566e-12	0.0	0.0	0.0	0.0	0.0	0.0	0.0	0.0	0.0	1.4650455633960878e-12	0.0
96.088	0.0	0.0	0.0	0.0	0.0	0.0	0.0	0.0	0.0	0.0	0.0	0.0	0.0	0.0	0.0	0.0	0.0	0.0	0.0	0.0	0.0	0.0	0.0	0.0	0.0	0.0	0.0	0.0	0.0	2.9220599506817904e-12
72.066	0.0	0.0	0.0	1.2021772205891724e-11	0.0	0.0	0.0	0.0	0.0	0.0	0.0	0.0	0.0	0.0	0.0	0.0	0.0	0.0	0.0	0.0	0.0	0.0	0.0	0.0	0.0	0.0	0.0	0.0	0.0	0.0
other	0.0	0.0	0.0	0.0	1.5641018659936755e-12	3.856823259974556e-12	1.0938430985292816e-12	1.9082735145233515e-12	0.0	0.0	0.0	1.289294874989349e-12	3.5987726404660002e-12	0.0	2.1217688796306693e-12	5.033708713819583e-13	4.801807793899562e-13	9.204784568766233e-13	0.0	4.2823730863206157e-13	4.154815876406827e-13	0.0	0.0	0.0	0.0	3.7550763506265485e-13	0.0	0.0	0.0	0.0
Bottom
other	0.0	0.0	0.0	0.0	0.0	0.0	0.0	0.0	0.0	0.0	0.0	0.0	0.0	0.0	0.0	0.0	0.0	0.0	0.0	0.0	0.0	0.0	0.0	0.0	0.0	0.0	0.0	0.0	0.0	0.0
Graph
other	2.7897241872519153e-11	0.0	2.517648685706906e-11	3.205805921571127e-11	2.971793545387983e-11	1.671290079322307e-11	9.844587886763534e-12	1.335791460166346e-11	8.481368585423195e-12	2.372187864578669e-11	1.048229661874081e-11	8.380416687430767e-12	1.2595704241630999e-11	6.746633486451753e-12	9.017517738430346e-12	7.047192199347415e-12	4.801807793899561e-12	3.681913827506493e-12	1.0190239902432524e-11	4.2823730863206156e-12	3.739334288766145e-12	3.640864769137489e-12	1.976081926082362e-12	3.4861514096136902e-12	5.3314011206778435e-12	4.506091620751858e-12	2.2281037790244364e-12	2.9462643335194127e-12	1.4650455633960878e-12	6.209377395198805e-12
C60
other	0.0	0.0	0.0	0.0	7.820509329968377e-12	0.0	2.1876861970585633e-12	1.9082735145233515e-12	1.6962737170846392e-12	0.0	1.3976395491654416e-12	6.446474374946745e-13	2.399181760310667e-12	1.1244389144086255e-12	5.304422199076673e-13	0.0	0.0	0.0	0.0	0.0	4.154815876406827e-13	8.090810598083309e-13	0.0	0.0	0.0	0.0	0.0	0.0	0.0	0.0
