dphi = 0.05235987755982988	first column is a mass, last row consists of all other masses	mass / surface of the sphere ring	scaled mass sums in consecutive angle intervals, last interval most often smaller (ends at pi/2)
Top
24.022	5.5794483745038306e-11	1.8615168876335124e-11	2.237909942850583e-11	4.007257401963908e-11	3.12820373198735e-11	4.113944810639525e-11	3.062760675881988e-11	3.2440649746896976e-11	2.7140379473354224e-11	1.9895769186788838e-11	2.096459323748162e-11	1.8050128249850884e-11	1.0796317921398e-11	1.686658371612938e-11	1.2730613277784016e-11	6.040450456583498e-12	5.762169352679474e-12	1.0125263025642856e-11	4.430539088014141e-12	3.4258984690564925e-12	4.154815876406827e-12	4.045405299041654e-12	3.952163852164723e-12	3.873501566237434e-12	1.5232574630508125e-12	4.506091620751858e-12	7.42701259674812e-13	2.2096982501395596e-12	0.0	0.0
36.033	0.0	1.3961376657251346e-11	8.392162285689687e-12	0.0	9.384611195962053e-12	1.1570469779923667e-11	9.844587886763536e-12	2.862410271785028e-12	5.088821151253918e-12	4.591331350797425e-12	6.289377971244487e-12	7.735769249936095e-12	3.598772640466001e-12	1.6866583716129384e-12	3.1826533194460043e-12	6.0404504565835e-12	1.4405423381698686e-12	1.3807176853149352e-12	0.0	0.0	1.2464447629220483e-12	1.2136215897124964e-12	2.3712983112988344e-12	0.0	0.0	0.0	1.1140518895122182e-12	0.0	0.0	0.0
48.044	0.0	0.0	0.0	1.6029029607855635e-11	0.0	5.142431013299407e-12	0.0	3.816547029046703e-12	0.0	0.0	5.5905581966617666e-12	0.0	0.0	0.0	0.0	0.0	0.0	0.0	0.0	0.0	0.0	0.0	0.0	0.0	0.0	0.0	0.0	0.0	0.0	0.0
60.055	0.0	0.0	0.0	0.0	7.820509329968377e-12	0.0	0.0	0.0	4.2406842927115974e-12	0.0	0.0	0.0	0.0	0.0	0.0	0.0	2.4009038969497806e-12	0.0	0.0	0.0	0.0	0.0	0.0	0.0	0.0	0.0	0.0	0.0	0.0	0.0
4418366.46	0.0	0.0	0.0	0.0	0.0	0.0	0.0	0.0	0.0	0.0	0.0	0.0	0.0	0.0	0.0	0.0	0.0	0.0	0.0	1.5753137635288028e-07	0.0	0.0	0.0	0.0	0.0	0.0	0.0	0.0	0.0	0.0
other	0.0	9.307584438167562e-12	2.797387428563229e-12	8.014514803927817e-12	1.2512814927949401e-11	6.4280387666242586e-12	9.844587886763534e-12	1.335791460166346e-11	1.1025779161050153e-11	6.121775134396565e-12	3.4940988729136037e-12	3.223237187473372e-12	4.798363520621333e-12	5.059975114838814e-12	3.713095539353671e-12	3.5235960996737074e-12	2.881084676339737e-12	3.681913827506493e-12	1.3291617264042426e-12	8.564746172641231e-13	8.309631752813654e-13	1.2136215897124964e-12	0.0	3.873501566237434e-13	3.808143657627031e-13	3.7550763506265485e-13	0.0	0.0	3.6626139084902195e-13	0.0
Bottom
other	0.0	0.0	0.0	0.0	0.0	0.0	0.0	0.0	0.0	0.0	0.0	0.0	0.0	0.0	0.0	0.0	0.0	0.0	0.0	0.0	0.0	0.0	0.0	0.0	0.0	0.0	0.0	0.0	0.0	0.0
Graph
other	5.5794483745038306e-11	4.188412997175403e-11	3.356864914275874e-11	6.010886102945862e-11	6.099997277375335e-11	5.528113339296863e-11	4.5941410138229834e-11	5.056924813486883e-11	4.32549797856583e-11	2.7547988104784545e-11	3.2844529405387883e-11	2.7719839812271002e-11	1.919345408248534e-11	2.361321720258114e-11	1.803503547686069e-11	1.510112614145875e-11	1.2004519484748905e-11	1.2426459167834415e-11	5.759700814418383e-12	1.5753565872596657e-07	5.816742226969558e-12	6.068107948562481e-12	6.3234621634635574e-12	3.4861514096136902e-12	1.9040718288135157e-12	4.881599255814513e-12	1.85675314918703e-12	2.2096982501395596e-12	3.6626139084902195e-13	0.0
C60
other	0.0	0.0	0.0	4.007257401963909e-12	0.0	8.999254273273963e-12	4.3753723941171266e-12	1.9082735145233515e-12	4.2406842927115974e-12	3.060887567198283e-12	3.494098872913604e-12	1.289294874989349e-12	0.0	0.0	1.5913266597230021e-12	5.033708713819583e-13	4.801807793899562e-13	2.7614353706298705e-12	0.0	0.0	4.154815876406827e-13	4.0454052990416545e-13	0.0	7.747003132474868e-13	0.0	0.0	0.0	0.0	0.0	0.0
