dphi = 0.05235987755982988	first column is a mass, last row consists of all other masses	mass / surface of the sphere ring	scaled mass sums in consecutive angle intervals, last interval most often smaller (ends at pi/2)
Top
24.022	0.0	0.0	0.0	0.0	9.384611195962053e-12	0.0	0.0	0.0	6.785094868338557e-12	3.060887567198283e-12	4.192918647496325e-12	3.8678846249680474e-12	4.798363520621334e-12	3.373316743225877e-12	1.0608844398153346e-12	0.0	0.0	0.0	3.5444312704113133e-12	0.0	3.3238527011254618e-12	0.0	0.0	0.0	0.0	0.0	1.485402519349624e-12	0.0	0.0	0.0
36.033	0.0	0.0	0.0	0.0	0.0	0.0	3.2815292955878453e-12	0.0	0.0	0.0	0.0	0.0	0.0	1.6866583716129384e-12	0.0	0.0	0.0	0.0	0.0	0.0	0.0	0.0	0.0	0.0	0.0	0.0	0.0	0.0	0.0	0.0
other	0.0	4.653792219083781e-12	2.797387428563229e-12	8.014514803927817e-12	9.384611195962052e-12	1.2856077533248518e-12	9.844587886763534e-12	9.541367572616758e-13	4.2406842927115974e-12	1.5304437835991415e-12	6.9881977458272066e-12	3.867884624968047e-12	3.5987726404660002e-12	5.622194572043127e-12	2.6522110995383366e-12	3.5235960996737074e-12	2.881084676339737e-12	1.3807176853149352e-12	1.7722156352056566e-12	1.284711925896185e-12	8.309631752813654e-13	2.831783709329158e-12	1.5808655408658894e-12	1.1620504698712303e-12	1.1424430972881095e-12	0.0	3.71350629837406e-13	0.0	0.0	0.0
Bottom
other	0.0	0.0	0.0	0.0	0.0	0.0	0.0	0.0	0.0	0.0	0.0	0.0	0.0	0.0	0.0	0.0	0.0	0.0	0.0	0.0	0.0	0.0	0.0	0.0	0.0	0.0	0.0	0.0	0.0	0.0
Graph
other	0.0	0.0	2.797387428563229e-12	8.014514803927817e-12	1.7205120525930428e-11	1.2856077533248518e-12	1.2032274083822097e-11	9.541367572616758e-13	1.1025779161050153e-11	4.591331350797425e-12	8.385837294992648e-12	5.80182693745207e-12	6.597749840854334e-12	1.068216968688194e-11	3.1826533194460043e-12	2.5168543569097913e-12	1.9207231175598247e-12	1.3807176853149352e-12	3.987485179212727e-12	4.2823730863206157e-13	4.154815876406827e-12	8.090810598083309e-13	0.0	7.747003132474868e-13	7.616287315254062e-13	0.0	1.85675314918703e-12	0.0	0.0	0.0
C60
other	0.0	4.653792219083781e-12	0.0	0.0	1.5641018659936755e-12	0.0	1.0938430985292816e-12	0.0	0.0	0.0	2.7952790983308833e-12	1.9339423124840237e-12	1.7993863202330005e-12	0.0	5.304422199076673e-13	1.0067417427639165e-12	9.603615587799124e-13	0.0	1.3291617264042426e-12	8.564746172641231e-13	0.0	2.022702649520827e-12	1.5808655408658894e-12	3.873501566237434e-13	3.808143657627031e-13	0.0	0.0	0.0	0.0	0.0
