dphi = 0.05235987755982988	first column is a mass, last row consists of all other masses	mass / surface of the sphere ring	scaled mass sums in consecutive angle intervals, last interval most often smaller (ends at pi/2)
Top
24.022	0.0	9.307584438167562e-12	0.0	1.6029029607855635e-11	0.0	7.713646519949112e-12	6.563058591175691e-12	3.816547029046703e-12	3.3925474341692784e-12	4.591331350797425e-12	2.7952790983308833e-12	1.289294874989349e-12	3.598772640466001e-12	1.1244389144086255e-12	0.0	3.02022522829175e-12	0.0	3.681913827506493e-12	8.861078176028283e-13	0.0	0.0	8.090810598083309e-13	0.0	7.747003132474868e-13	0.0	0.0	0.0	0.0	0.0	0.0
36.033	0.0	0.0	0.0	0.0	0.0	0.0	0.0	0.0	0.0	2.2956656753987123e-12	0.0	0.0	0.0	0.0	0.0	0.0	0.0	0.0	0.0	0.0	1.2464447629220483e-12	1.2136215897124964e-12	0.0	0.0	0.0	0.0	0.0	0.0	0.0	1.0957724815056716e-12
other	0.0	4.653792219083781e-12	0.0	6.010886102945863e-12	1.5641018659936755e-12	2.5712155066497036e-12	7.65690168970497e-12	3.816547029046703e-12	3.3925474341692784e-12	4.591331350797424e-12	2.0964593237481625e-12	2.578589749978698e-12	4.798363520621333e-12	3.935536200430189e-12	2.6522110995383366e-12	2.013483485527833e-12	4.321627014509605e-12	4.602392284383116e-12	1.3291617264042426e-12	2.997661160424431e-12	1.6619263505627309e-12	4.0454052990416545e-13	1.5808655408658894e-12	3.873501566237434e-13	0.0	0.0	0.0	0.0	3.6626139084902195e-13	0.0
Bottom
other	0.0	0.0	0.0	0.0	0.0	0.0	0.0	0.0	0.0	0.0	0.0	0.0	0.0	0.0	0.0	0.0	0.0	0.0	0.0	0.0	0.0	0.0	0.0	0.0	0.0	0.0	0.0	0.0	0.0	0.0
Graph
other	0.0	1.3961376657251346e-11	0.0	2.2039915710801494e-11	1.5641018659936755e-12	1.0284862026598814e-11	1.421996028088066e-11	7.633094058093406e-12	6.785094868338557e-12	1.0713106485193988e-11	4.891738422079046e-12	3.867884624968047e-12	8.397136161087334e-12	4.497755657634501e-12	1.5913266597230021e-12	4.026966971055666e-12	3.3612654557296928e-12	7.363827655012986e-12	2.2152695440070707e-12	2.997661160424431e-12	2.0774079382034135e-12	2.022702649520827e-12	3.9521638521647234e-13	1.1620504698712303e-12	0.0	0.0	0.0	0.0	0.0	1.0957724815056716e-12
C60
other	0.0	0.0	0.0	0.0	0.0	0.0	0.0	0.0	0.0	7.652218917995707e-13	0.0	0.0	0.0	5.622194572043128e-13	1.0608844398153346e-12	1.0067417427639165e-12	9.603615587799124e-13	9.204784568766233e-13	0.0	0.0	8.309631752813654e-13	4.0454052990416545e-13	1.1856491556494172e-12	0.0	0.0	0.0	0.0	0.0	3.6626139084902195e-13	0.0
