dphi = 0.05235987755982988	first column is a mass, last row consists of all other masses	mass / surface of the sphere ring	scaled mass sums in consecutive angle intervals, last interval most often smaller (ends at pi/2)
Top
24.022	0.0	0.0	0.0	0.0	0.0	2.5712155066497036e-12	2.1876861970585633e-12	1.9082735145233515e-12	1.6962737170846392e-12	6.121775134396566e-12	0.0	1.289294874989349e-12	1.1995908801553335e-12	1.1244389144086255e-12	0.0	0.0	0.0	0.0	8.861078176028283e-13	0.0	8.309631752813654e-13	0.0	0.0	7.747003132474868e-13	0.0	0.0	0.0	0.0	0.0	0.0
36.033	0.0	0.0	0.0	0.0	0.0	0.0	0.0	0.0	0.0	0.0	2.0964593237481625e-12	0.0	0.0	0.0	0.0	0.0	0.0	0.0	0.0	0.0	0.0	0.0	0.0	0.0	0.0	0.0	0.0	0.0	0.0	0.0
other	0.0	4.653792219083781e-12	5.594774857126458e-12	2.0036287009819543e-12	4.692305597981027e-12	2.5712155066497036e-12	6.563058591175689e-12	2.862410271785028e-12	3.3925474341692784e-12	7.652218917995706e-12	4.891738422079045e-12	1.9339423124840237e-12	1.7993863202330005e-12	2.248877828817251e-12	2.1217688796306693e-12	1.510112614145875e-12	1.9207231175598247e-12	1.8409569137532466e-12	1.3291617264042426e-12	8.564746172641231e-13	8.309631752813654e-13	4.0454052990416545e-13	1.9760819260823615e-12	3.873501566237434e-13	3.808143657627031e-13	3.7550763506265485e-13	7.42701259674812e-13	3.682830416899266e-13	0.0	0.0
Bottom
other	0.0	0.0	0.0	0.0	0.0	0.0	0.0	0.0	0.0	0.0	0.0	0.0	0.0	0.0	0.0	0.0	0.0	0.0	0.0	0.0	0.0	0.0	0.0	0.0	0.0	0.0	0.0	0.0	0.0	0.0
Graph
other	0.0	0.0	5.594774857126458e-12	0.0	3.128203731987351e-12	2.5712155066497036e-12	2.1876861970585633e-12	0.0	1.6962737170846392e-12	6.886997026196136e-12	3.494098872913604e-12	6.446474374946745e-13	5.997954400776668e-13	1.1244389144086255e-12	1.0608844398153346e-12	1.0067417427639165e-12	9.603615587799124e-13	4.602392284383116e-13	1.7722156352056566e-12	4.2823730863206157e-13	8.309631752813654e-13	4.0454052990416545e-13	1.5808655408658894e-12	1.1620504698712303e-12	0.0	3.7550763506265485e-13	7.42701259674812e-13	3.682830416899266e-13	0.0	0.0
C60
other	0.0	4.653792219083781e-12	0.0	2.0036287009819543e-12	1.5641018659936755e-12	2.5712155066497036e-12	6.563058591175689e-12	4.770683786308379e-12	3.3925474341692784e-12	6.886997026196136e-12	3.4940988729136037e-12	2.578589749978698e-12	2.399181760310667e-12	2.248877828817251e-12	1.0608844398153346e-12	5.033708713819583e-13	9.603615587799124e-13	1.3807176853149352e-12	4.4305390880141416e-13	4.2823730863206157e-13	8.309631752813654e-13	0.0	3.9521638521647234e-13	0.0	3.808143657627031e-13	0.0	0.0	0.0	0.0	0.0
