dphi = 0.05235987755982988	first column is a mass, last row consists of all other masses	mass / surface of the sphere ring	scaled mass sums in consecutive angle intervals, last interval most often smaller (ends at pi/2)
Top
24.022	0.0	3.723033775267025e-11	4.4758198857011656e-11	4.407983142160299e-11	3.12820373198735e-11	3.342580158644614e-11	4.15660377441127e-11	2.671582920332692e-11	2.5444105756269585e-11	2.295665675398712e-11	9.78347684415809e-12	1.933942312484023e-11	2.0393044962640666e-11	1.5742144801720755e-11	1.379149771759935e-11	1.107415917040308e-11	2.8810846763397373e-12	8.284306111889609e-12	5.316646905616969e-12	8.564746172641231e-13	5.816742226969557e-12	8.090810598083309e-13	2.3712983112988344e-12	1.5494006264949737e-12	1.5232574630508125e-12	6.008122161002477e-12	7.42701259674812e-13	2.9462643335194127e-12	1.4650455633960878e-12	2.922059950681791e-12
36.033	0.0	1.3961376657251346e-11	0.0	0.0	1.8769222391924107e-11	1.928411629987278e-11	1.640764647793923e-11	2.862410271785028e-12	5.088821151253918e-12	4.591331350797425e-12	1.2578755942488976e-11	3.8678846249680474e-12	1.7993863202330005e-12	1.6866583716129384e-12	1.5913266597230021e-12	3.02022522829175e-12	2.8810846763397373e-12	4.142153055944806e-12	0.0	0.0	1.2464447629220483e-12	1.2136215897124964e-12	0.0	0.0	0.0	0.0	1.1140518895122182e-12	0.0	0.0	0.0
60.055	0.0	0.0	0.0	0.0	0.0	0.0	0.0	0.0	0.0	0.0	3.4940988729136037e-12	0.0	0.0	0.0	0.0	0.0	0.0	0.0	0.0	2.1411865431603078e-12	0.0	0.0	1.9760819260823615e-12	0.0	0.0	0.0	0.0	0.0	1.8313069542451095e-12	0.0
48.044	0.0	0.0	0.0	0.0	0.0	0.0	0.0	0.0	0.0	3.060887567198283e-12	0.0	0.0	0.0	2.248877828817251e-12	0.0	0.0	0.0	0.0	0.0	0.0	0.0	0.0	0.0	1.5494006264949737e-12	0.0	0.0	0.0	0.0	0.0	0.0
72.066	0.0	0.0	0.0	0.0	0.0	0.0	0.0	0.0	0.0	0.0	0.0	0.0	0.0	0.0	0.0	0.0	0.0	0.0	0.0	0.0	0.0	4.854486358849985e-12	0.0	0.0	0.0	0.0	0.0	0.0	0.0	0.0
other	0.0	0.0	8.392162285689687e-12	8.014514803927817e-12	9.384611195962052e-12	2.5712155066497036e-12	5.469215492646408e-12	7.633094058093406e-12	9.329505443965514e-12	6.8869970261961354e-12	6.9881977458272066e-12	9.025064124925442e-12	4.798363520621333e-12	3.935536200430189e-12	2.1217688796306693e-12	3.020225228291749e-12	1.9207231175598247e-12	2.3011961421915585e-12	1.7722156352056566e-12	1.7129492345282463e-12	8.309631752813654e-13	4.0454052990416545e-13	0.0	3.873501566237434e-13	0.0	0.0	0.0	0.0	0.0	0.0
Bottom
other	0.0	0.0	0.0	0.0	0.0	0.0	0.0	0.0	0.0	0.0	0.0	0.0	0.0	0.0	0.0	0.0	0.0	0.0	0.0	0.0	0.0	0.0	0.0	0.0	0.0	0.0	0.0	0.0	0.0	0.0
Graph
other	0.0	4.188412997175403e-11	5.315036114270134e-11	5.009071752454885e-11	5.0051259711797616e-11	4.756748687301952e-11	6.344289971469836e-11	3.721133353320536e-11	3.6469884917319746e-11	3.443498513098068e-11	3.2844529405387883e-11	3.029842956224972e-11	2.5791203923339676e-11	2.0802119916559572e-11	1.7504593256953023e-11	1.5604497012840704e-11	7.202711690849343e-12	1.2886698396272728e-11	6.6458086320212116e-12	4.710610394952677e-12	7.89415016517297e-12	7.281729538274978e-12	4.3473802373811955e-12	2.711451096366204e-12	1.5232574630508125e-12	6.008122161002477e-12	1.85675314918703e-12	2.9462643335194127e-12	3.2963525176411977e-12	2.922059950681791e-12
C60
other	0.0	9.307584438167562e-12	0.0	2.0036287009819543e-12	9.384611195962053e-12	7.713646519949112e-12	0.0	0.0	3.3925474341692784e-12	3.060887567198283e-12	0.0	1.9339423124840237e-12	1.1995908801553335e-12	2.811097286021564e-12	0.0	1.510112614145875e-12	4.801807793899562e-13	1.8409569137532466e-12	4.4305390880141416e-13	0.0	0.0	0.0	0.0	7.747003132474868e-13	0.0	0.0	0.0	0.0	0.0	0.0
