id	name	mass [g/mol]	latitude [rad]	longitude [rad]
Top
1126	C2	24.022	0.792739441604364	1.6397017045563707
1127	C	12.011	0.21553215767333253	-0.6495153984964102
1128	C2	24.022	0.6660764727814578	-0.9070989352075983
1129	C	12.011	1.0614302298726606	2.199189827271982
1130	C2	24.022	1.2108062481280024	2.1691183268914327
1131	C2	24.022	0.31892250294861	-0.9060124842589377
1132	C	12.011	0.3731510220100018	1.462512688376506
1134	C2	24.022	0.43617012564042223	-1.7115771148472132
1135	C2	24.022	0.7687992528976125	0.5463624184350838
1136	C	12.011	0.47049651719634095	-0.7628284302450075
1137	C2	24.022	1.0853025432528263	0.9500849638876342
1138	C	12.011	0.7804534202848233	-0.357113200511555
1139	C	12.011	1.2582211408557216	-0.6113533867018498
1140	C	12.011	0.38660379753339463	0.027140060257498055
1141	C2	24.022	0.769899203785286	1.3981475029647221
1142	C2	24.022	0.4436087519792362	1.3541359201784753
1143	C2	24.022	0.12492097990646217	0.04535671671056201
1144	C	12.011	0.5381292693769466	0.9621616282720988
1145	C	12.011	0.8845855853134215	1.2672378236124857
1146	C	12.011	0.8866108278274055	0.3789328125470655
1147	C	12.011	0.3659096095450225	2.677393218488968
1148	C	12.011	0.5152759442529518	1.8700676382402888
1150	C2	24.022	0.5570429435594486	-1.9577045731714318
1151	C2	24.022	1.0984508949818523	0.8905459262147358
1153	C2	24.022	0.3619011980657255	0.37044738268722793
1154	C2	24.022	0.1224864436771926	2.917368924136391
1155	C	12.011	0.4385258077663016	-0.7878222335558347
1156	C	12.011	0.8545282528512805	-1.2210393935496573
1157	C	12.011	0.2933078042078441	1.3057262622095724
1158	C	12.011	0.9030643246657348	0.48218000832648666
1159	C	12.011	0.33319951049312946	0.7652628776018805
1160	C	12.011	0.5578639992376914	1.676898814952082
1161	C	12.011	0.8890145711414339	0.37496640560657185
1162	C2	24.022	0.20127228552662296	1.3702746761101179
1163	C	12.011	0.35452744620741555	-2.2199860593313105
1164	C2	24.022	0.08470396025291543	-1.6484709782334577
1165	C	12.011	0.9771394633395609	1.7565657804439772
1166	C	12.011	0.3808913176715755	2.519417632375613
1167	C	12.011	0.8913049733958457	0.3287499257327809
1168	C	12.011	1.4119248511238265	0.027001164844304797
1169	C	12.011	0.2843075234601438	-0.34461916439678847
1170	C	12.011	0.7851192283463924	-0.8989800008034459
1172	C2	24.022	0.2997653830736698	-1.655596607557804
1173	C	12.011	0.7878567719602741	0.020273333358545392
1174	C3	36.033	0.7851202245703369	-2.118278442790098
1175	C	12.011	0.6785798600902475	0.03656590715070126
1176	C	12.011	0.7994591674549861	-1.1947774516622285
1177	C	12.011	0.565127222731526	0.6598853345082795
1178	C	12.011	0.29949454165268163	-2.101932179909474
1179	C	12.011	1.0225735052519613	-1.5256537567235615
1180	C	12.011	0.10742767254835332	2.259337799122505
1181	C	12.011	0.9056458193309183	-1.193918249588181
1182	C2	24.022	0.7751648185616729	0.14257103832645746
1183	C	12.011	0.7705478246578499	-2.1217499271678704
1184	C	12.011	1.3231229598655918	0.8745124844609353
1185	C2	24.022	1.080474261669826	1.6430378999711361
1186	C2	24.022	0.8214966275610117	-1.327909041186686
1187	C	12.011	0.3031739935806981	0.6600487533286303
1188	C	12.011	0.467151679339356	-1.2753994657667802
1189	C2	24.022	0.7579630458517294	-0.3097726808614791
1190	C	12.011	1.2832089163106735	0.5766384312944994
1191	C	12.011	0.9828058972961546	-0.28468959696733204
1192	C2	24.022	0.5808403098402476	-1.4764289667619832
1193	C	12.011	0.5683791150983363	0.229083499817778
1194	C3	36.033	0.7314668460538624	-0.9203582857727612
1195	C2	24.022	0.5967249981475822	-0.3411862839412895
1196	C	12.011	0.8842365984578047	0.8623916138719123
1197	C2	24.022	0.5718111852131381	-0.22840195567243868
1198	C	12.011	0.5529234420222583	1.541907200269919
1199	C2	24.022	0.10257998371354757	-0.8912666253763375
1200	C	12.011	0.5368385340083518	-0.468607014781023
1201	C2	24.022	0.8135965689617316	-0.7144557568328058
1202	C2	24.022	1.1408536610798456	-1.2603455819156568
1203	C3	36.033	0.5014867146159968	-1.2182874663082899
1204	C2	24.022	0.6582884587207526	-0.7160904246870798
1207	C	12.011	0.680080359229258	-0.12499093316520021
1208	C	12.011	0.8900048979599586	-0.513843924951349
1209	C2	24.022	0.5163223656513145	1.6084901739637798
1210	C	12.011	0.42351083914916354	0.25828051286610876
1211	C2	24.022	0.3468855754344455	-1.8482374895657627
1212	C	12.011	0.6520537211800372	-0.5270951106737266
1214	C	12.011	0.3784923774757438	-2.1631335103731746
1215	C	12.011	0.545131546203718	-2.157091614265502
1216	C	12.011	1.0115872336493703	1.0656287497912609
1223	C	12.011	0.7218715745449296	-0.9385824736984796
1224	C	12.011	1.10805567872674	0.8240295294999853
1225	C	12.011	0.674344573531798	0.19423416649464698
1226	C	12.011	0.36440204316304303	-0.6051651647394067
1227	C	12.011	0.8183653866710833	-0.20887893651191836
1228	C	12.011	0.9595042768575339	0.5569887324959023
1234	C	12.011	0.8353578992171311	-1.0750621040387796
1235	C	12.011	0.5641421011295723	1.0231245466098255
1236	C	12.011	0.80760898548675	-0.2598544850977832
1237	C	12.011	0.2992220331437389	0.07685150540550387
1238	C	12.011	0.8310255596528022	0.8084577943616745
1240	C	12.011	1.143404535244095	-1.4857083056385247
1241	C	12.011	1.08764736319459	1.8401601885361618
1242	C	12.011	0.3859641038961489	1.3446299570338056
1246	C	12.011	0.38300905993158446	-0.3148041992665074
1250	C	12.011	0.909864660595407	-1.032591747139736
1251	C	12.011	0.7132635442776414	-1.1271309912399594
1254	C	12.011	0.5843192009457858	-0.2647624927230301
1257	C	12.011	0.7228370843465937	-1.4226101112068983
1261	C2	24.022	0.6963867632716781	3.0905050837338566
1262	C2	24.022	0.21782051508708475	-2.8949877482995765
1263	C2	24.022	0.33236426753491866	-0.5164437534507901
1264	C	12.011	0.7396054432187478	0.7194413525454605
1265	C	12.011	0.6538206860780706	2.4922617076716755
1266	C3	36.033	0.5753539555636522	1.402799259274855
1267	C	12.011	1.2353644817660148	-0.5008276010813464
1268	C	12.011	0.776989505848091	-0.6028563258548267
1270	C	12.011	0.26908736395615235	-0.5591273802741775
1271	C4	48.044	1.1327005485299	-1.2161210075835356
1272	C	12.011	1.1948928308610816	-2.7795366422890555
1274	C	12.011	0.992189819204272	0.6540287741276104
1275	C	12.011	1.1112313627168477	-0.5945949603249548
1277	C2	24.022	0.8510099863531191	2.060197442807652
1279	C	12.011	0.8227968563631357	0.27667139991230594
1280	C	12.011	0.48936483587965923	1.5837679575707513
1281	C2	24.022	0.7916040419162804	0.15001340994969534
1282	C	12.011	0.5289603811341411	-0.7607979000712091
1283	C	12.011	0.5955095627001732	-0.5296279526545368
1284	C	12.011	1.1174064180735308	-0.20403153202742422
1285	C	12.011	0.4055018133193398	1.0104019739288939
1295	C	12.011	1.006384677862187	-0.4594130162595027
1296	C	12.011	0.8940506681795075	1.5719231435578729
1302	C	12.011	1.0728571742963122	1.0964554482450417
1304	C	12.011	1.1324434962677246	0.9970055444822695
1307	C	12.011	0.8735829287501308	1.2527036494079944
1309	C	12.011	0.7076609292552559	0.47048632827970793
1311	C	12.011	0.8967324164678132	-0.13889228909541046
1312	C	12.011	0.4149191706942606	1.4483852556548436
1316	C	12.011	0.9119678677455922	-1.3775345696281636
1317	C	12.011	0.7573762798717614	0.14317220640144018
1318	C	12.011	1.1385188549333534	0.3194563495647691
1319	C	12.011	1.2504289537286537	0.09804240898956611
1321	C	12.011	0.28697339337948014	0.053501991500738
1326	C	12.011	0.9651030634453557	0.14424142126894532
1327	C	12.011	0.377908434179456	0.18772159524604065
1329	C	12.011	0.7821445177990535	-0.38294602812462025
1332	C	12.011	0.9262866804839704	-0.07446000738439797
1333	C	12.011	0.9258443096500811	0.010375985658558726
Bottom
