dphi = 0.05235987755982988	first column is a mass, last row consists of all other masses	mass / surface of the sphere ring	scaled mass sums in consecutive angle intervals, last interval most often smaller (ends at pi/2)
Top
24.022	0.0	3.723033775267025e-11	3.356864914275874e-11	3.606531661767517e-11	4.3794852247822905e-11	1.542729303989822e-11	2.843992056176132e-11	2.4807555688803568e-11	1.865901088793103e-11	1.3773994052392271e-11	1.956695368831618e-11	1.933942312484023e-11	1.5594681442019333e-11	1.0119950229677628e-11	1.4852382157414685e-11	1.0067417427639163e-11	1.0563977146579035e-11	8.284306111889609e-12	3.5444312704113133e-12	2.56942385179237e-12	3.3238527011254618e-12	3.2363242392333236e-12	3.1617310817317787e-12	7.747003132474868e-13	3.046514926101625e-12	0.0	7.42701259674812e-13	2.9462643335194127e-12	7.325227816980439e-13	0.0
36.033	0.0	1.3961376657251346e-11	0.0	0.0	0.0	7.713646519949112e-12	0.0	5.724820543570056e-12	2.544410575626959e-12	2.2956656753987123e-12	0.0	1.9339423124840237e-12	0.0	1.6866583716129384e-12	0.0	1.510112614145875e-12	4.321627014509606e-12	1.3807176853149352e-12	0.0	0.0	0.0	0.0	0.0	0.0	0.0	1.1265229051879647e-12	0.0	0.0	1.098784172547066e-12	1.0957724815056716e-12
48.044	0.0	0.0	0.0	0.0	0.0	5.142431013299407e-12	0.0	0.0	0.0	0.0	0.0	0.0	0.0	0.0	0.0	0.0	0.0	0.0	0.0	0.0	0.0	0.0	0.0	0.0	0.0	0.0	0.0	0.0	0.0	1.4610299753408954e-12
4420504.418	0.0	0.0	0.0	0.0	5.756489225547166e-07	0.0	0.0	0.0	0.0	0.0	0.0	0.0	0.0	0.0	0.0	0.0	0.0	0.0	0.0	0.0	0.0	0.0	0.0	0.0	0.0	0.0	0.0	0.0	0.0	0.0
96.088	0.0	0.0	0.0	0.0	0.0	0.0	0.0	0.0	0.0	0.0	0.0	5.1571794999573955e-12	0.0	0.0	0.0	0.0	0.0	0.0	0.0	0.0	0.0	0.0	0.0	0.0	0.0	0.0	0.0	0.0	0.0	0.0
other	0.0	9.307584438167562e-12	1.678432457137937e-11	1.001814350490977e-11	9.384611195962052e-12	5.142431013299407e-12	6.563058591175689e-12	5.724820543570054e-12	1.0177642302507834e-11	6.121775134396565e-12	6.289377971244486e-12	7.735769249936093e-12	5.9979544007766665e-12	6.746633486451753e-12	3.713095539353671e-12	5.033708713819582e-12	3.841446235119649e-12	1.3807176853149352e-12	1.3291617264042426e-12	1.7129492345282463e-12	1.2464447629220483e-12	2.831783709329158e-12	7.904327704329447e-13	0.0	3.808143657627031e-13	0.0	7.42701259674812e-13	0.0	0.0	0.0
Bottom
other	0.0	0.0	0.0	0.0	0.0	0.0	0.0	0.0	0.0	0.0	0.0	0.0	0.0	0.0	0.0	0.0	0.0	0.0	0.0	0.0	0.0	0.0	0.0	0.0	0.0	0.0	0.0	0.0	0.0	0.0
Graph
other	0.0	4.188412997175403e-11	3.91634239998852e-11	4.007257401963908e-11	5.756974097125623e-07	3.085458607979644e-11	3.390913605440773e-11	3.530306001868201e-11	2.374783203918495e-11	1.83653254031897e-11	2.5856331659560672e-11	3.223237187473374e-11	2.0393044962640672e-11	1.630436425892507e-11	1.6443708817137685e-11	1.5101126141458747e-11	1.8246869616818337e-11	9.665023797204545e-12	4.8735929968155555e-12	4.2823730863206156e-12	4.57029746404751e-12	5.663567418658316e-12	3.952163852164723e-12	7.747003132474868e-13	2.665700560338922e-12	1.1265229051879647e-12	1.485402519349624e-12	2.9462643335194127e-12	1.83130695424511e-12	2.556802456846567e-12
C60
other	0.0	1.8615168876335124e-11	1.1189549714252916e-11	6.010886102945863e-12	4.692305597981027e-12	2.5712155066497036e-12	1.0938430985292816e-12	9.541367572616758e-13	7.633231726880875e-12	3.826109458997854e-12	0.0	1.9339423124840237e-12	1.1995908801553335e-12	2.248877828817251e-12	2.1217688796306693e-12	1.510112614145875e-12	4.801807793899562e-13	1.3807176853149352e-12	0.0	0.0	0.0	4.0454052990416545e-13	0.0	0.0	7.616287315254062e-13	0.0	0.0	0.0	0.0	0.0
