dphi = 0.05235987755982988	first column is a mass, last row consists of all other masses	mass / surface of the sphere ring	scaled mass sums in consecutive angle intervals, last interval most often smaller (ends at pi/2)
Top
24.022	0.0	0.0	1.1189549714252916e-11	0.0	0.0	2.5712155066497036e-12	2.1876861970585633e-12	0.0	0.0	3.060887567198283e-12	1.3976395491654416e-12	0.0	2.399181760310667e-12	1.1244389144086255e-12	3.1826533194460043e-12	1.0067417427639165e-12	0.0	0.0	8.861078176028283e-13	0.0	8.309631752813654e-13	0.0	0.0	0.0	7.616287315254062e-13	0.0	0.0	0.0	0.0	0.0
36.033	0.0	0.0	0.0	6.010886102945863e-12	4.692305597981027e-12	0.0	0.0	0.0	0.0	0.0	0.0	0.0	0.0	0.0	0.0	0.0	0.0	0.0	0.0	0.0	0.0	0.0	0.0	0.0	0.0	0.0	0.0	0.0	0.0	0.0
48.044	0.0	0.0	0.0	0.0	0.0	0.0	0.0	0.0	0.0	0.0	0.0	0.0	0.0	0.0	0.0	0.0	0.0	1.8409569137532466e-12	0.0	0.0	0.0	0.0	0.0	0.0	0.0	0.0	0.0	0.0	0.0	0.0
other	0.0	4.653792219083781e-12	2.797387428563229e-12	2.0036287009819543e-12	3.128203731987351e-12	7.71364651994911e-12	2.1876861970585633e-12	1.9082735145233515e-12	2.544410575626959e-12	5.356553242596994e-12	4.891738422079045e-12	1.289294874989349e-12	3.5987726404660002e-12	3.935536200430189e-12	4.773979979169006e-12	3.020225228291749e-12	4.321627014509605e-12	1.3807176853149352e-12	4.4305390880141416e-13	2.997661160424431e-12	8.309631752813654e-13	4.0454052990416545e-13	3.9521638521647234e-13	7.747003132474868e-13	7.616287315254062e-13	0.0	0.0	0.0	0.0	0.0
Bottom
other	0.0	0.0	0.0	0.0	0.0	0.0	0.0	0.0	0.0	0.0	0.0	0.0	0.0	0.0	0.0	0.0	0.0	0.0	0.0	0.0	0.0	0.0	0.0	0.0	0.0	0.0	0.0	0.0	0.0	0.0
Graph
other	0.0	4.653792219083781e-12	1.1189549714252916e-11	6.010886102945863e-12	4.692305597981027e-12	8.999254273273961e-12	4.3753723941171266e-12	0.0	1.6962737170846392e-12	6.886997026196136e-12	4.192918647496325e-12	0.0	2.399181760310667e-12	1.6866583716129384e-12	3.1826533194460043e-12	5.033708713819583e-13	1.4405423381698686e-12	3.221674599068182e-12	0.0	1.7129492345282463e-12	1.2464447629220483e-12	4.0454052990416545e-13	3.9521638521647234e-13	3.873501566237434e-13	7.616287315254062e-13	0.0	0.0	0.0	0.0	0.0
C60
other	0.0	0.0	2.797387428563229e-12	2.0036287009819543e-12	3.128203731987351e-12	1.2856077533248518e-12	0.0	1.9082735145233515e-12	8.481368585423196e-13	1.5304437835991415e-12	2.0964593237481625e-12	1.289294874989349e-12	3.5987726404660002e-12	3.373316743225877e-12	4.773979979169006e-12	3.5235960996737078e-12	2.881084676339737e-12	0.0	1.3291617264042426e-12	1.284711925896185e-12	4.154815876406827e-13	0.0	0.0	3.873501566237434e-13	7.616287315254062e-13	0.0	0.0	0.0	0.0	0.0
