dphi = 0.05235987755982988	first column is a mass, last row consists of all other masses	mass / surface of the sphere ring	scaled mass sums in consecutive angle intervals, last interval most often smaller (ends at pi/2)
Top
24.022	0.0	9.307584438167562e-12	5.594774857126458e-12	1.6029029607855635e-11	3.128203731987351e-12	1.0284862026598814e-11	4.3753723941171266e-12	3.816547029046703e-12	8.481368585423195e-12	4.591331350797425e-12	1.1181116393323532e-11	6.446474374946744e-12	3.598772640466001e-12	1.1244389144086255e-12	4.2435377592613385e-12	3.02022522829175e-12	2.8810846763397373e-12	9.204784568766233e-13	8.861078176028283e-13	8.564746172641231e-13	8.309631752813654e-13	0.0	1.5808655408658894e-12	0.0	7.616287315254062e-13	7.510152701253097e-13	7.42701259674812e-13	7.365660833798532e-13	0.0	0.0
36.033	0.0	0.0	0.0	0.0	0.0	0.0	0.0	2.862410271785028e-12	0.0	0.0	2.0964593237481625e-12	0.0	0.0	1.6866583716129384e-12	0.0	0.0	0.0	0.0	1.3291617264042426e-12	0.0	0.0	0.0	0.0	0.0	0.0	0.0	0.0	0.0	0.0	0.0
other	0.0	0.0	0.0	0.0	7.820509329968377e-12	2.5712155066497036e-12	2.1876861970585633e-12	1.9082735145233515e-12	5.088821151253917e-12	7.652218917995707e-13	2.0964593237481625e-12	3.223237187473372e-12	1.7993863202330005e-12	2.8110972860215638e-12	1.0608844398153346e-12	2.5168543569097913e-12	1.4405423381698686e-12	3.681913827506493e-12	8.861078176028283e-13	2.1411865431603078e-12	1.2464447629220483e-12	2.022702649520827e-12	0.0	0.0	3.808143657627031e-13	7.510152701253097e-13	3.71350629837406e-13	0.0	0.0	3.6525749383522385e-13
Bottom
other	0.0	0.0	0.0	0.0	0.0	0.0	0.0	0.0	0.0	0.0	0.0	0.0	0.0	0.0	0.0	0.0	0.0	0.0	0.0	0.0	0.0	0.0	0.0	0.0	0.0	0.0	0.0	0.0	0.0	0.0
Graph
other	0.0	9.307584438167562e-12	5.594774857126458e-12	1.6029029607855635e-11	1.0948713061955726e-11	1.2856077533248517e-11	6.563058591175691e-12	8.587230815355082e-12	1.3570189736677112e-11	5.356553242596996e-12	1.5374035040819855e-11	9.669711562420116e-12	5.398158960699001e-12	5.6221945720431275e-12	5.304422199076673e-12	5.53707958520154e-12	3.8414462351196495e-12	3.681913827506493e-12	3.101377361609899e-12	2.569423851792369e-12	1.2464447629220483e-12	4.0454052990416545e-13	1.5808655408658894e-12	0.0	7.616287315254062e-13	7.510152701253097e-13	7.42701259674812e-13	7.365660833798532e-13	0.0	0.0
C60
other	0.0	0.0	0.0	0.0	0.0	0.0	0.0	0.0	0.0	0.0	0.0	0.0	0.0	0.0	0.0	0.0	4.801807793899562e-13	9.204784568766233e-13	0.0	4.2823730863206157e-13	8.309631752813654e-13	1.6181621196166618e-12	0.0	0.0	3.808143657627031e-13	7.510152701253097e-13	3.71350629837406e-13	0.0	0.0	3.6525749383522385e-13
