dphi = 0.05235987755982988	first column is a mass, last row consists of all other masses	mass / surface of the sphere ring	scaled mass sums in consecutive angle intervals, last interval most often smaller (ends at pi/2)
Top
24.022	2.7897241872519153e-11	1.8615168876335124e-11	2.237909942850583e-11	2.8050801813747357e-11	2.8153833587886154e-11	1.542729303989822e-11	1.9689175773527068e-11	1.9082735145233515e-11	2.3747832039184946e-11	1.8365325403189696e-11	2.096459323748162e-11	1.2892948749893487e-11	9.596727041242667e-12	7.871072400860377e-12	1.2730613277784016e-11	8.05393394211133e-12	4.801807793899561e-12	3.681913827506493e-12	4.430539088014141e-12	5.138847703584738e-12	3.3238527011254618e-12	1.6181621196166618e-12	0.0	1.5494006264949737e-12	7.616287315254062e-13	7.510152701253097e-13	0.0	0.0	7.325227816980439e-13	0.0
36.033	0.0	1.3961376657251346e-11	0.0	1.2021772205891726e-11	9.384611195962053e-12	3.856823259974556e-12	0.0	2.862410271785028e-12	2.544410575626959e-12	4.591331350797425e-12	6.289377971244487e-12	0.0	5.398158960699001e-12	0.0	1.5913266597230021e-12	3.02022522829175e-12	2.8810846763397373e-12	0.0	0.0	0.0	0.0	0.0	1.1856491556494172e-12	0.0	0.0	0.0	0.0	0.0	0.0	1.0957724815056716e-12
48.044	0.0	0.0	0.0	8.014514803927817e-12	0.0	0.0	0.0	3.816547029046703e-12	0.0	0.0	0.0	0.0	0.0	0.0	0.0	0.0	0.0	0.0	0.0	0.0	0.0	0.0	0.0	0.0	0.0	0.0	0.0	0.0	0.0	0.0
4421537.364	0.0	0.0	0.0	0.0	0.0	0.0	0.0	0.0	0.0	0.0	0.0	0.0	0.0	0.0	0.0	0.0	0.0	0.0	0.0	0.0	0.0	0.0	0.0	0.0	0.0	0.0	0.0	0.0	1.3482960824446877e-07	0.0
60.055	0.0	0.0	0.0	0.0	7.820509329968377e-12	0.0	0.0	0.0	0.0	0.0	0.0	0.0	0.0	0.0	0.0	0.0	0.0	0.0	0.0	0.0	0.0	0.0	0.0	0.0	0.0	0.0	0.0	0.0	0.0	0.0
other	1.3948620936259577e-11	9.307584438167562e-12	2.797387428563229e-12	1.4025400906873679e-11	1.4076916793943077e-11	1.4141685286573368e-11	7.65690168970497e-12	1.9082735145233515e-12	2.544410575626959e-12	6.121775134396565e-12	4.891738422079045e-12	7.091121812441419e-12	5.398158960699e-12	6.746633486451753e-12	3.713095539353671e-12	4.530337842437624e-12	4.321627014509605e-12	2.3011961421915585e-12	2.2152695440070707e-12	1.7129492345282463e-12	1.6619263505627309e-12	4.0454052990416545e-13	3.9521638521647234e-13	0.0	1.1424430972881095e-12	3.7550763506265485e-13	0.0	0.0	3.6626139084902195e-13	7.305149876704477e-13
Bottom
other	0.0	0.0	0.0	0.0	0.0	0.0	0.0	0.0	0.0	0.0	0.0	0.0	0.0	0.0	0.0	0.0	0.0	0.0	0.0	0.0	0.0	0.0	0.0	0.0	0.0	0.0	0.0	0.0	0.0	0.0
Graph
other	4.184586280877873e-11	3.723033775267025e-11	2.237909942850583e-11	5.0090717524548855e-11	5.474356530977864e-11	2.9568978326471585e-11	2.297070506911491e-11	2.671582920332692e-11	2.4595968897727264e-11	2.8313209996584118e-11	2.8651610757891552e-11	1.9984070562334915e-11	1.739406776225234e-11	1.3493266972903506e-11	1.7504593256953023e-11	1.409438439869483e-11	1.1524338705358952e-11	5.52287074125974e-12	5.316646905616969e-12	5.995322320848862e-12	4.57029746404751e-12	2.022702649520827e-12	1.5808655408658894e-12	1.5494006264949737e-12	1.5232574630508125e-12	1.1265229051879647e-12	0.0	0.0	1.3483070702864133e-07	1.826287469176119e-12
C60
other	0.0	4.653792219083781e-12	2.797387428563229e-12	1.2021772205891726e-11	4.692305597981027e-12	3.856823259974556e-12	4.3753723941171266e-12	9.541367572616758e-13	4.240684292711598e-12	7.652218917995707e-13	3.4940988729136037e-12	0.0	2.9989772003883336e-12	1.1244389144086255e-12	5.304422199076673e-13	1.510112614145875e-12	4.801807793899562e-13	4.602392284383116e-13	1.3291617264042426e-12	8.564746172641231e-13	4.154815876406827e-13	0.0	0.0	0.0	3.808143657627031e-13	0.0	0.0	0.0	0.0	0.0
