dphi = 0.05235987755982988	first column is a mass, last row consists of all other masses	mass / surface of the sphere ring	scaled mass sums in consecutive angle intervals, last interval most often smaller (ends at pi/2)
Top
24.022	5.5794483745038306e-11	7.44606755053405e-11	3.356864914275874e-11	4.80870888235669e-11	6.569227837173435e-11	3.856823259974555e-11	4.594141013822982e-11	2.4807555688803568e-11	2.3747832039184946e-11	3.060887567198282e-11	2.7952790983308826e-11	1.4182243624882838e-11	1.4395090561864001e-11	1.3493266972903506e-11	1.1669728837968681e-11	8.05393394211133e-12	4.801807793899561e-12	2.7614353706298705e-12	7.088862540822625e-12	4.2823730863206156e-12	1.6619263505627309e-12	2.427243179424993e-12	3.1617310817317787e-12	1.5494006264949737e-12	1.5232574630508125e-12	2.2530458103759294e-12	7.42701259674812e-13	7.365660833798532e-13	2.197568345094132e-12	7.305149876704477e-13
36.033	0.0	1.3961376657251346e-11	8.392162285689687e-12	1.2021772205891726e-11	4.692305597981027e-12	1.1570469779923667e-11	0.0	1.431205135892514e-11	1.0177642302507835e-11	9.18266270159485e-12	8.38583729499265e-12	3.8678846249680474e-12	5.398158960699001e-12	3.373316743225877e-12	1.5913266597230021e-12	7.550563070729375e-12	1.4405423381698686e-12	0.0	0.0	0.0	0.0	0.0	1.1856491556494172e-12	1.1620504698712303e-12	0.0	0.0	0.0	0.0	0.0	0.0
48.044	0.0	0.0	0.0	8.014514803927817e-12	1.8769222391924107e-11	0.0	4.3753723941171266e-12	3.816547029046703e-12	3.3925474341692784e-12	3.060887567198283e-12	2.7952790983308833e-12	5.157179499957396e-12	2.399181760310667e-12	2.248877828817251e-12	0.0	0.0	1.9207231175598247e-12	1.8409569137532466e-12	0.0	0.0	0.0	0.0	0.0	1.5494006264949737e-12	0.0	0.0	0.0	0.0	0.0	0.0
60.055	0.0	0.0	0.0	0.0	0.0	0.0	0.0	0.0	0.0	0.0	0.0	0.0	0.0	0.0	0.0	0.0	0.0	0.0	2.2152695440070707e-12	2.1411865431603078e-12	0.0	2.022702649520827e-12	0.0	0.0	0.0	0.0	0.0	0.0	0.0	3.652574938352238e-12
6632173.925	0.0	0.0	0.0	0.0	0.0	0.0	0.0	0.0	0.0	4.225363981028169e-07	0.0	0.0	0.0	0.0	0.0	0.0	0.0	0.0	0.0	0.0	0.0	0.0	0.0	0.0	0.0	0.0	0.0	0.0	0.0	0.0
96.088	0.0	0.0	0.0	0.0	0.0	0.0	0.0	0.0	0.0	0.0	0.0	0.0	4.798363520621333e-12	0.0	0.0	0.0	0.0	0.0	0.0	0.0	0.0	0.0	0.0	0.0	0.0	0.0	0.0	0.0	0.0	0.0
84.077	0.0	0.0	0.0	0.0	0.0	0.0	0.0	6.67895730083173e-12	0.0	0.0	0.0	0.0	0.0	0.0	0.0	0.0	0.0	0.0	0.0	0.0	0.0	0.0	0.0	0.0	0.0	0.0	0.0	0.0	0.0	0.0
72.066	0.0	0.0	0.0	0.0	0.0	0.0	0.0	0.0	0.0	0.0	0.0	0.0	0.0	0.0	0.0	0.0	0.0	0.0	0.0	2.569423851792369e-12	0.0	0.0	0.0	0.0	0.0	0.0	0.0	0.0	0.0	0.0
other	0.0	2.3268961095418905e-11	0.0	8.014514803927817e-12	6.256407463974702e-12	3.856823259974556e-12	5.469215492646408e-12	4.770683786308379e-12	3.3925474341692784e-12	3.826109458997854e-12	4.192918647496324e-12	3.223237187473372e-12	2.9989772003883336e-12	5.622194572043128e-13	3.713095539353671e-12	1.0067417427639165e-12	1.9207231175598247e-12	2.76143537062987e-12	1.3291617264042426e-12	1.7129492345282463e-12	8.309631752813654e-13	8.090810598083309e-13	3.9521638521647234e-13	0.0	0.0	0.0	0.0	0.0	0.0	0.0
Bottom
other	0.0	0.0	0.0	0.0	0.0	0.0	0.0	0.0	0.0	0.0	0.0	0.0	0.0	0.0	0.0	0.0	0.0	0.0	0.0	0.0	0.0	0.0	0.0	0.0	0.0	0.0	0.0	0.0	0.0	0.0
Graph
other	5.5794483745038306e-11	1.0238342881984319e-10	4.1960811428448434e-11	6.611974713240449e-11	9.22820100936269e-11	4.628187911969466e-11	5.35983118279348e-11	5.343165840665386e-11	3.646988491731974e-11	4.225800157506494e-07	4.2628006249545985e-11	2.256266031231361e-11	2.938997656380567e-11	1.9677681002150943e-11	1.6974151037045354e-11	1.6107867884222667e-11	9.603615587799122e-12	7.363827655012986e-12	9.747185993631111e-12	1.070593271580154e-11	2.4928895258440966e-12	5.25902688875415e-12	4.742596622597669e-12	4.260851722861177e-12	1.5232574630508125e-12	2.2530458103759294e-12	7.42701259674812e-13	7.365660833798532e-13	2.197568345094132e-12	4.3830899260226865e-12
C60
other	0.0	9.307584438167562e-12	0.0	1.0018143504909772e-11	3.128203731987351e-12	7.713646519949112e-12	2.1876861970585633e-12	9.541367572616758e-13	4.240684292711598e-12	3.060887567198283e-12	6.988197745827208e-13	3.8678846249680474e-12	5.997954400776668e-13	0.0	0.0	5.033708713819583e-13	4.801807793899562e-13	0.0	8.861078176028283e-13	0.0	0.0	0.0	0.0	0.0	0.0	0.0	0.0	0.0	0.0	0.0
