dphi = 0.05235987755982988	first column is a mass, last row consists of all other masses	mass / surface of the sphere ring	scaled mass sums in consecutive angle intervals, last interval most often smaller (ends at pi/2)
Top
24.022	0.0	1.8615168876335124e-11	4.4758198857011656e-11	1.6029029607855635e-11	9.384611195962053e-12	2.0569724053197625e-11	2.843992056176132e-11	1.335791460166346e-11	1.1873916019592473e-11	7.652218917995707e-12	1.1181116393323532e-11	9.025064124925442e-12	8.397136161087334e-12	7.871072400860377e-12	1.1669728837968681e-11	7.047192199347415e-12	7.682892470239297e-12	4.602392284383117e-12	6.202754723219797e-12	1.7129492345282463e-12	2.4928895258440966e-12	8.090810598083309e-13	7.904327704329447e-13	2.3241009397424607e-12	0.0	1.5020305402506194e-12	7.42701259674812e-13	7.365660833798532e-13	0.0	7.305149876704477e-13
36.033	0.0	0.0	1.6784324571379374e-11	0.0	0.0	0.0	3.2815292955878453e-12	0.0	2.544410575626959e-12	2.2956656753987123e-12	2.0964593237481625e-12	5.801826937452071e-12	0.0	3.373316743225877e-12	0.0	0.0	0.0	0.0	1.3291617264042426e-12	1.284711925896185e-12	0.0	0.0	0.0	0.0	0.0	0.0	0.0	0.0	1.098784172547066e-12	0.0
48.044	0.0	0.0	0.0	0.0	0.0	0.0	0.0	0.0	3.3925474341692784e-12	0.0	2.7952790983308833e-12	0.0	0.0	0.0	0.0	0.0	0.0	0.0	0.0	0.0	0.0	0.0	0.0	0.0	0.0	0.0	0.0	0.0	0.0	0.0
3315444.374	0.0	0.0	0.0	0.0	0.0	0.0	0.0	0.0	0.0	0.0	0.0	0.0	0.0	0.0	0.0	1.389474751106775e-07	0.0	0.0	0.0	0.0	0.0	0.0	0.0	0.0	0.0	0.0	0.0	0.0	0.0	0.0
84.077	9.764034655381702e-11	0.0	0.0	0.0	0.0	0.0	0.0	0.0	0.0	0.0	0.0	0.0	0.0	0.0	0.0	0.0	0.0	0.0	0.0	0.0	0.0	0.0	0.0	0.0	0.0	0.0	0.0	0.0	0.0	0.0
72.066	0.0	0.0	0.0	0.0	0.0	0.0	0.0	0.0	0.0	0.0	0.0	3.867884624968047e-12	0.0	0.0	0.0	0.0	0.0	0.0	0.0	0.0	0.0	0.0	0.0	0.0	0.0	0.0	0.0	0.0	0.0	0.0
60.055	0.0	0.0	0.0	0.0	0.0	0.0	0.0	0.0	0.0	0.0	0.0	0.0	0.0	0.0	0.0	0.0	0.0	2.3011961421915585e-12	0.0	0.0	0.0	0.0	0.0	0.0	0.0	0.0	0.0	0.0	0.0	0.0
other	4.184586280877873e-11	4.653792219083781e-12	2.797387428563229e-12	1.2021772205891724e-11	1.2512814927949401e-11	1.2856077533248515e-11	8.750744788234252e-12	1.335791460166346e-11	8.481368585423195e-12	1.147832837699356e-11	6.9881977458272066e-12	5.1571794999573955e-12	7.1975452809320004e-12	3.3733167432258764e-12	2.6522110995383366e-12	4.530337842437624e-12	2.4009038969497806e-12	2.3011961421915585e-12	2.6583234528084845e-12	2.569423851792369e-12	8.309631752813654e-13	4.0454052990416545e-13	1.1856491556494172e-12	7.747003132474868e-13	0.0	1.1265229051879647e-12	0.0	3.682830416899266e-13	0.0	3.6525749383522385e-13
Bottom
other	0.0	0.0	0.0	0.0	0.0	0.0	0.0	0.0	0.0	0.0	0.0	0.0	0.0	0.0	0.0	0.0	0.0	0.0	0.0	0.0	0.0	0.0	0.0	0.0	0.0	0.0	0.0	0.0	0.0	0.0
Graph
other	1.1158896749007659e-10	1.8615168876335124e-11	5.874513599982782e-11	2.404354441178345e-11	1.7205120525930428e-11	3.085458607979644e-11	3.828450844852485e-11	2.0991008659756866e-11	2.2051558322100307e-11	2.1426212970387986e-11	2.0265773462898905e-11	2.3851955187302953e-11	1.2595704241630999e-11	1.4055486430107818e-11	1.379149771759935e-11	1.3895703915723372e-07	8.64325402901921e-12	8.744545340327921e-12	9.747185993631111e-12	4.710610394952677e-12	3.3238527011254618e-12	1.2136215897124964e-12	1.5808655408658894e-12	2.3241009397424607e-12	0.0	2.2530458103759294e-12	7.42701259674812e-13	1.1048491250697798e-12	1.098784172547066e-12	1.0957724815056716e-12
C60
other	2.7897241872519153e-11	4.653792219083781e-12	5.594774857126458e-12	4.007257401963909e-12	4.692305597981027e-12	2.5712155066497036e-12	2.1876861970585633e-12	5.724820543570054e-12	4.2406842927115974e-12	0.0	2.7952790983308833e-12	0.0	2.9989772003883336e-12	5.622194572043128e-13	5.304422199076673e-13	2.013483485527833e-12	1.4405423381698686e-12	4.602392284383116e-13	4.4305390880141416e-13	8.564746172641231e-13	0.0	0.0	3.9521638521647234e-13	7.747003132474868e-13	0.0	3.7550763506265485e-13	0.0	0.0	0.0	0.0
