dphi = 0.05235987755982988	first column is a mass, last row consists of all other masses	mass / surface of the sphere ring	scaled mass sums in consecutive angle intervals, last interval most often smaller (ends at pi/2)
Top
24.022	0.0	0.0	5.594774857126458e-12	4.007257401963909e-12	0.0	5.142431013299407e-12	0.0	3.816547029046703e-12	0.0	1.5304437835991415e-12	0.0	0.0	1.1995908801553335e-12	0.0	1.0608844398153346e-12	2.013483485527833e-12	9.603615587799124e-13	9.204784568766233e-13	8.861078176028283e-13	0.0	8.309631752813654e-13	0.0	0.0	0.0	0.0	0.0	0.0	7.365660833798532e-13	0.0	0.0
36.033	0.0	0.0	0.0	0.0	0.0	0.0	0.0	0.0	0.0	0.0	2.0964593237481625e-12	1.9339423124840237e-12	0.0	0.0	0.0	1.510112614145875e-12	0.0	0.0	0.0	0.0	2.4928895258440966e-12	0.0	0.0	0.0	0.0	0.0	0.0	0.0	1.098784172547066e-12	0.0
other	1.3948620936259577e-11	4.653792219083781e-12	0.0	4.007257401963909e-12	4.692305597981027e-12	3.856823259974556e-12	1.0938430985292816e-12	3.816547029046703e-12	3.3925474341692784e-12	3.826109458997854e-12	5.590558196661766e-12	2.578589749978698e-12	3.5987726404660002e-12	5.059975114838814e-12	5.8348644189843405e-12	6.040450456583498e-12	1.4405423381698686e-12	9.204784568766233e-13	5.759700814418383e-12	8.564746172641231e-13	8.309631752813654e-13	2.4272431794249925e-12	1.1856491556494172e-12	3.873501566237434e-13	7.616287315254062e-13	3.7550763506265485e-13	7.42701259674812e-13	7.365660833798532e-13	0.0	3.6525749383522385e-13
Bottom
other	0.0	0.0	0.0	0.0	0.0	0.0	0.0	0.0	0.0	0.0	0.0	0.0	0.0	0.0	0.0	0.0	0.0	0.0	0.0	0.0	0.0	0.0	0.0	0.0	0.0	0.0	0.0	0.0	0.0	0.0
Graph
other	0.0	4.653792219083781e-12	5.594774857126458e-12	2.0036287009819543e-12	4.692305597981027e-12	6.4280387666242586e-12	0.0	7.633094058093406e-12	3.3925474341692784e-12	5.356553242596994e-12	4.891738422079046e-12	3.8678846249680474e-12	4.198568080543667e-12	1.6866583716129384e-12	4.2435377592613385e-12	7.0471921993474155e-12	1.9207231175598247e-12	1.3807176853149352e-12	2.6583234528084845e-12	8.564746172641231e-13	3.739334288766144e-12	1.2136215897124964e-12	7.904327704329447e-13	3.873501566237434e-13	7.616287315254062e-13	0.0	3.71350629837406e-13	1.4731321667597064e-12	1.098784172547066e-12	3.6525749383522385e-13
C60
other	1.3948620936259577e-11	0.0	0.0	6.010886102945863e-12	0.0	2.5712155066497036e-12	1.0938430985292816e-12	0.0	0.0	0.0	2.7952790983308833e-12	6.446474374946745e-13	5.997954400776668e-13	3.3733167432258764e-12	2.6522110995383366e-12	2.5168543569097913e-12	4.801807793899562e-13	4.602392284383116e-13	3.987485179212727e-12	0.0	4.154815876406827e-13	1.2136215897124964e-12	3.9521638521647234e-13	0.0	0.0	3.7550763506265485e-13	3.71350629837406e-13	0.0	0.0	0.0
