dphi = 0.05235987755982988	first column is a mass, last row consists of all other masses	mass / surface of the sphere ring	scaled mass sums in consecutive angle intervals, last interval most often smaller (ends at pi/2)
Top
24.022	1.3948620936259576e-10	0.0	2.7973874285632288e-11	4.007257401963908e-11	4.066664851583555e-11	3.856823259974555e-11	4.15660377441127e-11	2.862410271785027e-11	3.90142954929467e-11	2.295665675398712e-11	4.472446557329416e-11	1.160365387490414e-11	1.5594681442019333e-11	1.7991022630538005e-11	2.121768879630669e-11	1.2080900913166996e-11	6.7225309114593855e-12	7.363827655012986e-12	7.088862540822625e-12	5.995322320848862e-12	5.816742226969557e-12	0.0	1.5808655408658894e-12	7.747003132474868e-13	7.616287315254062e-13	1.5020305402506194e-12	7.42701259674812e-13	1.4731321667597064e-12	1.4650455633960878e-12	7.305149876704477e-13
36.033	0.0	2.792275331450269e-11	8.392162285689687e-12	6.010886102945863e-12	9.384611195962053e-12	7.713646519949112e-12	0.0	1.431205135892514e-11	1.0177642302507835e-11	2.0660991078588417e-11	2.0964593237481625e-12	9.669711562420119e-12	5.398158960699001e-12	5.059975114838816e-12	1.5913266597230021e-12	1.510112614145875e-12	1.4405423381698686e-12	0.0	1.3291617264042426e-12	2.56942385179237e-12	1.2464447629220483e-12	0.0	0.0	0.0	1.1424430972881095e-12	1.1265229051879647e-12	0.0	0.0	1.098784172547066e-12	0.0
48.044	0.0	0.0	0.0	0.0	0.0	5.142431013299407e-12	0.0	0.0	0.0	0.0	2.7952790983308833e-12	0.0	2.399181760310667e-12	2.248877828817251e-12	0.0	2.013483485527833e-12	1.9207231175598247e-12	0.0	0.0	0.0	0.0	0.0	0.0	0.0	0.0	0.0	0.0	0.0	0.0	0.0
60.055	0.0	0.0	0.0	0.0	0.0	0.0	0.0	0.0	0.0	3.826109458997854e-12	0.0	0.0	0.0	0.0	0.0	0.0	0.0	0.0	0.0	0.0	0.0	0.0	0.0	1.936750783118717e-12	0.0	0.0	0.0	0.0	0.0	0.0
other	1.3948620936259577e-11	4.653792219083781e-12	1.678432457137937e-11	4.007257401963909e-12	3.128203731987351e-12	7.71364651994911e-12	4.3753723941171266e-12	3.816547029046703e-12	6.785094868338556e-12	5.356553242596994e-12	2.7952790983308833e-12	3.223237187473372e-12	3.5987726404660002e-12	4.497755657634501e-12	2.1217688796306693e-12	3.5235960996737074e-12	4.321627014509605e-12	2.3011961421915585e-12	0.0	2.997661160424431e-12	8.309631752813654e-13	1.2136215897124964e-12	7.904327704329447e-13	3.873501566237434e-13	3.808143657627031e-13	0.0	7.42701259674812e-13	0.0	3.6626139084902195e-13	0.0
Bottom
other	0.0	0.0	0.0	0.0	0.0	0.0	0.0	0.0	0.0	0.0	0.0	0.0	0.0	0.0	0.0	0.0	0.0	0.0	0.0	0.0	0.0	0.0	0.0	0.0	0.0	0.0	0.0	0.0	0.0	0.0
Graph
other	1.5343483029885533e-10	3.257654553358647e-11	4.4758198857011656e-11	5.009071752454885e-11	5.0051259711797616e-11	5.399552563964377e-11	4.484756703970054e-11	4.6752701105822116e-11	5.4280758946708467e-11	4.9739422966972117e-11	5.031502376995592e-11	2.3851955187302957e-11	2.4591613043184334e-11	2.754875340301133e-11	2.44003421157527e-11	1.8624722241132456e-11	1.2964881043528816e-11	8.744545340327921e-12	8.418024267226867e-12	1.070593271580154e-11	7.89415016517297e-12	1.2136215897124964e-12	2.3712983112988344e-12	3.0988012529899473e-12	2.284886194576219e-12	2.628553445438584e-12	1.485402519349624e-12	1.4731321667597064e-12	2.9300911267921756e-12	7.305149876704477e-13
C60
other	0.0	0.0	8.392162285689687e-12	0.0	3.128203731987351e-12	5.142431013299407e-12	1.0938430985292816e-12	0.0	1.6962737170846392e-12	3.060887567198283e-12	2.0964593237481625e-12	6.446474374946745e-13	2.399181760310667e-12	2.248877828817251e-12	5.304422199076673e-13	5.033708713819583e-13	1.4405423381698686e-12	9.204784568766233e-13	0.0	8.564746172641231e-13	0.0	0.0	0.0	0.0	0.0	0.0	0.0	0.0	0.0	0.0
