id	name	mass [g/mol]	latitude [rad]	longitude [rad]
Top
6501	C552126	6631585.385974715	0.2756023285748873	-1.980029240230046
6506	C3	36.033	1.183172621495285	-1.0494932237925558
6507	C2	24.022	0.7146323931529015	0.29466696777341533
6509	C2	24.022	1.1594036816325028	-0.364331457721915
6510	C2	24.022	0.4204522214349496	1.3654962581804309
6511	C2	24.022	0.8075378534371217	0.8632121238014908
6512	C2	24.022	1.4200601117419334	1.9878768098180533
6513	C6	72.06599999999999	0.8656996069393464	-0.5477013501282357
6514	C2	24.022	0.30794545202537194	-2.494074050574109
6515	C3	36.033	0.9838356659279213	2.6105389797831644
6516	C2	24.022	1.1444158433241687	-1.9979880245721418
6517	C2	24.022	0.8111345069868777	1.0461934955477576
6518	C2	24.022	0.33179427976298365	3.003447350463229
6520	C3	36.033	0.2066156381063628	-1.4174742789937378
6521	C3	36.033	0.7252737426063008	-2.0274335758022612
6522	C2	24.022	0.9296733117466971	2.609260215569853
6523	C2	24.022	1.2689465622192344	-1.1695910547679633
6524	C3	36.033	0.7426321601580701	-0.44361312551855986
6525	C3	36.033	0.3210587502391047	-2.8652298707934194
6526	C3	36.033	0.3853108774772642	-2.522275109939558
6527	C2	24.022	0.7225785683332813	0.3386933104364022
6529	C2	24.022	0.5019361367648827	-3.066221898508576
6530	C2	24.022	0.3450711665577094	0.3179576184581959
6531	C2	24.022	1.0329151641823198	2.5052636800218315
6532	C	12.011	0.18130056410735595	0.4071462649785522
6533	C3	36.033	0.4539511060842437	2.8330131919726154
6534	C2	24.022	1.300439583539939	-1.4433115921195372
6535	C2	24.022	0.06777978927912687	2.0397599695079345
6536	C2	24.022	0.8966589575222955	-1.635880660267892
6537	C2	24.022	0.2493642304157973	2.0750003630924088
6538	C2	24.022	0.4024069081370006	2.021492035137752
6539	C3	36.033	0.3606671562451842	-2.2895929996033475
6540	C3	36.033	0.6222038521546053	-2.0221926280309432
6541	C2	24.022	0.7494016782135137	-0.6681801810355272
6542	C4	48.044	0.6910794958544386	1.1987110554514746
6543	C2	24.022	0.2386562384773305	1.483282989692035
6544	C2	24.022	0.23842721855667476	2.028050489160687
6545	C2	24.022	0.9978232011013584	1.1624208776477014
6546	C3	36.033	0.8628110204087163	2.9665441751416735
6547	C3	36.033	0.2685744887081025	0.10902191049060919
6548	C2	24.022	0.42877786383210226	2.49662969351895
6549	C2	24.022	0.6124528824205473	3.001826178780976
6550	C	12.011	0.2457588322978474	-3.1205437666012847
6551	C2	24.022	0.25307732947278244	-1.1669846169055307
6552	C3	36.033	0.33690319451525585	0.6994874461609383
6553	C2	24.022	0.5815049659603947	-2.241494800170808
6554	C	12.011	0.5762866405131838	0.31655707716153086
6555	C2	24.022	0.675046117119095	-1.3756468018983987
6556	C2	24.022	0.14733341634928723	-0.6102005799750826
6557	C2	24.022	0.47830249916568013	1.350645702235279
6558	C2	24.022	0.47396110102590033	1.6920588235916616
6559	C3	36.033	0.3161367283194504	-0.9654002502332969
6560	C2	24.022	0.7145053758595161	-2.3401091527650113
6561	C3	36.033	0.38614256514863016	0.781368171518019
6562	C	12.011	0.04821066165219304	-2.370050639746487
6563	C2	24.022	0.1297440091135405	2.7062027631073233
6564	C4	48.044	0.5488573983098977	-1.6774044824084664
6565	C2	24.022	1.4787319419832163	-2.5793775691733107
6566	C2	24.022	0.546619032320271	2.296430691474841
6567	C2	24.022	0.3402569056910088	2.567285582301083
6568	C2	24.022	0.29940253221890134	2.5548186286456027
6569	C2	24.022	0.7309173488901428	-3.0275559420020883
6571	C	12.011	0.45552159353366606	-1.9554769297147467
6572	C2	24.022	0.8244136851249512	-1.9142350408578943
6573	C	12.011	0.11918585032044819	2.072851627174251
6574	C2	24.022	0.7010991101670494	-1.9145118453685621
6575	C2	24.022	1.0199597534485045	1.9245220152466493
6576	C2	24.022	1.1477528240139954	0.4838554941022495
6577	C2	24.022	0.3072656347376454	-0.041318751065908065
6578	C	12.011	0.4287184404713036	-0.3304440134503673
6579	C2	24.022	0.5923959055595377	-2.8093844086672637
6580	C2	24.022	0.3561917017251338	1.5853869253891504
6581	C	12.011	0.4243837141273458	-2.5155286833813655
6582	C2	24.022	1.1645192936625042	3.10914232330652
6583	C	12.011	0.751864392740486	-2.501277863873131
6584	C2	24.022	0.6344722985072146	-1.0763331319248366
6585	C4	48.044	0.3624814509404654	-2.7725978355842607
6586	C2	24.022	0.36248182555306724	-3.0540465214510437
6587	C	12.011	0.6594801630347847	-2.0998175649705937
6588	C4	48.044	0.6426594553032725	-2.96523461794982
6589	C2	24.022	0.5235774005061331	-2.212144097615948
6590	C2	24.022	0.6905709026471029	-1.1401238079110914
6591	C2	24.022	1.4161917301461355	-2.855830156287798
6592	C2	24.022	0.9972954731707286	-2.9041177928722983
6593	C	12.011	0.5318925759226376	-0.8740286861993931
6594	C2	24.022	0.12377732386093845	-2.3228595807395243
6595	C2	24.022	0.267234908172239	0.864453807906337
6596	C2	24.022	0.2780508481976209	-2.391344067783321
6599	C	12.011	0.7883038921153511	0.6698496431823875
6601	C2	24.022	0.570153930850964	0.7643922140914038
6602	C2	24.022	0.393713007763938	-1.4441955630588827
6603	C2	24.022	0.24913103661230734	1.6984234628105312
6604	C	12.011	0.8968908070496632	0.2637667304724808
6605	C2	24.022	0.9831582638021533	-0.7154304534295227
6606	C2	24.022	0.3269539744449534	0.194537915302792
6607	C2	24.022	0.5837183720942026	0.6026818850687458
6609	C2	24.022	0.5493058610304323	0.35554418779198366
6610	C2	24.022	0.6704269006185761	-1.8936312265787276
6611	C2	24.022	0.8483960605899593	1.9063495225493223
6612	C2	24.022	0.6232496361488047	-2.0370716111566702
6613	C2	24.022	1.0074030091156543	0.8055407154326155
6614	C	12.011	0.7960285022479284	0.8711596226220867
6617	C3	36.033	0.19478403725648535	-0.7712250422354864
6618	C2	24.022	0.09821554552303798	-2.439781648621215
6619	C2	24.022	0.1694061590162092	1.2832380637572796
6620	C2	24.022	0.8184007255264508	-3.00910111814337
6621	C2	24.022	0.7665537659828906	-1.9583773973839336
6622	C2	24.022	0.3434551969906552	1.703452500253272
6623	C2	24.022	0.6894503828820305	-1.4753016661869045
6624	C2	24.022	0.5604135655387527	2.2788297174611576
6625	C2	24.022	0.1641226096017897	0.08803420145909926
6626	C3	36.033	0.5459954914012406	1.6854775380829916
6627	C2	24.022	0.36063318978860265	-1.9406335805034678
6628	C2	24.022	0.4965868736900784	2.224007596711086
6629	C2	24.022	0.5955222947626956	-3.108217651180792
6630	C2	24.022	1.0384656642377328	-1.486426155235935
6631	C2	24.022	0.20592395912023342	2.881062897121747
6632	C3	36.033	1.4848170448548823	-2.82252945130326
6634	C2	24.022	0.7259882168994676	-0.2392821322424952
6635	C2	24.022	0.6430440007847952	0.956846792694817
6637	C2	24.022	0.5656111854795756	1.6377836082507784
6638	C2	24.022	0.8675444044655757	-2.8881345468175437
6639	C	12.011	0.5304558345612439	2.698248797010073
6640	C2	24.022	0.3879320265544492	0.8980747468443534
6641	C2	24.022	0.3626347345348645	-2.1490157568997663
6642	C2	24.022	0.5857721120499862	-2.0222168612672675
6643	C2	24.022	0.4544969412346048	-0.7051281589102318
6644	C2	24.022	0.08121264885370053	-1.9631513025102443
6645	C2	24.022	0.2979620898523498	0.5185259431503828
6646	C2	24.022	1.101687368293141	1.0145825773101447
6647	C2	24.022	0.29324485582564314	-1.9166646388760697
6648	C2	24.022	0.47026417926437075	-1.986812213989384
6649	C2	24.022	0.9265519502796458	-1.7212087822546787
6650	C3	36.033	0.4567514313378798	-2.4415828393778782
6651	C2	24.022	0.29950563263060914	2.7918355268741277
6652	C3	36.033	0.20466402658411145	2.7867402341097267
6653	C2	24.022	0.9376611730405373	-0.1539070937698957
6654	C2	24.022	1.2945910950266997	2.2849484567648326
6655	C3	36.033	0.2879930750014958	-1.8526654425511708
6656	C2	24.022	0.25413793632159015	-0.911395318813428
6657	C12	144.13199999999998	0.8549912455830686	1.8805618556057557
6658	C2	24.022	0.6834921598295035	0.15070741815512376
6659	C2	24.022	1.0756198552146112	-0.5114252975847305
6660	C2	24.022	0.3066683905373027	0.18955867174763105
6661	C2	24.022	0.2544040895893109	-2.8045664700521074
6662	C	12.011	0.7994292440700712	3.094469333816938
6663	C3	36.033	0.3771290247933655	2.209520763428861
6664	C2	24.022	0.7534665836446466	-2.7891090253794544
6665	C2	24.022	0.27411718544212943	-1.8351596171330562
6666	C2	24.022	0.6560418251392826	0.4941359713500351
6667	C2	24.022	0.41386251752191455	-1.247821919661502
6668	C3	36.033	0.7870073067351111	-0.10918548433749727
6669	C2	24.022	0.2982593421574874	-0.8319370393916313
6670	C3	36.033	0.19681329854375612	2.1817282448891935
6671	C2	24.022	0.4883580640566497	1.377405367706492
6672	C	12.011	1.1264350691595444	1.8807959474772473
6673	C3	36.033	0.5078441978054566	0.23151573294650654
6674	C	12.011	0.22470857389413157	1.4146156109626862
6675	C2	24.022	0.38751669585730364	2.5235726322151177
6676	C	12.011	0.7295988337189581	2.790226836407222
6677	C	12.011	0.21292350005710986	-1.5958809390611586
6678	C2	24.022	0.6758746055664037	2.8416136190492374
6679	C	12.011	0.7755645431928518	1.4303902572094058
6680	C2	24.022	0.46102512252440503	-3.1158334260269447
6681	C2	24.022	0.7701254313395999	-1.71006310360069
6682	C2	24.022	0.19752683739475696	2.28042125385934
6683	C2	24.022	0.20973906233312195	1.7890401960062061
6684	C2	24.022	0.3376930106219054	1.0785237930435914
6685	C	12.011	1.2064233006107465	0.267857388757295
6686	C	12.011	0.7487463559954883	2.6670645724345965
6687	C	12.011	0.5507411115971973	-2.5436189301324537
6688	C2	24.022	0.5018217011598516	1.5501336876664953
6689	C	12.011	0.7237373247713313	2.7695054824483005
6690	C2	24.022	0.052088495400103456	3.060656147173867
6691	C	12.011	0.3821768148831169	0.8634678305300413
6692	C2	24.022	0.7418709264107838	-2.910612592363202
6693	C3	36.033	1.0495672583536733	1.6946483100479985
6694	C	12.011	0.22151394509573935	-2.5372383619896195
6695	C	12.011	0.5679685112916779	-1.601578674961248
6696	C2	24.022	0.9395299228600792	2.9983758621685275
6697	C	12.011	1.1857156508899709	-2.096087658423983
6698	C	12.011	0.4309423912687459	-0.6018312748122773
6701	C	12.011	0.5094154122785454	2.66470357520543
6702	C	12.011	0.37576174036264337	-2.6681063519345387
6704	C3	36.033	0.6016935863480858	2.327594882920789
6705	C	12.011	0.23742234074321686	2.091896457954645
6706	C3	36.033	0.503949329746685	2.0929338295613267
6707	C2	24.022	0.7182807318741425	0.25219276253654804
6708	C3	36.033	0.4928495338067761	-3.1111941928558635
6709	C3	36.033	0.5535849699906682	1.339383162277164
6710	C3	36.033	1.0770257539953643	2.3097181634006576
6711	C2	24.022	0.5950155611243109	1.5554273560978495
6712	C5	60.05499999999999	0.5721204116160481	0.7047148285989696
6713	C2	24.022	0.6395626550863786	0.8249784621631612
6714	C3	36.033	0.3872491311121437	0.0770411672099487
6715	C2	24.022	1.2477542419923016	2.5610814157132684
6716	C2	24.022	0.9799102798432623	-0.7441569773476547
6717	C2	24.022	0.5034530915770749	-0.02245483431364565
6718	C2	24.022	0.33076847024904016	-0.924608623721085
6719	C2	24.022	0.8575332175147262	-1.8215026969559216
6720	C2	24.022	0.34300741979396693	0.2453611611363722
6721	C2	24.022	0.2592663639410237	0.20180929857427848
6722	C	12.011	0.10709363246429124	3.133996293708327
6723	C2	24.022	0.26421952984813085	-2.585427728209985
6724	C2	24.022	0.472702546439159	-0.10763344739361892
6725	C2	24.022	0.47088845870604046	-0.8924194874933775
6726	C	12.011	1.261903554574811	-2.128913801422179
6727	C5	60.05499999999999	0.7435606397634422	-0.3938178006028325
6728	C3	36.033	0.6429017392207304	2.415935794965447
6729	C2	24.022	0.021610191497739063	-0.10302933766442178
6730	C3	36.033	1.3674649361989655	1.1035372717731937
6731	C2	24.022	0.43984024519125425	-1.114585995848967
6732	C2	24.022	0.9660546639390545	0.3708238785871908
6733	C2	24.022	0.3811505004474032	1.8913129069855958
6734	C2	24.022	0.48507102847121625	2.886688892544145
6735	C	12.011	0.6313858128838686	-0.5419475854955258
6737	C2	24.022	1.0184555908104036	-1.886678825195699
6738	C2	24.022	0.3618274955747914	-2.3910555593749785
6739	C	12.011	0.7230889216110261	-1.5504998045952987
6740	C2	24.022	0.4745412987041589	-2.2094301289257356
6741	C2	24.022	0.9615443976122384	-1.9481588691298006
6742	C2	24.022	0.4887903745556173	-0.2523939836491191
6743	C3	36.033	0.21202006509649207	-1.7517411093509891
6744	C2	24.022	0.2237871789825809	-2.4595313424560565
6745	C3	36.033	0.5501467794971306	1.2925906374317588
6746	C2	24.022	0.9761030449356911	-1.005353715793344
6747	C3	36.033	0.7282501170041967	0.5443057560046363
6748	C6	72.06599999999999	0.665233330952954	-1.4276540536555242
6749	C2	24.022	1.0077884101334342	-1.739275990172048
6750	C2	24.022	0.4724287370012216	-1.4876075200748187
6751	C4	48.044	0.33293697298607344	-1.4987596225120783
6752	C2	24.022	0.812899890539247	0.6417886899003984
6753	C2	24.022	0.48603230473884457	1.6955226103802812
6754	C2	24.022	0.5887095751633742	-0.4933961737774596
6755	C	12.011	0.5029808265728036	3.045040135169787
6756	C2	24.022	0.7203463592400186	-1.2901341016223988
6757	C3	36.033	0.6756625359979872	-0.9650835468282728
6758	C2	24.022	0.1285682647203892	0.2822459047287036
6759	C2	24.022	0.27662353876648815	-0.6784847645728903
6760	C2	24.022	0.5273355956844087	-0.8338705454163673
6761	C2	24.022	0.7898258578465536	-0.04127548191031057
6762	C	12.011	1.1489816169943763	-1.2877771888786747
6763	C2	24.022	0.05143013226493529	-2.529818340802582
6764	C2	24.022	0.3880944730667315	-0.8758843769647588
6765	C2	24.022	0.6536299655589751	-1.5061652596776431
6766	C2	24.022	0.9841182018128403	2.354594380113648
6767	C4	48.044	0.15595610399789264	-0.2826517846638135
6768	C2	24.022	0.4091868879799543	-1.095052072407204
6769	C2	24.022	0.4920933528624093	0.641048172560246
6770	C3	36.033	0.3861318834200157	2.085827114618429
6771	C2	24.022	0.7389583071162802	1.70250508950563
6772	C3	36.033	0.1309402187194085	0.055511728868902356
6773	C2	24.022	0.5854635969179784	-0.8388661428556742
6774	C2	24.022	0.12208880322818842	2.38013216305
6775	C	12.011	0.3948207242189333	-1.9898434172161712
6776	C4	48.044	0.2877317439513158	0.1561778994841013
6777	C2	24.022	0.4491352367666613	-1.1606754973810132
6778	C	12.011	0.3278445991810948	-1.4578292818751069
6779	C2	24.022	0.8060507110000177	0.3472754970576776
6780	C2	24.022	0.7639095577859021	0.4812417134617783
6781	C2	24.022	0.1017119530253615	-1.6624189361717667
6782	C	12.011	0.6003408680882634	-1.7379743339031526
6783	C3	36.033	0.36702930601364464	-0.9755634333324985
6784	C	12.011	1.154149098875736	2.0484386242314554
6785	C2	24.022	0.4249179565413969	0.44702016890264523
6786	C2	24.022	0.6115197702522803	-1.7466267742472794
6787	C	12.011	0.919058679634905	-0.5698388548832076
6788	C2	24.022	0.04210149114659613	0.24490404581683878
6789	C	12.011	0.2303102078500988	0.478048972141187
6790	C2	24.022	1.320649380159116	2.538453361104309
6791	C4	48.044	0.27277790725510315	1.150319970250004
6792	C	12.011	0.11576203313369637	-3.0074250381367027
6793	C	12.011	0.8849136924705607	-1.9238072300681932
6794	C3	36.033	0.23184089870570973	-0.7465312882864054
6795	C2	24.022	1.0356689635701315	-0.49750699834928774
6796	C	12.011	0.6283843591010543	0.13492473640030736
6797	C	12.011	0.742529959179049	-0.20202121046784532
6798	C	12.011	0.30183122760482295	-2.412112120335734
6799	C	12.011	0.5273995396965103	-1.6915123289063676
6800	C2	24.022	0.22382522209721545	-1.2196961580344976
6801	C2	24.022	0.33278425343948004	-0.8183401575382097
6802	C2	24.022	0.4529914234660323	-0.5062479935377576
6803	C2	24.022	0.15906404542204716	0.11299447633949268
6804	C2	24.022	0.4286198968401314	-0.9345470890759251
6805	C2	24.022	0.5950587680699904	-0.15806862490068976
6806	C	12.011	0.1275349435524156	-0.6785695847144633
6807	C4	48.044	0.1743649558097029	0.704578886110837
6808	C2	24.022	0.588857646893658	0.5256966674179729
6809	C2	24.022	0.4418975143971409	0.13541906597218095
6810	C2	24.022	0.2836144599698201	-2.13343319160449
6811	C3	36.033	0.27282415180406466	0.482255439216174
6812	C2	24.022	0.25872601539466866	0.7506124455835754
6813	C2	24.022	0.4337362179388864	2.346247626804098
6814	C3	36.033	0.2941339985308468	-1.276534586076222
6815	C3	36.033	0.33523270335795446	-0.3820003414909212
6816	C2	24.022	0.36781338581399486	0.38941765632937764
6824	C2	24.022	0.7253178282248206	-2.9229152694741187
6825	C2	24.022	1.0940824001905818	-1.6948403625352366
6826	C3	36.033	1.031190402790515	1.572167833174237
6827	C2	24.022	0.16438679296847983	1.939541678459827
6828	C2	24.022	0.5001278009338546	-1.9287395480545564
6829	C2	24.022	1.4964011531074022	-1.5411792877246475
6830	C2	24.022	0.8394649399268981	1.05203638288335
6831	C2	24.022	0.9350790470519479	0.9689071765059665
6833	C	12.011	0.6819073178352353	0.08078699156798481
6834	C2	24.022	0.5816717103336052	-0.845472242102887
6836	C2	24.022	0.019953315701594056	-2.9987357144833413
6837	C2	24.022	0.464811094167753	-0.23772216792482814
6838	C2	24.022	0.8847965463895838	2.5993945769431894
6839	C2	24.022	0.27169672296376696	2.8492626381647326
6840	C2	24.022	0.20813089713996163	-0.7323230663680911
6841	C	12.011	1.2320376912079731	-1.8763604970389287
6842	C2	24.022	0.461944216312095	-1.0300162171424332
6843	C2	24.022	0.3806316090230896	2.3602001689929115
6844	C3	36.033	0.3445585160170372	-0.8366515229563251
6845	C2	24.022	0.5829523846475896	-0.3557656699387202
6846	C2	24.022	0.1392725624676103	-1.7769809656534787
6847	C2	24.022	0.8049964871716423	-1.1551144302262963
6848	C	12.011	0.22373196330833	2.1684922050967774
6849	C2	24.022	0.4426134132340662	2.3442744301483374
6850	C2	24.022	0.6750763781083448	0.35818430796084266
6851	C2	24.022	0.8255832657846025	0.43191372533348155
6852	C2	24.022	0.6316305671375924	-0.9868379752121834
6853	C2	24.022	0.47099016772135166	0.6269996938553235
6854	C2	24.022	0.45566023761634983	1.5234950833920748
6855	C	12.011	0.7511653907600595	2.8705002897090988
6856	C2	24.022	0.7149053106231059	-2.8309422862620717
6857	C2	24.022	0.5883353889756342	1.2732356312273272
6858	C4	48.044	0.8591120528075821	0.3508161971015986
6859	C	12.011	0.7861806446854197	1.3663162341725636
6860	C2	24.022	0.8023113567170927	-0.1085996535839709
6861	C2	24.022	0.76443203151229	-2.2120667576274076
6862	C2	24.022	0.5495382715852294	0.7238056284706145
6863	C	12.011	0.4377071434307646	2.5260582157963642
6864	C2	24.022	0.7502788453110606	0.1889678572473276
6865	C2	24.022	0.4551821266254968	2.07563046342323
6866	C	12.011	0.7673810093018821	2.19326372650049
6867	C	12.011	0.5148212118454822	1.213314067084444
6868	C2	24.022	0.7306967652979733	1.8196683933890008
6869	C2	24.022	0.7442043610089074	1.204819703297938
6870	C	12.011	0.8693277566600183	-0.0941713076714076
6871	C2	24.022	0.2055490516914485	-0.8402172032499357
6872	C2	24.022	0.7977485765166155	0.301298324459385
6873	C2	24.022	0.8036062585065712	-0.07261082334906808
6874	C2	24.022	1.4955170121226344	1.3118423131043304
6875	C2	24.022	0.6319285040584238	1.2971242278703756
6876	C2	24.022	0.48481475657235173	0.13642666047542099
6877	C2	24.022	0.9395535703599748	0.7121075563657713
6878	C2	24.022	0.48162297531975956	-2.086779647182101
6880	C	12.011	0.5056650891383738	-1.6676052158947965
6881	C2	24.022	0.5651241316158442	1.48174239986735
6882	C	12.011	0.374558576843447	-3.03549075549717
6883	C2	24.022	0.2791642354783894	1.8442184582476406
6884	C2	24.022	0.524273667543395	0.9368430162284239
6885	C2	24.022	0.2074037621012614	-0.8168205746199293
6886	C2	24.022	0.11266480344362598	-3.037614969804928
6887	C	12.011	1.0269300866740267	1.509220840966627
6888	C2	24.022	1.1369954862192673	-0.037609676335626965
6889	C3	36.033	0.21511011980534292	1.9493298222489077
6890	C4	48.044	0.932779157225073	-0.3133436775081431
6891	C2	24.022	0.3945564466182067	2.901609209014221
6892	C2	24.022	0.5300170909662822	1.7244172547830583
6893	C2	24.022	0.4377462941103846	0.8655023236908814
6894	C2	24.022	1.461527769545989	1.3188621288885718
6895	C3	36.033	0.4218655088445399	0.15172506765187233
6896	C	12.011	0.21466882195606013	0.3111217654820843
6897	C2	24.022	0.2923939338174069	1.2892245540648477
6898	C4	48.044	0.6855691949725404	1.1910874194699803
6899	C	12.011	0.8539222565868413	1.4262053671864419
6900	C2	24.022	0.843857062339282	-1.3224966896948624
6901	C2	24.022	0.7181793240385361	-0.5912181287579029
6902	C2	24.022	0.4668977145071321	1.4987898761337344
6903	C	12.011	1.0466807906249573	-2.332815249997795
6904	C2	24.022	0.6975447333304865	-1.6583734399370331
6905	C2	24.022	0.5218388993116062	-0.11130850291663665
6906	C2	24.022	0.25110084013643463	-0.736232228801045
6907	C	12.011	0.8077851358022221	-2.1213580827890053
6908	C2	24.022	0.32041341404282897	1.7292205012147
6909	C	12.011	0.8426658631726873	-2.3731154347688364
6910	C2	24.022	0.18070656641649094	-0.2572753823171437
6911	C	12.011	0.6767567226557101	1.5926133819447537
6912	C2	24.022	0.25824952325829686	-1.1461508824339313
6913	C2	24.022	0.2965158415394203	0.9579967599944392
6914	C2	24.022	0.12414638283653107	0.31464571267629554
6915	C2	24.022	1.017268126673214	-0.6854622100969872
6916	C	12.011	0.8440568692813638	-0.20931142731401048
6917	C3	36.033	0.6227451539094381	1.2825250571053488
6918	C2	24.022	0.2226833802623253	1.3764370986821894
6919	C2	24.022	0.6538028862067782	0.750723798150078
6920	C2	24.022	0.8229393507397696	-0.20315461100870202
6921	C	12.011	1.2498532665381925	-0.07499292924989444
6922	C3	36.033	0.1677647583771409	0.3398409713344033
6923	C	12.011	0.9336615444354553	2.0608622431108907
6924	C	12.011	0.8582300642141985	0.7252856560826094
6925	C2	24.022	0.07424282027524558	1.5912697879592967
6926	C4	48.044	0.9517137691722259	1.01314176902655
6927	C2	24.022	0.7638844612739731	1.256269137647622
6928	C2	24.022	0.4157975781765073	0.027147512263918934
6929	C	12.011	1.0030214692897914	-0.42041623651907667
6930	C2	24.022	0.6405793029275371	1.4454285321075218
6931	C2	24.022	0.3190493150507344	1.8928050136900068
6932	C2	24.022	0.613669448085265	1.119158548510254
6933	C2	24.022	0.08611779659047729	1.3131832255746867
6934	C2	24.022	1.0149853562877698	2.2419693992365946
6935	C	12.011	0.8593264863940144	-2.148570430241145
6936	C2	24.022	0.218540162129471	2.006679931480914
6937	C2	24.022	0.8746745464889211	0.35834899608151843
6938	C	12.011	0.12207815304204593	-0.9169733358579527
6939	C	12.011	0.8618948478350682	-1.6053880376906229
6940	C	12.011	0.27513213094211453	1.0914501194964705
6941	C	12.011	0.22830804048640504	-1.054474872657014
6942	C	12.011	0.867018196424081	-3.0648156271571723
6943	C	12.011	0.6281282279258891	-2.1349484270883625
6944	C	12.011	0.25365852132129824	-1.2511872247154474
6945	C	12.011	0.21326651105118605	-3.1023961775944606
6946	C	12.011	0.7452844335695002	0.7922372487448541
6947	C	12.011	0.45192316795270604	1.718106350140712
Bottom
