dphi = 0.05235987755982988	first column is a mass, last row consists of all other masses	mass / surface of the sphere ring	scaled mass sums in consecutive angle intervals, last interval most often smaller (ends at pi/2)
Top
24.022	2.7897241872519153e-11	0.0	0.0	0.0	1.2512814927949404e-11	2.5712155066497036e-12	4.3753723941171266e-12	5.724820543570056e-12	3.3925474341692784e-12	1.5304437835991415e-12	0.0	3.8678846249680474e-12	3.598772640466001e-12	2.248877828817251e-12	4.2435377592613385e-12	2.013483485527833e-12	4.801807793899561e-12	9.204784568766233e-13	2.6583234528084853e-12	8.564746172641231e-13	0.0	8.090810598083309e-13	0.0	0.0	0.0	0.0	7.42701259674812e-13	0.0	7.325227816980439e-13	0.0
36.033	0.0	0.0	8.392162285689687e-12	0.0	0.0	0.0	0.0	0.0	0.0	0.0	0.0	1.9339423124840237e-12	0.0	0.0	0.0	0.0	0.0	0.0	0.0	0.0	0.0	0.0	0.0	0.0	0.0	0.0	0.0	0.0	0.0	0.0
48.044	0.0	0.0	0.0	0.0	0.0	0.0	0.0	0.0	0.0	0.0	0.0	0.0	0.0	0.0	0.0	0.0	0.0	0.0	0.0	0.0	0.0	0.0	0.0	0.0	0.0	0.0	1.485402519349624e-12	0.0	0.0	0.0
other	0.0	9.307584438167562e-12	5.594774857126458e-12	1.2021772205891724e-11	4.692305597981027e-12	8.999254273273961e-12	9.844587886763534e-12	3.816547029046703e-12	2.544410575626959e-12	6.8869970261961354e-12	3.4940988729136037e-12	8.380416687430767e-12	5.9979544007766665e-12	4.497755657634501e-12	3.713095539353671e-12	1.510112614145875e-12	3.841446235119649e-12	9.204784568766233e-13	1.7722156352056566e-12	1.284711925896185e-12	2.492889525844096e-12	8.090810598083309e-13	3.9521638521647234e-13	0.0	0.0	0.0	0.0	0.0	0.0	0.0
Bottom
other	0.0	0.0	0.0	0.0	0.0	0.0	0.0	0.0	0.0	0.0	0.0	0.0	0.0	0.0	0.0	0.0	0.0	0.0	0.0	0.0	0.0	0.0	0.0	0.0	0.0	0.0	0.0	0.0	0.0	0.0
Graph
other	2.7897241872519153e-11	0.0	1.1189549714252916e-11	2.0036287009819543e-12	1.2512814927949404e-11	6.428038766624259e-12	6.563058591175691e-12	6.6789573008317314e-12	2.544410575626959e-12	4.591331350797424e-12	2.0964593237481625e-12	1.0314358999914791e-11	6.597749840854334e-12	3.3733167432258764e-12	6.365306638892008e-12	3.5235960996737078e-12	6.7225309114593855e-12	1.8409569137532466e-12	4.430539088014141e-12	2.1411865431603078e-12	2.492889525844096e-12	1.6181621196166618e-12	3.9521638521647234e-13	0.0	0.0	0.0	2.2281037790244364e-12	0.0	7.325227816980439e-13	0.0
C60
other	0.0	9.307584438167562e-12	2.797387428563229e-12	1.001814350490977e-11	4.692305597981027e-12	5.142431013299407e-12	7.656901689704972e-12	2.862410271785028e-12	3.3925474341692784e-12	3.826109458997854e-12	1.3976395491654416e-12	3.867884624968047e-12	2.9989772003883336e-12	3.3733167432258764e-12	1.5913266597230021e-12	0.0	1.9207231175598247e-12	0.0	0.0	0.0	0.0	0.0	0.0	0.0	0.0	0.0	0.0	0.0	0.0	0.0
