id	name	mass [g/mol]	latitude [rad]	longitude [rad]
Top
2866	C276034	3315444.373991172	0.8090617839938142	-1.3856638304677582
2867	C	12.011	0.6718638036120285	0.8252667418138466
2868	C2	24.022	0.20108764060775333	0.9854773450683646
2869	C3	36.033	0.4340385123107394	2.1073038445036625
2870	C2	24.022	0.49760006273546353	-0.8058619457985446
2871	C	12.011	0.5951134616283132	1.0594867627178328
2872	C2	24.022	0.59905179578265	1.2588481293578015
2873	C2	24.022	0.7544927094431396	1.2556892855532935
2874	C2	24.022	0.8573124907190262	1.2081627340500434
2875	C	12.011	0.5886487613764234	2.1693731678704045
2876	C2	24.022	1.2520211745188456	1.246398358791358
2877	C	12.011	0.5298750399221518	-3.0039426129461555
2878	C2	24.022	1.2220147883990684	0.6113213837491065
2879	C2	24.022	0.3740958043623903	-1.796191008551209
2880	C2	24.022	0.398957074088653	0.9540223798508465
2881	C2	24.022	0.13753491967588344	-2.907578576346535
2882	C	12.011	1.31899035715138	-1.6626947024815413
2883	C2	24.022	0.9228838447843499	1.5536228148516242
2884	C	12.011	0.5158724269548306	-0.7784308641748321
2885	C	12.011	0.5081729516246025	0.8068210455554121
2886	C2	24.022	0.8938285896231384	-1.9374000023147804
2887	C2	24.022	0.8318603081324778	0.40960704991866637
2888	C2	24.022	0.8826056235216455	1.008917585018073
2889	C	12.011	0.8334621217695797	2.1218350686630454
2890	C3	36.033	1.507861687135341	1.1861026459611477
2891	C	12.011	0.37177692207245794	0.47560305821817134
2892	C2	24.022	0.7654742708982932	-0.313414253079617
2893	C	12.011	0.5138560341314232	-1.5788495892297383
2894	C2	24.022	0.35361798122833715	-0.030174930018526728
2895	C2	24.022	0.5655200685067616	2.176067917639911
2896	C	12.011	0.41714458336007243	2.829721886688029
2897	C	12.011	0.6325271464037294	0.4310965871162501
2898	C	12.011	0.9904954000086996	1.4785245012857264
2899	C	12.011	1.2039065442885484	1.20410309290225
2900	C2	24.022	0.8162104759844587	-2.878002991600812
2901	C	12.011	0.19447157503606738	-0.016691093952150092
2902	C	12.011	0.8016789840765874	0.3766913477749459
2903	C2	24.022	0.9347770580599554	-2.514248255870083
2904	C	12.011	0.23325363440307068	-1.1034905056304578
2905	C	12.011	1.0603624600321018	0.7788920489708336
2906	C3	36.033	0.584884446880843	-0.1261249928426619
2907	C2	24.022	0.908759521710751	-0.8422190777612157
2908	C	12.011	1.0501187925263968	1.3186752118581881
2909	C3	36.033	0.5239091470750822	3.005691498366418
2910	C	12.011	0.7646251830503074	0.35100464762769823
2911	C	12.011	0.48113010780946786	-0.07777196744585894
2912	C	12.011	0.31144931191174063	2.2898380222657337
2913	C2	24.022	0.11500724166450417	0.1212778125592473
2914	C3	36.033	0.5883409081329429	-0.8176237174512544
2915	C2	24.022	0.7392883840538588	0.6947582062897796
2916	C2	24.022	0.8041714713226131	0.7621090772745466
2917	C2	24.022	0.1247250152711291	1.2444613534022502
2918	C2	24.022	0.09870575340915366	1.8070300064999434
2919	C2	24.022	0.7248853692329983	2.534312965296007
2920	C2	24.022	0.33303885167723296	-0.68047496099595
2921	C	12.011	0.7839971142837836	1.9672916318404046
2922	C2	24.022	0.6519694083436343	0.84218223656101
2923	C3	36.033	1.0131617174647494	1.06190864083374
2924	C2	24.022	1.227949549747422	-0.4963790568657162
2925	C2	24.022	0.336814151901872	-0.5475057391859901
2926	C2	24.022	0.25792740825278504	-2.8709210696210374
2927	C2	24.022	0.4073437574932624	1.1863112248367653
2928	C2	24.022	0.6403151220847774	2.155331799492497
2929	C	12.011	0.660346756000666	-2.618942805779923
2930	C2	24.022	0.35976424741089424	0.6257628346065359
2931	C3	36.033	0.5927080231481618	-1.476445013712815
2932	C2	24.022	0.6096284906457742	2.7506077661889283
2933	C	12.011	0.5565794888546894	-2.3904529992179113
2934	C2	24.022	1.0581602466318172	-2.9768030655201776
2935	C2	24.022	0.7579013907019235	2.926795972674653
2936	C	12.011	0.4093744452003884	-1.4568630151820685
2937	C	12.011	0.4928919917735486	2.085492940366836
2938	C	12.011	0.5571966463100174	2.4495238303123252
2939	C2	24.022	0.3872035901448345	-2.0846791838937686
2940	C2	24.022	0.24914643456983518	-1.5088638816676867
2941	C2	24.022	0.5292801826728046	-1.949910342794685
2942	C	12.011	0.49736016500017916	-1.5765648717405414
2943	C	12.011	0.6857915968658208	-1.3535100950159589
2944	C	12.011	0.910693234607485	-2.53553857676381
2945	C2	24.022	0.26326029043119414	1.1966039121313525
2946	C2	24.022	0.6120011064058449	-2.4890448676084334
2947	C2	24.022	0.8251227006429234	-0.09448281701018582
2948	C	12.011	0.9748347544842273	-2.5243204140493627
2949	C2	24.022	0.5943144490713361	1.0825180685677696
2950	C	12.011	0.5838758832398286	-0.2805839013295944
2951	C2	24.022	0.8891998577956038	-1.7640920597136664
2952	C2	24.022	0.4609805905420527	-1.9725885636633653
2953	C	12.011	0.42098299342973206	-1.1757471134071267
2954	C	12.011	0.5857691513548693	3.013566920174653
2955	C2	24.022	0.1312205034763465	-0.5223789818955834
2956	C	12.011	1.1994795902521003	-2.3689948327792885
2957	C	12.011	0.43346526147091147	2.378701958600598
2958	C2	24.022	0.5517006528747982	2.702221718009752
2959	C	12.011	0.7346165568484688	-2.290484970604636
2960	C2	24.022	0.7967025844232473	0.9622160982430975
2961	C2	24.022	0.8000916203808494	-1.9722712006090672
2962	C2	24.022	0.5666062801135906	-2.6633861745227407
2963	C2	24.022	0.4321481451382783	-0.5604472221311222
2964	C	12.011	0.6270918398908034	-2.429698063604082
2965	C2	24.022	0.6870952535254901	-1.8787936221662285
2966	C	12.011	1.0046983000884984	-0.6523135394509046
2967	C2	24.022	0.7739904588368024	-2.112545492143462
2968	C2	24.022	0.8012906520386842	-2.49044504841912
2970	C2	24.022	0.6291424257369884	1.8452631364770686
2971	C2	24.022	1.0888109942425779	2.539735158775535
2972	C2	24.022	0.43463999357058586	0.9949006441965407
2973	C	12.011	1.0127385417385986	1.2101310924011504
2974	C2	24.022	1.4440018749498174	-1.9374765101978015
2975	C2	24.022	0.2748118182415497	1.9266101328265335
2976	C2	24.022	0.7392133877169517	1.3181441970809098
2977	C4	48.044	0.5569411658520237	-0.22250577615097641
2978	C	12.011	0.5297716830915766	0.14124019320482928
2979	C2	24.022	0.5867478285918176	2.703405689878915
2980	C2	24.022	0.43998721030987037	-1.273516081071693
2981	C2	24.022	1.1160339759501734	-1.6619680354584516
2982	C2	24.022	0.436871335165584	2.9415274570808196
2983	C	12.011	0.726151250012256	2.1632513131860662
2984	C	12.011	0.4500782883476617	0.38336364142862434
2985	C	12.011	0.41224355698969883	1.416542511919798
2986	C	12.011	0.5113785827776822	-3.1040816301550067
2987	C	12.011	0.29330924336100933	-2.342251680387503
2988	C2	24.022	0.3658442359228043	1.8696721076179428
2989	C2	24.022	0.6231312459769835	1.707035122013225
2990	C	12.011	1.5243404695029987	-3.0405843355925266
2991	C	12.011	0.20589344672315255	-1.7257501931579176
2992	C	12.011	0.3875523230525532	1.2072164236572067
2993	C	12.011	0.5120002529072422	-0.9218468592066414
2994	C	12.011	0.3255137178911939	-2.8515364697639503
2995	C	12.011	0.4832021328241931	-0.4584125371537044
2996	C	12.011	0.5297923058100702	-2.9870072838786026
2997	C	12.011	0.9839641630909755	3.018228052028114
2998	C2	24.022	0.5389099373656482	-0.7144917126335556
2999	C2	24.022	0.3582804892315833	1.1284354455720795
3000	C2	24.022	0.706055820362626	2.2121716610562636
3001	C	12.011	0.3082704033845856	-1.8885424824857147
3002	C	12.011	0.49113046826538315	1.7996552042941973
3003	C	12.011	0.13474672660760229	0.703107465656684
3004	C	12.011	1.2179359807625836	2.4431687512034403
3005	C2	24.022	1.3240961886995755	2.9084271179580474
3006	C2	24.022	0.8889228216151192	-1.1514141084468346
3007	C2	24.022	0.6349729017124387	-0.08881199851983552
3008	C2	24.022	1.045293853342552	0.5022610483372721
3009	C2	24.022	0.3445400172866059	-1.5670364740538651
3010	C2	24.022	0.9491289947612475	-2.166749607356091
3011	C2	24.022	0.23968797824985735	-2.612757945446983
3012	C2	24.022	0.2662232589136567	-1.9462121660822636
3013	C	12.011	0.4855160917924707	3.0197456915584646
3014	C	12.011	0.43617972631824853	-1.3676678195263627
3015	C2	24.022	0.9169311865161848	1.4670222624893903
3016	C	12.011	0.2818047999613551	1.6912972105652442
3018	C	12.011	0.376868435023426	1.410968817129816
3019	C	12.011	0.39831593825128464	0.5145835514520537
3020	C2	24.022	0.1060416009160306	1.2378137182839852
3021	C	12.011	0.49732144099269027	2.5953910954866033
3022	C2	24.022	1.3387085213737135	-2.1595809547483555
3023	C2	24.022	0.6764249857183979	-1.1093226673267769
3024	C2	24.022	0.2970446529396578	-0.32888330707824887
3025	C	12.011	1.0116938246792262	-1.6061509546252148
3026	C	12.011	0.31533118630294704	-1.5157467898147203
3027	C3	36.033	0.15516371103825963	2.751765141267544
3028	C2	24.022	0.695754764847322	-2.3848078905669117
3029	C	12.011	0.9129105148918293	2.6352627195630096
3030	C2	24.022	0.499180308801541	1.596607065482801
3031	C2	24.022	0.7648257168347204	-0.6480550765069656
3032	C	12.011	0.20908405440783956	-0.3662317933193033
3033	C	12.011	0.7134307106731074	1.697461615768035
3034	C3	36.033	0.7168490354714063	-2.475307264450092
3035	C6	72.06599999999999	0.6277203167967896	-0.3376190354113175
3036	C3	36.033	0.6856408062659414	2.76271188284904
3037	C2	24.022	0.19922977387585306	-2.9971820191368357
3038	C3	36.033	0.49768986167606843	1.245819509398212
3039	C2	24.022	0.13681050521134172	0.7530809639164531
3040	C2	24.022	0.3119814382786719	2.4934190633498647
3041	C2	24.022	0.33493099791510517	-0.18971731497564573
3042	C2	24.022	0.6465004890900037	0.5674313288858996
3043	C2	24.022	0.39651102232509855	1.888356378379832
3044	C2	24.022	0.5575467193316197	2.2755960078596638
3045	C	12.011	0.3255281112386448	2.9016838036811214
3046	C	12.011	0.7947551091362167	0.6117718710942883
3047	C	12.011	1.0237763745715938	-2.606245686346749
3048	C2	24.022	0.1601783406448029	-0.5817635500106055
3049	C2	24.022	0.6348498213493623	2.5092234725423213
3050	C	12.011	0.49071539913303236	0.7242122899438702
3051	C2	24.022	0.3410289539432377	-2.9013500203430334
3052	C	12.011	0.26299484453883243	-1.9262350289089303
3053	C2	24.022	0.990824877334962	2.544649654168356
3054	C2	24.022	0.8611820964909015	1.7447256859191742
3055	C2	24.022	0.7480900884069678	1.2232493456563118
3056	C	12.011	1.221484024680545	2.0377805401071725
3057	C	12.011	0.5789062731735516	-2.8544843590560096
3058	C	12.011	0.6943988492321275	3.042465804329423
3059	C	12.011	0.5705477877386171	1.563183888698652
3060	C	12.011	0.6050344250045789	-0.8370463651913399
3061	C	12.011	0.9898676427774423	-2.756864337571542
3062	C	12.011	0.3209391088554326	0.759967492534063
3063	C	12.011	0.0369173798638475	-3.1112041444848844
3064	C2	24.022	0.12252114571508994	1.2954240558394952
3065	C2	24.022	0.3012679121761967	1.1319283325455172
3066	C2	24.022	0.9664351342684214	2.6046449183815357
3067	C2	24.022	0.8452394950754593	-2.856838072146081
3068	C2	24.022	0.9660632348943843	-2.726987724128735
3069	C	12.011	0.5213344625805948	2.5787992912852125
3070	C	12.011	0.3475858659964087	-2.1663791187163266
3071	C	12.011	0.9020479676657261	2.636574733577858
3072	C	12.011	0.1631118374323638	-2.6380743797918087
3073	C2	24.022	0.4790641877500461	1.876135551632905
3074	C2	24.022	0.7085546156191749	1.8735662659869137
3075	C	12.011	0.8003900332855187	-3.027863956140732
3076	C	12.011	0.2553277985614102	1.8444144435406609
3077	C2	24.022	0.38753508608683673	-1.9395829858171398
3078	C	12.011	1.3559577898186492	2.4029689213272953
3079	C	12.011	0.7421378158769544	-2.2048435341292296
3080	C	12.011	0.53636759333123	1.4911384410805788
3081	C2	24.022	0.7407121399174191	-0.8747376616723801
3082	C	12.011	0.3713308356804919	1.441458824250681
3083	C	12.011	0.569424333671852	2.674657359537057
3084	C2	24.022	0.31518056724857896	2.9968818430636253
3086	C	12.011	1.1058516580942315	-1.1011115588226918
3087	C	12.011	0.6998059971855044	-2.6665242998261935
3089	C2	24.022	0.9861288859422596	-1.2874447824111759
3090	C2	24.022	0.12780596372726136	-2.4329682127537096
3091	C	12.011	0.8943203932614519	-1.6097634883165364
3092	C2	24.022	0.45119747505945007	-0.7714051131729949
3093	C2	24.022	0.19786695372034507	0.6432445568863323
3094	C2	24.022	0.8790868423236805	-2.0678053637268343
3095	C	12.011	0.2684577440601124	-1.0469951567431284
3096	C5	60.05499999999999	0.9168688930489246	2.906001447021657
3097	C2	24.022	0.6167954173366269	0.42498789572112194
3098	C2	24.022	0.7146116866840739	0.6432660808611272
3099	C2	24.022	0.5641750747363822	-0.06064641651605785
3100	C	12.011	0.21846243970374796	3.124765242753474
3101	C2	24.022	0.516017389230237	1.1206347222164175
3102	C2	24.022	0.060937439832664565	1.9632506240429373
3103	C	12.011	0.28254983191669836	2.507096609294492
3104	C2	24.022	0.7096981771766856	2.961053594682036
3105	C3	36.033	0.976923400712386	-2.123341815195631
3106	C2	24.022	1.1532973527554393	-1.563717882696097
3107	C2	24.022	0.7335510775600715	-1.473298186044609
3108	C4	48.044	0.42130367163081905	-0.5050609309130666
3109	C2	24.022	0.9536480288791884	-0.09684482629067392
3110	C2	24.022	0.31385705902231453	-1.3246056434621793
3111	C	12.011	0.8887707412064373	0.8492646727184517
3112	C3	36.033	0.35645606646159667	-0.4152053279021855
3113	C	12.011	0.6754421915606184	0.155383829705168
3114	C2	24.022	0.5563621496162464	1.6073367323271943
3115	C	12.011	0.4831202883892335	-2.0101592252147515
3116	C	12.011	0.9533085414870321	1.941694558047455
3117	C2	24.022	1.057087577562505	-0.5815492207134592
3118	C	12.011	0.6581996079752307	-0.6071385228080989
3119	C2	24.022	0.7810791140366418	-2.903382360995361
3120	C	12.011	0.6611393748882821	-1.2614256311423784
3121	C	12.011	0.4568147705931231	-0.8743231042131756
3122	C3	36.033	0.1518069368543578	-1.8175530493462344
3123	C2	24.022	0.8389694893838184	-2.0001407158491493
3124	C	12.011	0.650222603631236	-1.2002282758677165
3125	C2	24.022	0.980335151417255	-0.9175540695862111
3126	C2	24.022	0.382660314567506	1.8152642737367575
3127	C2	24.022	0.42998545918379477	-0.18631816596970796
3128	C	12.011	0.26057495144071574	-2.309730585353456
3129	C7	84.07699999999998	0.022460561659183108	-0.18756810203472166
3130	C2	24.022	1.364250651578913	-0.27181115072074347
3131	C2	24.022	0.30049936212479433	2.2865230754735593
3132	C	12.011	0.6017706191788902	-2.9924750780579963
3133	C2	24.022	0.3445584710665622	2.005019713691959
3134	C	12.011	0.8794189288099076	-1.1111940894417738
3135	C2	24.022	1.5242275397785627	-1.6987487280636266
3136	C2	24.022	0.34115168539881524	0.755987037883428
3137	C2	24.022	0.3557932610252193	-2.3739013883133673
3138	C2	24.022	0.5033786151947602	1.4873692812267036
3139	C2	24.022	1.0292716810109983	0.30610145759025364
3140	C	12.011	1.4387348838652045	-1.4682535331420032
3141	C	12.011	0.35836003312604037	-0.21523344340680137
3142	C	12.011	0.30253680934177035	-2.191570651119843
3143	C	12.011	0.8325110453175882	-2.0594126705884563
3144	C	12.011	0.222918640462677	0.9278177158166712
3145	C	12.011	0.41172300971894155	-3.1248842039934623
3146	C	12.011	0.8502117427882993	-3.0118642967664617
3147	C	12.011	0.04727400805126613	0.05660819946613717
3148	C	12.011	1.3186776279112145	-1.987260550586144
3149	C	12.011	0.4221897087251618	-1.1571942429221727
3150	C	12.011	0.044588954296902295	2.8079333332795717
3151	C	12.011	0.22061697441106926	-1.2268943282564175
3152	C	12.011	0.07161825599249566	-0.6806717727743756
3153	C	12.011	0.27220409377471555	-3.03834679917888
3154	C	12.011	0.6568605896441796	-0.44384219584335916
3155	C	12.011	0.4058723816521337	2.5572587276602796
3156	C	12.011	0.8062446973646488	-2.0179475502895476
3157	C	12.011	0.16729368337382314	1.3061425342303112
3158	C	12.011	0.6370023226380471	-0.5551260467334482
3159	C	12.011	0.47007041899090196	-0.4278623601297782
3160	C	12.011	0.18707179063963056	-1.950868082826989
3161	C	12.011	0.22185818978476007	-0.17410303302447536
3162	C	12.011	0.8809018778631368	-0.0490422528679419
3163	C	12.011	0.4080333812182196	-1.9764089404934395
3164	C	12.011	0.3131681178778055	3.0329053599747047
3165	C	12.011	0.8078931633685961	-0.910148330232874
3166	C	12.011	0.389267422911931	-1.1574072109025852
3167	C	12.011	0.9058795475635918	1.0606173177002
3168	C	12.011	0.4461866763149702	0.35265829398229315
3169	C	12.011	0.446973858572133	-0.7966659300766693
3170	C	12.011	0.5561508931536573	2.131939050513227
3171	C	12.011	0.5659551702767184	-0.6115965280325222
3172	C	12.011	0.8322173949240195	0.5842005925877538
3173	C	12.011	0.7502202107927705	1.7208316779115491
3174	C	12.011	0.9484870234524864	2.0167774317682383
3175	C	12.011	1.1862714179020706	2.5286030294011703
3176	C	12.011	0.3670477622918523	0.792501780224275
3177	C	12.011	0.6878953040566548	0.6132240434242132
3178	C	12.011	0.3464703116617578	2.1676533508174254
3179	C	12.011	0.6384437646296954	0.19229662042279422
3180	C	12.011	0.31921418414653263	-2.5970411299552265
3181	C	12.011	0.7941598897096931	-2.6453349456613586
3182	C	12.011	0.6622389219629441	0.29437913856300185
3183	C	12.011	0.42117105833714186	-1.0537056586643603
3184	C	12.011	0.4056166277925161	1.723014461720781
3185	C	12.011	1.0047845601960235	0.8598517347945127
3186	C	12.011	1.0395405600722394	2.2742970326924685
3187	C	12.011	0.6542733052680304	-2.8112093119489483
3188	C	12.011	0.21030669204819996	1.2825116513552932
3189	C	12.011	0.8860439886105362	1.9705936508899355
Bottom
