dphi = 0.05235987755982988	first column is a mass, last row consists of all other masses	mass / surface of the sphere ring	scaled mass sums in consecutive angle intervals, last interval most often smaller (ends at pi/2)
Top
24.022	2.7897241872519153e-11	9.307584438167562e-12	5.594774857126458e-12	0.0	6.256407463974702e-12	2.5712155066497036e-12	2.1876861970585633e-12	0.0	3.3925474341692784e-12	1.5304437835991415e-12	1.3976395491654416e-12	1.289294874989349e-12	2.399181760310667e-12	2.248877828817251e-12	2.1217688796306693e-12	0.0	2.8810846763397373e-12	1.8409569137532466e-12	0.0	0.0	8.309631752813654e-13	2.427243179424993e-12	0.0	0.0	0.0	7.510152701253097e-13	0.0	0.0	0.0	0.0
36.033	0.0	0.0	8.392162285689687e-12	0.0	0.0	0.0	0.0	0.0	0.0	0.0	0.0	0.0	0.0	0.0	0.0	0.0	0.0	0.0	0.0	0.0	0.0	0.0	0.0	0.0	0.0	0.0	0.0	0.0	0.0	0.0
other	0.0	4.653792219083781e-12	5.594774857126458e-12	8.014514803927817e-12	4.692305597981027e-12	5.142431013299407e-12	3.2815292955878453e-12	2.862410271785028e-12	1.6962737170846392e-12	3.826109458997854e-12	1.3976395491654416e-12	3.867884624968047e-12	6.597749840854334e-12	5.622194572043127e-12	5.304422199076672e-12	4.026966971055665e-12	3.3612654557296928e-12	3.681913827506493e-12	3.1013773616098987e-12	2.1411865431603078e-12	8.309631752813654e-13	8.090810598083309e-13	1.1856491556494172e-12	1.5494006264949737e-12	1.5232574630508125e-12	3.7550763506265485e-13	0.0	0.0	3.6626139084902195e-13	3.6525749383522385e-13
Bottom
other	0.0	0.0	0.0	0.0	0.0	0.0	0.0	0.0	0.0	0.0	0.0	0.0	0.0	0.0	0.0	0.0	0.0	0.0	0.0	0.0	0.0	0.0	0.0	0.0	0.0	0.0	0.0	0.0	0.0	0.0
Graph
other	2.7897241872519153e-11	1.3961376657251346e-11	1.9581711999942603e-11	8.014514803927817e-12	1.0948713061955728e-11	6.4280387666242586e-12	5.469215492646408e-12	2.862410271785028e-12	5.088821151253918e-12	4.591331350797425e-12	2.7952790983308833e-12	5.157179499957396e-12	7.1975452809320004e-12	7.308852943656065e-12	5.8348644189843405e-12	1.510112614145875e-12	5.2819885732895175e-12	4.142153055944805e-12	1.7722156352056566e-12	1.7129492345282463e-12	8.309631752813654e-13	3.2363242392333236e-12	7.904327704329447e-13	7.747003132474868e-13	7.616287315254062e-13	1.1265229051879647e-12	0.0	0.0	3.6626139084902195e-13	3.6525749383522385e-13
C60
other	0.0	0.0	0.0	0.0	0.0	1.2856077533248518e-12	0.0	0.0	0.0	7.652218917995707e-13	0.0	0.0	1.7993863202330005e-12	5.622194572043128e-13	1.5913266597230021e-12	2.5168543569097913e-12	9.603615587799124e-13	1.3807176853149352e-12	1.3291617264042426e-12	4.2823730863206157e-13	8.309631752813654e-13	0.0	3.9521638521647234e-13	7.747003132474868e-13	7.616287315254062e-13	0.0	0.0	0.0	0.0	0.0
