dphi = 0.05235987755982988	first column is a mass, last row consists of all other masses	mass / surface of the sphere ring	scaled mass sums in consecutive angle intervals, last interval most often smaller (ends at pi/2)
Top
24.022	0.0	3.723033775267025e-11	1.6784324571379374e-11	2.404354441178345e-11	2.1897426123911453e-11	1.542729303989822e-11	1.7501489576468503e-11	1.7174461630710164e-11	1.0177642302507834e-11	7.652218917995707e-12	8.385837294992648e-12	9.025064124925442e-12	5.997954400776667e-12	6.746633486451753e-12	8.487075518522677e-12	3.02022522829175e-12	1.9207231175598247e-12	5.52287074125974e-12	3.5444312704113133e-12	1.7129492345282463e-12	2.4928895258440966e-12	2.427243179424993e-12	0.0	3.0988012529899473e-12	7.616287315254062e-13	0.0	2.970805038699248e-12	2.2096982501395596e-12	7.325227816980439e-13	7.305149876704477e-13
36.033	4.184586280877873e-11	0.0	0.0	6.010886102945863e-12	4.692305597981027e-12	0.0	6.563058591175691e-12	1.1449641087140112e-11	2.544410575626959e-12	4.591331350797425e-12	0.0	3.8678846249680474e-12	1.7993863202330005e-12	3.373316743225877e-12	0.0	0.0	0.0	1.3807176853149352e-12	0.0	0.0	0.0	0.0	0.0	1.1620504698712303e-12	0.0	1.1265229051879647e-12	0.0	0.0	0.0	0.0
60.055	0.0	0.0	1.3986937142816144e-11	0.0	0.0	0.0	5.469215492646408e-12	0.0	0.0	3.826109458997854e-12	0.0	0.0	0.0	0.0	0.0	0.0	0.0	0.0	0.0	0.0	0.0	0.0	1.9760819260823615e-12	0.0	0.0	0.0	0.0	0.0	0.0	0.0
48.044	0.0	0.0	0.0	0.0	0.0	0.0	0.0	0.0	3.3925474341692784e-12	0.0	0.0	0.0	4.798363520621334e-12	0.0	0.0	0.0	0.0	0.0	0.0	0.0	0.0	0.0	0.0	0.0	0.0	0.0	0.0	0.0	0.0	0.0
84.077	0.0	0.0	0.0	0.0	0.0	0.0	0.0	0.0	0.0	0.0	0.0	0.0	0.0	0.0	0.0	0.0	0.0	0.0	3.1013773616098987e-12	0.0	0.0	0.0	0.0	0.0	0.0	0.0	0.0	0.0	0.0	0.0
other	0.0	0.0	0.0	6.010886102945863e-12	1.5641018659936755e-12	1.2856077533248518e-12	1.0938430985292816e-12	0.0	0.0	7.652218917995707e-13	6.988197745827208e-13	1.289294874989349e-12	3.5987726404660002e-12	5.622194572043128e-13	1.0608844398153346e-12	1.0067417427639165e-12	9.603615587799124e-13	4.602392284383116e-13	0.0	4.2823730863206157e-13	4.154815876406827e-13	0.0	0.0	0.0	0.0	0.0	0.0	0.0	0.0	7.305149876704477e-13
Bottom
other	0.0	0.0	0.0	0.0	0.0	0.0	0.0	0.0	0.0	0.0	0.0	0.0	0.0	0.0	0.0	0.0	0.0	0.0	0.0	0.0	0.0	0.0	0.0	0.0	0.0	0.0	0.0	0.0	0.0	0.0
Graph
other	4.184586280877873e-11	3.723033775267025e-11	3.0771261714195514e-11	3.4061687916693214e-11	2.8153833587886154e-11	1.671290079322307e-11	3.062760675881988e-11	2.5761692446065247e-11	1.1873916019592473e-11	1.6069659727790984e-11	9.084657069575369e-12	1.2248301312398814e-11	1.5594681442019336e-11	1.011995022967763e-11	9.017517738430344e-12	3.5235960996737078e-12	2.8810846763397373e-12	7.363827655012986e-12	6.6458086320212116e-12	2.141186543160308e-12	2.908371113484779e-12	2.427243179424993e-12	1.9760819260823615e-12	4.260851722861177e-12	7.616287315254062e-13	1.1265229051879647e-12	2.970805038699248e-12	1.4731321667597064e-12	7.325227816980439e-13	1.4610299753408954e-12
C60
other	0.0	0.0	0.0	2.0036287009819543e-12	0.0	0.0	0.0	2.862410271785028e-12	4.240684292711598e-12	7.652218917995707e-13	0.0	1.9339423124840237e-12	5.997954400776668e-13	5.622194572043128e-13	5.304422199076673e-13	5.033708713819583e-13	0.0	0.0	0.0	0.0	0.0	0.0	0.0	0.0	0.0	0.0	0.0	7.365660833798532e-13	0.0	0.0
