Total	Internal	Translational
Top
1.17742549109	0.947227624383	0.230197866711
0.0550834186142	0.0416295815766	0.0134538370375
0.0402132406775	0.0389143739561	0.00129886672137
0.819041015659	0.597883597621	0.221157418038
82.2811603195	0.0	82.2811603195
32.4634368615	0.0	32.4634368615
439.05759896	0.0	439.05759896
1.09525319784	0.975622821133	0.119630376712
4.16824707503	0.152475356797	4.01577171823
151.427971124	2.99687330967e-32	151.427971124
26.3321365314	0.0	26.3321365314
31.9675628707	0.0	31.9675628707
141.732710203	0.0	141.732710203
Bottom
