dphi = 0.05235987755982988	first column is a mass, last row consists of all other masses	mass / surface of the sphere ring	scaled mass sums in consecutive angle intervals, last interval most often smaller (ends at pi/2)
Top
24.022	0.0	0.0	5.594774857126458e-12	4.007257401963909e-12	0.0	2.5712155066497036e-12	2.1876861970585633e-12	1.9082735145233515e-12	1.6962737170846392e-12	1.5304437835991415e-12	5.5905581966617666e-12	5.157179499957396e-12	1.1995908801553335e-12	3.373316743225877e-12	7.426191078707342e-12	0.0	3.8414462351196495e-12	0.0	0.0	1.7129492345282463e-12	8.309631752813654e-13	8.090810598083309e-13	0.0	7.747003132474868e-13	0.0	0.0	7.42701259674812e-13	0.0	0.0	7.305149876704477e-13
72.066	0.0	0.0	0.0	0.0	0.0	0.0	0.0	0.0	0.0	0.0	0.0	0.0	0.0	0.0	0.0	0.0	0.0	0.0	0.0	0.0	0.0	0.0	0.0	0.0	0.0	0.0	0.0	2.2096982501395592e-12	0.0	0.0
36.033	0.0	0.0	0.0	0.0	0.0	0.0	0.0	0.0	0.0	0.0	2.0964593237481625e-12	0.0	0.0	0.0	0.0	0.0	0.0	0.0	0.0	0.0	0.0	0.0	0.0	0.0	0.0	0.0	0.0	0.0	0.0	0.0
other	0.0	0.0	1.1189549714252916e-11	2.0036287009819543e-12	1.5641018659936755e-12	6.4280387666242586e-12	6.563058591175689e-12	4.770683786308379e-12	4.2406842927115974e-12	1.5304437835991415e-12	5.590558196661766e-12	5.1571794999573955e-12	5.398158960699e-12	3.935536200430189e-12	2.1217688796306693e-12	2.5168543569097913e-12	3.3612654557296928e-12	1.3807176853149352e-12	2.6583234528084845e-12	2.1411865431603078e-12	2.492889525844096e-12	1.2136215897124964e-12	7.904327704329447e-13	7.747003132474868e-13	1.5232574630508125e-12	7.510152701253097e-13	0.0	0.0	0.0	0.0
Bottom
other	0.0	0.0	0.0	0.0	0.0	0.0	0.0	0.0	0.0	0.0	0.0	0.0	0.0	0.0	0.0	0.0	0.0	0.0	0.0	0.0	0.0	0.0	0.0	0.0	0.0	0.0	0.0	0.0	0.0	0.0
Graph
other	0.0	0.0	1.678432457137937e-11	6.010886102945863e-12	1.5641018659936755e-12	8.999254273273961e-12	7.65690168970497e-12	6.67895730083173e-12	5.9369580097962364e-12	3.060887567198283e-12	1.2578755942488972e-11	8.380416687430767e-12	5.9979544007766665e-12	7.308852943656065e-12	9.017517738430344e-12	2.013483485527833e-12	7.202711690849342e-12	1.3807176853149352e-12	2.6583234528084845e-12	2.9976611604244312e-12	2.4928895258440966e-12	1.2136215897124964e-12	3.9521638521647234e-13	7.747003132474868e-13	7.616287315254062e-13	0.0	7.42701259674812e-13	2.2096982501395592e-12	0.0	7.305149876704477e-13
C60
other	0.0	0.0	0.0	0.0	0.0	0.0	1.0938430985292816e-12	0.0	0.0	0.0	6.988197745827208e-13	1.9339423124840237e-12	5.997954400776668e-13	0.0	5.304422199076673e-13	5.033708713819583e-13	0.0	0.0	0.0	8.564746172641231e-13	8.309631752813654e-13	8.090810598083309e-13	3.9521638521647234e-13	7.747003132474868e-13	7.616287315254062e-13	7.510152701253097e-13	0.0	0.0	0.0	0.0
