dphi = 0.05235987755982988	first column is a mass, last row consists of all other masses	mass / surface of the sphere ring	scaled mass sums in consecutive angle intervals, last interval most often smaller (ends at pi/2)
Top
24.022	2.7897241872519153e-11	2.792275331450269e-11	1.1189549714252916e-11	4.007257401963908e-11	4.692305597981026e-11	3.342580158644614e-11	2.843992056176132e-11	1.9082735145233515e-11	1.526646345376175e-11	3.213931945558197e-11	2.096459323748162e-11	1.4182243624882838e-11	9.596727041242667e-12	1.0119950229677628e-11	1.591326659723002e-11	7.047192199347415e-12	1.0563977146579035e-11	1.3807176853149349e-11	1.7722156352056566e-12	3.4258984690564925e-12	4.154815876406827e-12	4.045405299041654e-12	7.904327704329447e-13	3.0988012529899473e-12	0.0	0.0	7.42701259674812e-13	2.9462643335194127e-12	1.4650455633960878e-12	0.0
36.033	0.0	0.0	0.0	4.808708882356692e-11	0.0	7.713646519949112e-12	6.563058591175691e-12	1.1449641087140112e-11	1.0177642302507835e-11	2.2956656753987123e-12	8.38583729499265e-12	0.0	5.398158960699001e-12	3.373316743225877e-12	1.5913266597230021e-12	3.02022522829175e-12	0.0	0.0	0.0	1.284711925896185e-12	0.0	1.2136215897124964e-12	1.1856491556494172e-12	0.0	0.0	1.1265229051879647e-12	0.0	0.0	0.0	1.0957724815056716e-12
4418174.284	5.130916519660861e-06	0.0	0.0	0.0	0.0	0.0	0.0	0.0	0.0	0.0	0.0	0.0	0.0	0.0	0.0	0.0	0.0	0.0	0.0	0.0	0.0	0.0	0.0	0.0	0.0	0.0	0.0	0.0	0.0	0.0
72.066	0.0	0.0	0.0	1.2021772205891724e-11	0.0	0.0	0.0	0.0	0.0	0.0	0.0	0.0	0.0	0.0	0.0	0.0	0.0	0.0	0.0	0.0	0.0	0.0	0.0	0.0	0.0	0.0	0.0	0.0	0.0	0.0
60.055	0.0	0.0	0.0	0.0	0.0	0.0	0.0	0.0	0.0	0.0	0.0	3.223237187473372e-12	0.0	0.0	0.0	0.0	0.0	0.0	0.0	0.0	0.0	0.0	0.0	0.0	0.0	0.0	0.0	0.0	0.0	0.0
48.044	0.0	0.0	0.0	0.0	0.0	0.0	0.0	0.0	3.3925474341692784e-12	0.0	0.0	0.0	0.0	0.0	0.0	0.0	0.0	0.0	0.0	0.0	0.0	0.0	0.0	0.0	0.0	0.0	0.0	0.0	0.0	0.0
other	0.0	0.0	1.3986937142816144e-11	8.014514803927817e-12	4.692305597981027e-12	3.856823259974556e-12	6.563058591175689e-12	2.862410271785028e-12	1.2722052878134792e-11	1.147832837699356e-11	9.084657069575369e-12	9.669711562420116e-12	7.797340721009667e-12	5.059975114838814e-12	3.182653319446004e-12	4.530337842437624e-12	2.4009038969497806e-12	5.52287074125974e-12	2.2152695440070707e-12	2.1411865431603078e-12	1.2464447629220483e-12	1.2136215897124964e-12	2.371298311298834e-12	0.0	3.808143657627031e-13	1.1265229051879647e-12	0.0	3.682830416899266e-13	0.0	0.0
Bottom
other	0.0	0.0	0.0	0.0	0.0	0.0	0.0	0.0	0.0	0.0	0.0	0.0	0.0	0.0	0.0	0.0	0.0	0.0	0.0	0.0	0.0	0.0	0.0	0.0	0.0	0.0	0.0	0.0	0.0	0.0
Graph
other	5.130944416902733e-06	2.792275331450269e-11	2.517648685706906e-11	1.0619232115204359e-10	4.692305597981026e-11	4.371066361304496e-11	3.062760675881989e-11	3.339478650415865e-11	3.9862432351489024e-11	4.438286972437512e-11	3.0049250307056994e-11	2.6430544937281664e-11	2.0393044962640672e-11	1.7991022630538012e-11	2.0156804356491355e-11	1.459775527007679e-11	1.2004519484748905e-11	1.8409569137532468e-11	3.5444312704113133e-12	6.851796938112984e-12	5.4012606393288744e-12	6.472648478466646e-12	4.3473802373811955e-12	3.0988012529899473e-12	3.808143657627031e-13	2.253045810375929e-12	7.42701259674812e-13	3.3145473752093392e-12	1.4650455633960878e-12	1.0957724815056716e-12
C60
other	0.0	0.0	0.0	2.0036287009819543e-12	4.692305597981027e-12	1.2856077533248518e-12	1.0938430985292816e-11	0.0	1.6962737170846392e-12	1.5304437835991415e-12	8.385837294992648e-12	6.446474374946745e-13	2.399181760310667e-12	5.622194572043128e-13	5.304422199076673e-13	0.0	9.603615587799124e-13	9.204784568766233e-13	4.4305390880141416e-13	0.0	0.0	0.0	0.0	0.0	0.0	0.0	0.0	0.0	0.0	0.0
