dphi = 0.05235987755982988	first column is a mass, last row consists of all other masses	mass / surface of the sphere ring	scaled mass sums in consecutive angle intervals, last interval most often smaller (ends at pi/2)
Top
24.022	0.0	0.0	1.1189549714252916e-11	1.6029029607855635e-11	1.2512814927949404e-11	1.0284862026598814e-11	1.7501489576468503e-11	1.1449641087140108e-11	5.088821151253918e-12	1.5304437835991415e-12	8.385837294992648e-12	1.289294874989349e-12	4.798363520621334e-12	5.6221945720431275e-12	2.1217688796306693e-12	2.013483485527833e-12	2.8810846763397373e-12	3.681913827506493e-12	2.6583234528084853e-12	2.56942385179237e-12	0.0	0.0	1.5808655408658894e-12	0.0	7.616287315254062e-13	7.510152701253097e-13	0.0	0.0	0.0	0.0
36.033	0.0	1.3961376657251346e-11	0.0	0.0	4.692305597981027e-12	0.0	3.2815292955878453e-12	0.0	0.0	2.2956656753987123e-12	0.0	0.0	0.0	0.0	0.0	0.0	0.0	0.0	0.0	0.0	0.0	0.0	1.1856491556494172e-12	0.0	0.0	1.1265229051879647e-12	0.0	0.0	0.0	0.0
other	0.0	0.0	8.392162285689687e-12	2.0036287009819543e-12	4.692305597981027e-12	2.5712155066497036e-12	3.2815292955878453e-12	9.541367572616758e-13	1.6962737170846392e-12	2.2956656753987123e-12	6.988197745827208e-13	1.289294874989349e-12	1.1995908801553335e-12	5.622194572043128e-13	1.0608844398153346e-12	1.510112614145875e-12	9.603615587799124e-13	0.0	0.0	4.2823730863206157e-13	8.309631752813654e-13	4.0454052990416545e-13	3.9521638521647234e-13	0.0	3.808143657627031e-13	0.0	0.0	3.682830416899266e-13	3.6626139084902195e-13	0.0
Bottom
other	0.0	0.0	0.0	0.0	0.0	0.0	0.0	0.0	0.0	0.0	0.0	0.0	0.0	0.0	0.0	0.0	0.0	0.0	0.0	0.0	0.0	0.0	0.0	0.0	0.0	0.0	0.0	0.0	0.0	0.0
Graph
other	0.0	1.3961376657251346e-11	1.9581711999942603e-11	1.402540090687368e-11	2.1897426123911456e-11	1.2856077533248517e-11	2.4064548167644194e-11	1.2403777844401784e-11	6.785094868338557e-12	6.121775134396566e-12	9.084657069575369e-12	2.578589749978698e-12	5.997954400776667e-12	6.18441402924744e-12	3.1826533194460043e-12	3.5235960996737078e-12	3.8414462351196495e-12	3.681913827506493e-12	2.6583234528084853e-12	2.9976611604244312e-12	8.309631752813654e-13	4.0454052990416545e-13	3.1617310817317787e-12	0.0	1.1424430972881095e-12	1.8775381753132743e-12	0.0	0.0	0.0	0.0
C60
other	0.0	0.0	0.0	4.007257401963909e-12	0.0	0.0	0.0	0.0	0.0	0.0	0.0	0.0	0.0	0.0	0.0	0.0	0.0	0.0	0.0	0.0	0.0	0.0	0.0	0.0	0.0	0.0	0.0	3.682830416899266e-13	3.6626139084902195e-13	0.0
