dphi = 0.05235987755982988	first column is a mass, last row consists of all other masses	mass / surface of the sphere ring	scaled mass sums in consecutive angle intervals, last interval most often smaller (ends at pi/2)
Top
24.022	0.0	4.653792219083781e-11	1.6784324571379374e-11	8.014514803927817e-12	1.2512814927949404e-11	7.713646519949112e-12	8.750744788234253e-12	9.541367572616757e-12	1.3570189736677112e-11	4.591331350797425e-12	1.1181116393323532e-11	1.4182243624882838e-11	1.1995908801553335e-12	5.6221945720431275e-12	3.1826533194460043e-12	5.0337087138195825e-12	4.801807793899561e-12	2.7614353706298705e-12	1.7722156352056566e-12	3.4258984690564925e-12	3.3238527011254618e-12	1.6181621196166618e-12	0.0	0.0	7.616287315254062e-13	2.2530458103759294e-12	1.485402519349624e-12	1.4731321667597064e-12	1.4650455633960878e-12	7.305149876704477e-13
36.033	0.0	0.0	2.5176486857069063e-11	0.0	0.0	7.713646519949112e-12	3.2815292955878453e-12	0.0	0.0	0.0	0.0	1.9339423124840237e-12	0.0	1.6866583716129384e-12	0.0	0.0	0.0	2.7614353706298705e-12	0.0	0.0	1.2464447629220483e-12	0.0	0.0	0.0	0.0	0.0	0.0	0.0	1.098784172547066e-12	1.0957724815056716e-12
48.044	0.0	0.0	0.0	0.0	0.0	0.0	0.0	0.0	0.0	3.060887567198283e-12	2.7952790983308833e-12	0.0	0.0	0.0	0.0	0.0	0.0	0.0	0.0	0.0	0.0	0.0	3.1617310817317787e-12	0.0	0.0	0.0	0.0	0.0	0.0	0.0
72.066	0.0	0.0	0.0	0.0	0.0	0.0	0.0	5.724820543570054e-12	0.0	0.0	0.0	0.0	0.0	0.0	0.0	0.0	0.0	0.0	0.0	0.0	0.0	2.4272431794249925e-12	0.0	0.0	0.0	0.0	0.0	0.0	0.0	0.0
96.088	0.0	0.0	0.0	0.0	0.0	0.0	0.0	0.0	0.0	6.121775134396565e-12	0.0	0.0	0.0	0.0	0.0	0.0	0.0	0.0	0.0	0.0	0.0	0.0	0.0	0.0	0.0	0.0	0.0	0.0	0.0	0.0
60.055	0.0	0.0	0.0	0.0	0.0	0.0	0.0	0.0	0.0	0.0	0.0	0.0	0.0	0.0	0.0	0.0	0.0	0.0	0.0	0.0	0.0	0.0	0.0	0.0	0.0	0.0	0.0	0.0	0.0	1.826287469176119e-12
other	0.0	0.0	2.797387428563229e-12	4.007257401963909e-12	3.128203731987351e-12	5.142431013299407e-12	1.0938430985292816e-12	1.9082735145233515e-12	8.481368585423196e-13	2.2956656753987123e-12	6.988197745827208e-13	6.446474374946745e-13	1.7993863202330005e-12	5.622194572043128e-13	5.304422199076673e-13	2.013483485527833e-12	4.801807793899562e-13	1.3807176853149352e-12	0.0	0.0	0.0	0.0	0.0	0.0	3.808143657627031e-13	0.0	0.0	0.0	0.0	0.0
Bottom
other	0.0	0.0	0.0	0.0	0.0	0.0	0.0	0.0	0.0	0.0	0.0	0.0	0.0	0.0	0.0	0.0	0.0	0.0	0.0	0.0	0.0	0.0	0.0	0.0	0.0	0.0	0.0	0.0	0.0	0.0
Graph
other	0.0	4.653792219083781e-11	4.475819885701166e-11	1.0018143504909772e-11	1.0948713061955728e-11	1.9284116299872774e-11	1.3126117182351378e-11	1.7174461630710164e-11	1.441832659521943e-11	1.6069659727790984e-11	1.4675215266237132e-11	1.6760833374861534e-11	2.399181760310667e-12	7.871072400860379e-12	3.713095539353672e-12	7.047192199347415e-12	5.2819885732895175e-12	6.903588426574674e-12	1.7722156352056566e-12	3.4258984690564925e-12	4.5702974640475105e-12	4.045405299041654e-12	3.1617310817317787e-12	0.0	1.1424430972881095e-12	2.2530458103759294e-12	1.485402519349624e-12	1.4731321667597064e-12	2.563829735943154e-12	3.652574938352239e-12
C60
other	0.0	0.0	0.0	2.0036287009819543e-12	4.692305597981027e-12	1.2856077533248518e-12	0.0	0.0	0.0	0.0	0.0	0.0	5.997954400776668e-13	0.0	0.0	0.0	0.0	0.0	0.0	0.0	0.0	0.0	0.0	0.0	0.0	0.0	0.0	0.0	0.0	0.0
