dphi = 0.05235987755982988	first column is a mass, last row consists of all other masses	mass / surface of the sphere ring	scaled mass sums in consecutive angle intervals, last interval most often smaller (ends at pi/2)
Top
24.022	0.0	9.307584438167562e-12	1.6784324571379374e-11	2.404354441178345e-11	9.384611195962053e-12	7.713646519949112e-12	1.0938430985292816e-11	9.541367572616757e-12	5.088821151253918e-12	6.121775134396566e-12	5.5905581966617666e-12	3.8678846249680474e-12	2.399181760310667e-12	1.1244389144086255e-12	3.1826533194460043e-12	1.0067417427639165e-12	9.603615587799124e-13	1.8409569137532466e-12	0.0	1.7129492345282463e-12	8.309631752813654e-13	3.2363242392333236e-12	7.904327704329447e-13	0.0	0.0	0.0	0.0	7.365660833798532e-13	7.325227816980439e-13	7.305149876704477e-13
36.033	0.0	0.0	8.392162285689687e-12	6.010886102945863e-12	4.692305597981027e-12	0.0	3.2815292955878453e-12	2.862410271785028e-12	2.544410575626959e-12	0.0	2.0964593237481625e-12	0.0	0.0	1.6866583716129384e-12	0.0	1.510112614145875e-12	0.0	0.0	0.0	0.0	0.0	0.0	0.0	1.1620504698712303e-12	1.1424430972881095e-12	0.0	0.0	0.0	0.0	0.0
48.044	0.0	0.0	0.0	0.0	0.0	0.0	0.0	0.0	0.0	0.0	0.0	0.0	0.0	0.0	0.0	2.013483485527833e-12	0.0	0.0	0.0	0.0	0.0	0.0	0.0	0.0	0.0	0.0	0.0	0.0	0.0	0.0
other	0.0	4.653792219083781e-12	0.0	4.007257401963909e-12	0.0	2.5712155066497036e-12	1.0938430985292816e-12	1.9082735145233515e-12	2.544410575626959e-12	3.826109458997854e-12	6.988197745827208e-13	1.289294874989349e-12	1.7993863202330005e-12	1.6866583716129384e-12	1.0608844398153346e-12	4.530337842437624e-12	1.4405423381698686e-12	0.0	0.0	1.7129492345282463e-12	1.6619263505627309e-12	0.0	7.904327704329447e-13	3.873501566237434e-13	0.0	0.0	0.0	0.0	0.0	0.0
Bottom
other	0.0	0.0	0.0	0.0	0.0	0.0	0.0	0.0	0.0	0.0	0.0	0.0	0.0	0.0	0.0	0.0	0.0	0.0	0.0	0.0	0.0	0.0	0.0	0.0	0.0	0.0	0.0	0.0	0.0	0.0
Graph
other	0.0	1.3961376657251346e-11	2.517648685706906e-11	3.4061687916693214e-11	1.4076916793943079e-11	8.999254273273963e-12	1.531380337940994e-11	1.4312051358925138e-11	1.0177642302507835e-11	9.947884593394419e-12	7.687017520409927e-12	5.157179499957396e-12	4.198568080543667e-12	4.497755657634502e-12	4.2435377592613385e-12	8.55730481349329e-12	1.9207231175598247e-12	1.8409569137532466e-12	0.0	2.9976611604244312e-12	2.4928895258440966e-12	3.2363242392333236e-12	1.1856491556494172e-12	1.5494006264949737e-12	1.1424430972881095e-12	0.0	0.0	7.365660833798532e-13	7.325227816980439e-13	7.305149876704477e-13
C60
other	0.0	0.0	0.0	0.0	0.0	1.2856077533248518e-12	0.0	0.0	0.0	0.0	6.988197745827208e-13	0.0	0.0	0.0	0.0	5.033708713819583e-13	4.801807793899562e-13	0.0	0.0	4.2823730863206157e-13	0.0	0.0	3.9521638521647234e-13	0.0	0.0	0.0	0.0	0.0	0.0	0.0
