Total	Internal	Translational
Top
30.1044021152	30.0558623954	0.0485397198068
19.1898545691	0.0	19.1898545691
232.325724872	0.0	232.325724872
27.4714460435	0.0	27.4714460435
34.233765643	7.49218327419e-33	34.233765643
0.666731241944	0.478361062147	0.188370179797
0.532182942953	0.386189451424	0.145993491529
0.0680659863216	0.0479439406597	0.020122045662
64.4122113671	0.0	64.4122113671
0.1313454087	0.0706437684502	0.0607016402502
107.137544468	1.19874932387e-31	107.137544468
54.4981916547	4.79499729548e-31	54.4981916547
194.112479731	0.0	194.112479731
116.453138245	0.0	116.453138245
Bottom
