Total	Internal	Translational
Top
9.63569608172	1.42627970745	8.20941637426
20.8561982084	4.79499729548e-31	20.8561982084
25.1832148003	0.0	25.1832148003
37.3609602983	4.79499729548e-31	37.3609602983
4.09387847	2.77578639984	1.31809207016
1.73423066992	0.804424470929	0.929806198988
17.7355071017	1.3497952379	16.3857118638
23.0949898588	3.59207923727	19.5029106215
13.6501250272	2.42177919756	11.2283458296
14.5209552268	1.90100777738	12.6199474494
7.33632970336	2.99543618572	4.34089351764
9.10173224573	0.680748634382	8.42098361135
219.311349495	1.91799891819e-30	219.311349495
Bottom
