dphi = 0.05235987755982988	first column is a mass, last row consists of all other masses	mass / surface of the sphere ring	scaled mass sums in consecutive angle intervals, last interval most often smaller (ends at pi/2)
Top
24.022	0.0	9.307584438167562e-12	0.0	1.2021772205891726e-11	0.0	2.5712155066497036e-12	0.0	1.9082735145233515e-12	3.3925474341692784e-12	3.060887567198283e-12	0.0	2.578589749978698e-12	3.598772640466001e-12	2.248877828817251e-12	0.0	0.0	9.603615587799124e-13	9.204784568766233e-13	8.861078176028283e-13	0.0	8.309631752813654e-13	2.427243179424993e-12	0.0	7.747003132474868e-13	0.0	7.510152701253097e-13	0.0	0.0	0.0	0.0
36.033	0.0	0.0	0.0	0.0	0.0	0.0	0.0	0.0	0.0	0.0	0.0	3.8678846249680474e-12	0.0	0.0	0.0	0.0	0.0	0.0	1.3291617264042426e-12	0.0	0.0	0.0	0.0	0.0	0.0	0.0	0.0	0.0	0.0	0.0
60.055	0.0	0.0	0.0	0.0	0.0	0.0	0.0	0.0	0.0	0.0	0.0	0.0	0.0	0.0	0.0	0.0	0.0	0.0	0.0	0.0	0.0	2.022702649520827e-12	0.0	0.0	0.0	0.0	0.0	0.0	0.0	0.0
other	1.3948620936259577e-11	9.307584438167562e-12	2.797387428563229e-12	0.0	4.692305597981027e-12	3.856823259974556e-12	3.2815292955878453e-12	9.541367572616758e-13	5.9369580097962364e-12	6.121775134396565e-12	3.4940988729136037e-12	1.9339423124840237e-12	5.398158960699e-12	2.248877828817251e-12	3.713095539353671e-12	4.530337842437624e-12	1.9207231175598247e-12	2.3011961421915585e-12	2.6583234528084845e-12	3.425898469056492e-12	1.2464447629220483e-12	2.831783709329158e-12	2.766514696515306e-12	1.1620504698712303e-12	7.616287315254062e-13	0.0	0.0	0.0	0.0	3.6525749383522385e-13
Bottom
other	0.0	0.0	0.0	0.0	0.0	0.0	0.0	0.0	0.0	0.0	0.0	0.0	0.0	0.0	0.0	0.0	0.0	0.0	0.0	0.0	0.0	0.0	0.0	0.0	0.0	0.0	0.0	0.0	0.0	0.0
Graph
other	1.3948620936259577e-11	1.8615168876335124e-11	2.797387428563229e-12	1.2021772205891726e-11	4.692305597981027e-12	6.428038766624259e-12	3.2815292955878453e-12	2.862410271785028e-12	8.481368585423195e-12	7.652218917995707e-12	3.4940988729136037e-12	7.735769249936095e-12	7.1975452809320004e-12	3.9355362004301895e-12	2.6522110995383366e-12	4.026966971055665e-12	1.9207231175598247e-12	1.3807176853149352e-12	3.5444312704113133e-12	2.1411865431603078e-12	1.6619263505627309e-12	5.663567418658316e-12	3.9521638521647234e-13	1.1620504698712303e-12	7.616287315254062e-13	7.510152701253097e-13	0.0	0.0	0.0	0.0
C60
other	0.0	0.0	0.0	0.0	0.0	0.0	0.0	0.0	8.481368585423196e-13	1.5304437835991415e-12	0.0	6.446474374946745e-13	1.7993863202330005e-12	5.622194572043128e-13	1.0608844398153346e-12	5.033708713819583e-13	9.603615587799124e-13	1.8409569137532466e-12	1.3291617264042426e-12	1.284711925896185e-12	4.154815876406827e-13	1.6181621196166618e-12	2.371298311298834e-12	7.747003132474868e-13	0.0	0.0	0.0	0.0	0.0	3.6525749383522385e-13
