dphi = 0.05235987755982988	first column is a mass, last row consists of all other masses	mass / surface of the sphere ring	scaled mass sums in consecutive angle intervals, last interval most often smaller (ends at pi/2)
Top
24.022	0.0	9.307584438167562e-12	1.1189549714252916e-11	0.0	1.5641018659936755e-11	7.713646519949112e-12	2.1876861970585633e-12	3.816547029046703e-12	8.481368585423195e-12	6.121775134396566e-12	6.988197745827207e-12	1.289294874989349e-12	3.598772640466001e-12	2.248877828817251e-12	4.2435377592613385e-12	0.0	1.9207231175598247e-12	2.7614353706298705e-12	1.7722156352056566e-12	1.7129492345282463e-12	4.154815876406827e-12	1.6181621196166618e-12	2.3712983112988344e-12	7.747003132474868e-13	2.284886194576219e-12	0.0	7.42701259674812e-13	0.0	2.197568345094132e-12	2.1915449630113432e-12
36.033	0.0	0.0	0.0	0.0	9.384611195962053e-12	0.0	3.2815292955878453e-12	2.862410271785028e-12	0.0	2.2956656753987123e-12	2.0964593237481625e-12	1.9339423124840237e-12	5.398158960699001e-12	0.0	1.5913266597230021e-12	0.0	2.8810846763397373e-12	1.3807176853149352e-12	0.0	1.284711925896185e-12	0.0	1.2136215897124964e-12	0.0	1.1620504698712303e-12	0.0	0.0	0.0	0.0	0.0	0.0
96.088	0.0	0.0	0.0	0.0	0.0	0.0	0.0	0.0	0.0	6.121775134396565e-12	0.0	0.0	0.0	0.0	0.0	4.026966971055665e-12	0.0	0.0	0.0	0.0	0.0	0.0	0.0	0.0	0.0	0.0	0.0	0.0	2.930091126792175e-12	0.0
48.044	0.0	0.0	0.0	0.0	0.0	0.0	0.0	0.0	0.0	0.0	0.0	0.0	0.0	4.497755657634502e-12	0.0	0.0	0.0	0.0	0.0	0.0	0.0	1.6181621196166618e-12	0.0	0.0	0.0	0.0	0.0	0.0	0.0	0.0
60.055	0.0	0.0	0.0	0.0	0.0	0.0	0.0	0.0	0.0	0.0	0.0	3.223237187473372e-12	0.0	0.0	0.0	0.0	0.0	0.0	0.0	0.0	0.0	0.0	0.0	0.0	0.0	0.0	1.85675314918703e-12	0.0	0.0	0.0
other	0.0	0.0	2.797387428563229e-12	4.007257401963909e-12	1.5641018659936755e-12	0.0	2.1876861970585633e-12	1.9082735145233515e-12	8.481368585423196e-13	2.2956656753987123e-12	6.988197745827208e-13	6.446474374946745e-13	2.399181760310667e-12	2.248877828817251e-12	0.0	0.0	4.801807793899562e-13	0.0	4.4305390880141416e-13	4.2823730863206157e-13	1.6619263505627309e-12	0.0	0.0	3.873501566237434e-13	0.0	0.0	0.0	0.0	0.0	0.0
Bottom
other	0.0	0.0	0.0	0.0	0.0	0.0	0.0	0.0	0.0	0.0	0.0	0.0	0.0	0.0	0.0	0.0	0.0	0.0	0.0	0.0	0.0	0.0	0.0	0.0	0.0	0.0	0.0	0.0	0.0	0.0
Graph
other	0.0	9.307584438167562e-12	1.3986937142816146e-11	4.007257401963909e-12	2.6589731721892478e-11	7.713646519949112e-12	6.563058591175691e-12	8.587230815355082e-12	9.329505443965514e-12	1.6834881619590553e-11	9.78347684415809e-12	7.091121812441419e-12	1.0796317921398002e-11	7.871072400860379e-12	5.8348644189843405e-12	4.026966971055665e-12	5.281988573289518e-12	4.142153055944805e-12	2.2152695440070707e-12	3.4258984690564925e-12	5.816742226969557e-12	4.4499458289458196e-12	2.3712983112988344e-12	2.3241009397424607e-12	2.284886194576219e-12	0.0	2.599454408861842e-12	0.0	5.127659471886307e-12	2.1915449630113432e-12
C60
other	0.0	0.0	0.0	0.0	0.0	0.0	1.0938430985292816e-12	0.0	0.0	0.0	0.0	0.0	5.997954400776668e-13	1.1244389144086255e-12	0.0	0.0	0.0	0.0	0.0	0.0	0.0	0.0	0.0	0.0	0.0	0.0	0.0	0.0	0.0	0.0
