id	name	mass [g/mol]	latitude [rad]	longitude [rad]
Top
2525	C2	24.022	0.14238305747205507	1.919881082732126
2537	C2	24.022	1.4815431304533917	2.9630229922376015
2541	C2	24.022	0.8788394963728446	-1.8734495499708355
2546	C2	24.022	0.5590621204758737	-1.452633322231657
2549	C3	36.033	0.13437895831911725	1.6326634322694813
2550	C	12.011	0.5019227474739751	-1.7744189322482447
2552	C2	24.022	1.0153190717557208	-2.502477747067615
2555	C3	36.033	1.5697418567228025	-2.35010615658076
2558	C2	24.022	1.50597635916602	-1.149832996710865
2561	C	12.011	0.7933645811223664	-1.7991182146203346
2562	C	12.011	1.2568818659233931	-0.09761308523527165
2563	C2	24.022	0.7638637270714674	1.166889478260599
2565	C3	36.033	0.10806294978947908	-0.08694813068625681
2566	C2	24.022	0.06739687510466891	1.5964933123429643
2567	C2	24.022	0.7049626907062414	3.0793580361819117
2568	C2	24.022	0.4661944959307408	0.7388115856007241
2569	C2	24.022	0.5109840339907921	1.560939901738468
2570	C2	24.022	0.6094563816781725	1.2885992533869162
2571	C3	36.033	0.27040072646735186	-2.4902748525506895
2572	C2	24.022	0.35312123940468426	-2.8215739919878073
2573	C4	48.044	1.1888068690703033	1.9437297699651224
2574	C2	24.022	0.6464249261833644	1.9536769610470375
2576	C2	24.022	1.093320554858533	-2.8712060592505706
2577	C2	24.022	1.4549455926445982	0.5225777045243317
2578	C2	24.022	0.12403737943014083	0.7295008236260434
2579	C2	24.022	1.062349520861572	1.8821434967525563
2580	C3	36.033	0.8934226011282503	-0.1260217884215138
2581	C2	24.022	0.540479718334157	-2.6329791976596564
2582	C8	96.08799999999998	0.48870162759944225	-0.33523090877801504
2583	C2	24.022	0.5432868014991965	-1.275791674000232
2584	C2	24.022	0.5372087256582826	1.5890947963636324
2585	C2	24.022	0.8566717970834108	-0.9764432301607419
2586	C2	24.022	0.4800411736860746	3.1125214197407267
2587	C2	24.022	0.7104784758007794	-0.6859101080732748
2588	C2	24.022	0.29049057425960917	1.9129328993266577
2589	C2	24.022	1.1464412733083227	-2.6060452576285877
2590	C2	24.022	0.4628572215249007	-1.2498776266782037
2592	C3	36.033	0.26453254565566076	1.9217506023319808
2593	C2	24.022	0.41954270770154894	2.014507532240155
2594	C2	24.022	0.5384810787424964	0.6837273507510916
2595	C2	24.022	0.5397599080969205	-2.3810478196629656
2596	C2	24.022	0.46917334929633175	-0.9637892349398867
2597	C	12.011	0.7428098337577731	-2.5027658706795517
2598	C2	24.022	0.5936440712301677	1.1173394915975348
2599	C2	24.022	0.5730921988058502	-2.703903096897228
2600	C2	24.022	0.07776592607082758	1.5379215433587659
2601	C2	24.022	0.24731734836319635	-2.3150221910332314
2602	C4	48.044	0.5244284600374879	2.621629242131179
2603	C2	24.022	0.5978520729794841	0.010537985275647869
2604	C2	24.022	0.9421821060435712	2.076727697042627
2605	C6	72.06599999999999	0.39689201000831	0.3600422559253159
2606	C2	24.022	0.46680144723110506	-0.48877216331694884
2607	C2	24.022	1.0348095893853821	-0.40322782972041094
2608	C	12.011	0.8598202091858304	-0.5963593270380786
2609	C	12.011	0.3744107320279472	-0.7049453135823216
2610	C2	24.022	0.5250712362138822	-0.9803778662244707
2611	C2	24.022	0.9493145000768047	0.24992920607966618
2612	C	12.011	0.16586865264187453	-1.632019957253367
2613	C2	24.022	0.8221291980242468	-0.8875554885211123
2614	C3	36.033	0.3365378711224145	-0.7817248601642532
2615	C2	24.022	0.2876766609203847	1.5315489643244709
2616	C6	72.06599999999999	1.1412154224139626	-1.22655808156068
2617	C2	24.022	1.2626613178389587	-1.168536904006393
2618	C4	48.044	0.5103333443306018	-2.4195662375965545
2619	C	12.011	0.9190272278727265	-0.7381360109576912
2620	C2	24.022	0.4186739196141357	-1.6875613864827919
2621	C2	24.022	0.28193457407330075	3.0050159408567945
2622	C2	24.022	0.06399403809592384	2.3472957830331427
2624	C2	24.022	0.07148960484728908	-1.9810322687187527
2625	C2	24.022	1.3432482063783213	1.7468740663154538
2626	C2	24.022	1.3521075368452369	-1.8626975294766424
2627	C2	24.022	0.316895043862339	-1.0339852953620938
2628	C2	24.022	0.7556873615195712	-1.7688885764905267
2629	C2	24.022	0.864209802726297	1.4155192793143327
2630	C	12.011	0.30472850624360687	0.9286039961509178
2631	C2	24.022	0.7750722444668551	-3.007772758706629
2632	C	12.011	0.6490841014547576	0.5197932352181778
2633	C2	24.022	0.24423454983621393	-0.7813006963351075
2634	C	12.011	0.298450053139993	-0.7226673998967251
2635	C	12.011	0.9226085025679989	-0.19841504073466215
2636	C2	24.022	0.577687155958102	1.5594716694240722
2637	C	12.011	0.8075247707325073	1.8343334212069733
2641	C	12.011	0.13305465667239524	2.2984164406272827
2652	C	12.011	0.36001627375702244	-2.0679732202005736
2684	C2	24.022	1.5462086859355884	0.5111130599517011
2693	C2	24.022	0.36973313917864287	-2.5235967171149394
2708	C2	24.022	0.9247393177452811	1.4452750620171038
2715	C2	24.022	0.37756848723831177	-0.1278214635432161
2720	C3	36.033	1.0889700123540107	-2.857809782320963
2722	C5	60.05499999999999	1.5609715400938575	0.7716436071134779
2723	C2	24.022	0.3630869022247482	-3.1328768785609027
2725	C2	24.022	0.7127373679659842	0.8561324304325183
2726	C2	24.022	0.9027977369435711	2.6579162148220044
2727	C2	24.022	0.5845405170865882	2.482296582020975
2729	C2	24.022	1.0690042406859082	-1.7922334528587722
2730	C2	24.022	0.8120396379647149	1.9468163233187596
2731	C	12.011	0.6850808633000472	2.444782454732618
2732	C2	24.022	1.0055010225277587	-1.5914089308481463
2733	C2	24.022	0.17039085874424578	1.5702094274088343
2734	C2	24.022	0.8106629775355453	1.0746431818133106
2737	C2	24.022	0.23630369274815938	2.0352927845553626
2738	C2	24.022	0.4392135008975341	2.298634682732889
2739	C	12.011	0.8917409669103609	1.823989522321559
2740	C2	24.022	1.4344264098387436	-0.8402523946686622
2741	C3	36.033	1.5084891356951977	-2.734773019927483
2743	C	12.011	0.45516536190384	0.468225525785391
2744	C3	36.033	0.14627944396202192	-0.8085677637122309
2745	C2	24.022	0.18686857492010686	3.113865558070512
2746	C2	24.022	0.6178075769318638	-1.8543800991183432
2747	C2	24.022	0.37205020842559244	-1.711258557367156
2748	C2	24.022	0.8819365963127793	1.6987237781918936
2749	C2	24.022	0.39310965717997404	-1.2818552425608185
2751	C2	24.022	0.6114036807384082	2.456867708294968
2752	C2	24.022	0.9515178159451438	-0.3448501311685698
2754	C2	24.022	0.4657062425238137	-0.9259923118701283
2755	C2	24.022	1.1433441123737804	-1.3229375633696578
2756	C	12.011	0.4026776516052961	1.0719571737277658
2757	C2	24.022	0.8239348042475062	-0.0340043716659667
2758	C2	24.022	0.5933844642398438	2.648588035937247
2759	C2	24.022	0.6108081210102393	-2.1382817186993024
2760	C2	24.022	0.06536128602534007	3.13318970653663
2761	C2	24.022	1.3999103241431863	-0.010754810477406056
2762	C2	24.022	0.6224403690818571	-0.47960948406135767
2763	C	12.011	0.48041799096133947	2.485655201259553
2764	C2	24.022	0.3595369917592425	-0.07904355458823653
2765	C3	36.033	0.6038840155208092	0.619840421090261
2766	C2	24.022	0.8434210514179362	-2.294625876870837
2768	C	12.011	0.23791346473639466	1.2707238334822073
2769	C2	24.022	0.46802798672875345	-1.2182268899951367
2770	C2	24.022	0.13070595057073095	1.1791216315716615
2771	C2	24.022	0.5845935656783413	0.543491746199214
2772	C2	24.022	0.49153425311194837	-1.7176975114916881
2773	C2	24.022	0.7208544961141802	-0.8634262939085936
2774	C3	36.033	0.7121502599527815	0.717605451621144
2775	C2	24.022	0.6933982831995965	1.1251020573541939
2776	C3	36.033	0.8908656832845514	3.095914930754724
2777	C2	24.022	0.2587916889565476	-3.0207839139780117
2778	C	12.011	0.6505667587608838	-0.6458557424473707
2779	C4	48.044	1.179419887307949	0.5699328628134838
2780	C2	24.022	0.8296978931637103	2.1447085537759487
2781	C2	24.022	1.073058530773746	0.2862592143712469
2782	C2	24.022	1.3135186307881104	-0.5473153143403964
2783	C2	24.022	1.0007591211071947	1.4947854239303464
2784	C	12.011	0.8265569712304471	-0.953222066538785
2785	C	12.011	0.28319255362971707	-1.211020990870402
2786	C	12.011	0.5539332181757766	-0.9298897096559555
2787	C	12.011	0.5796982961039243	-1.5895311293686119
2788	C	12.011	0.803208797001356	0.9609265508603341
2789	C2	24.022	1.4011140975188072	1.2655606961389343
2790	C	12.011	0.4995036894158701	2.938969547980702
2793	C	12.011	0.27920779724464556	-2.981287819141111
2794	C	12.011	0.20725476424976383	-0.9919693335242153
2796	C	12.011	0.2249459340030746	0.5254033942890866
2798	C	12.011	0.6399031826546787	3.06027058208522
Bottom
