dphi = 0.05235987755982988	first column is a mass, last row consists of all other masses	mass / surface of the sphere ring	scaled mass sums in consecutive angle intervals, last interval most often smaller (ends at pi/2)
Top
24.022	0.0	0.0	0.0	4.007257401963909e-12	3.128203731987351e-12	2.5712155066497036e-12	2.1876861970585633e-12	1.9082735145233515e-12	0.0	3.060887567198283e-12	0.0	3.8678846249680474e-12	1.1995908801553335e-12	0.0	1.0608844398153346e-12	1.0067417427639165e-12	9.603615587799124e-13	9.204784568766233e-13	2.6583234528084853e-12	0.0	8.309631752813654e-13	1.6181621196166618e-12	7.904327704329447e-13	1.5494006264949737e-12	0.0	0.0	0.0	0.0	0.0	0.0
36.033	0.0	0.0	0.0	0.0	0.0	0.0	0.0	0.0	0.0	0.0	0.0	1.9339423124840237e-12	0.0	0.0	0.0	0.0	0.0	0.0	0.0	0.0	1.2464447629220483e-12	0.0	0.0	0.0	0.0	0.0	0.0	0.0	0.0	0.0
other	0.0	0.0	2.797387428563229e-12	4.007257401963909e-12	1.5641018659936755e-12	2.5712155066497036e-12	1.0938430985292816e-12	3.816547029046703e-12	2.544410575626959e-12	2.2956656753987123e-12	2.7952790983308833e-12	3.223237187473372e-12	1.7993863202330005e-12	4.497755657634501e-12	2.6522110995383366e-12	4.530337842437624e-12	3.3612654557296928e-12	1.3807176853149352e-12	3.5444312704113125e-12	1.284711925896185e-12	2.0774079382034135e-12	2.022702649520827e-12	1.5808655408658894e-12	7.747003132474868e-13	3.808143657627031e-13	1.1265229051879647e-12	3.71350629837406e-13	3.682830416899266e-13	3.6626139084902195e-13	1.0957724815056716e-12
Bottom
other	0.0	0.0	0.0	0.0	0.0	0.0	0.0	0.0	0.0	0.0	0.0	0.0	0.0	0.0	0.0	0.0	0.0	0.0	0.0	0.0	0.0	0.0	0.0	0.0	0.0	0.0	0.0	0.0	0.0	0.0
Graph
other	0.0	0.0	2.797387428563229e-12	8.014514803927817e-12	4.692305597981027e-12	5.142431013299407e-12	3.2815292955878453e-12	5.724820543570056e-12	2.544410575626959e-12	3.060887567198283e-12	2.7952790983308833e-12	7.735769249936093e-12	2.399181760310667e-12	4.497755657634501e-12	3.713095539353671e-12	3.5235960996737078e-12	4.321627014509606e-12	9.204784568766233e-13	4.430539088014141e-12	4.2823730863206157e-13	2.4928895258440966e-12	2.4272431794249925e-12	1.5808655408658894e-12	1.936750783118717e-12	0.0	7.510152701253097e-13	0.0	0.0	3.6626139084902195e-13	3.6525749383522385e-13
C60
other	0.0	0.0	0.0	0.0	0.0	0.0	0.0	0.0	0.0	2.2956656753987123e-12	0.0	1.289294874989349e-12	5.997954400776668e-13	0.0	0.0	2.013483485527833e-12	0.0	1.3807176853149352e-12	1.7722156352056566e-12	8.564746172641231e-13	1.6619263505627309e-12	1.2136215897124964e-12	7.904327704329447e-13	3.873501566237434e-13	3.808143657627031e-13	3.7550763506265485e-13	3.71350629837406e-13	3.682830416899266e-13	0.0	7.305149876704477e-13
