Total	Internal	Translational
Top
1.31160626395	0.340844878447	0.970761385504
7.53543009563	2.84387818521	4.69155191042
45.9932636789	4.89048307043	41.1027806085
20.4699916551	5.76270815913	14.707283496
3.22277760876	0.0913270768474	3.13145053191
27.5872690793	5.99374661935e-31	27.5872690793
5.99080117651	0.0	5.99080117651
7.55037663832	1.03583505732	6.51454158099
1.9569099139	1.58132943294	0.375580480959
28.0933285257	0.693945959062	27.3993825666
940.932066486	10.1555758729	930.776490613
351.476057734	0.0	351.476057734
644.234593319	7.49218327419e-33	644.234593319
126.095738715	0.0	126.095738715
1.26687286986	0.707846976669	0.559025893194
14.8064506582	1.16774522105	13.6387054372
108.219630043	0.0	108.219630043
6.08115336564	1.31687208424	4.7642812814
0.280141851459	0.175254541345	0.104887310114
6.02554375181	3.73022215513	2.29532159667
1.73980751742	1.0536984018	0.686109115627
189.355415629	0.0	189.355415629
37.4429332671	0.0	37.4429332671
191.227858035	0.0	191.227858035
229.639861949	0.0	229.639861949
18.7480881507	8.44229274107	10.3057954096
101.953685156	0.0	101.953685156
48.9102178533	0.0	48.9102178533
633.785550921	2.39749864774e-30	633.785550921
942.320579193	10.2248921191	932.095687074
75.0074256263	4.79499729548e-31	75.0074256263
15.6283383173	0.0	15.6283383173
0.543310307832	9.36522909273e-33	0.543310307832
3.27725067529	0.0	3.27725067529
147.771452597	0.0	147.771452597
11.0846927596	0.390164750413	10.6945280091
5.12457769643	1.40126151069	3.72331618573
5.46903462486	0.166499877597	5.30253474726
313.863847102	0.0	313.863847102
7.23075220749	0.0	7.23075220749
347.936467601	0.0	347.936467601
489.149896481	0.0	489.149896481
102.521757573	0.0	102.521757573
261.602471954	1.91799891819e-30	261.602471954
6.55224160846	0.604540863649	5.94770074481
2.11989986475	0.0	2.11989986475
3.08320618298	0.710461873144	2.37274430984
0.28762766752	0.0	0.28762766752
67.3854347287	0.0	67.3854347287
227.295953381	0.0	227.295953381
134.003885042	1.91799891819e-30	134.003885042
18.4055898378	0.0	18.4055898378
100.040808675	4.79499729548e-31	100.040808675
12.9367882551	2.99146629502	9.94532196004
2.89537357974	1.7814012939	1.11397228583
4.36268415531	5.99374661935e-32	4.36268415531
60.9262596371	4.79499729548e-31	60.9262596371
6.32487668214	0.766909398354	5.55796728378
3.56324502845	2.99687330967e-32	3.56324502845
75.2933227735	4.79499729548e-31	75.2933227735
217.547283818	0.0	217.547283818
8.82324263345	5.05161029425	3.7716323392
28.3889791547	0.0	28.3889791547
6.64549128467	0.0	6.64549128467
12.8633924019	1.53281976813	11.3305726338
17.4119943104	7.49218327419e-33	17.4119943104
11.5204786991	2.99687330967e-32	11.5204786991
319.691273106	1.91799891819e-30	319.691273106
194.757516187	8.0663247618	186.691191425
140.106946338	1.19874932387e-31	140.106946338
22.622743526	1.81000726516	20.8127362608
4.24912164754	0.129991155658	4.11913049188
36.592075231	0.0	36.592075231
1.28840808817	0.348962713393	0.939445374779
55.6366402617	6.06791682098	49.5687234407
9.45853652474	0.543200482998	8.91533604174
8.43101786912	1.25564699261	7.17537087652
31.4905061762	0.0	31.4905061762
13.4860966124	2.99687330967e-32	13.4860966124
275.496027246	0.0	275.496027246
162.539299141	0.0	162.539299141
41.8105414332	0.0	41.8105414332
23.0940685424	3.63437636572	19.4596921766
19.6352199621	0.0	19.6352199621
13.1649119776	3.98101874307	9.18389323455
104.520948734	0.0	104.520948734
38.8342468437	0.0	38.8342468437
406.747977171	1.91799891819e-30	406.747977171
222.294903649	0.0	222.294903649
218.842566534	0.0	218.842566534
44.215988035	2.99687330967e-32	44.215988035
5.26687046846	0.811220525839	4.45564994262
19.1845181064	0.0	19.1845181064
44.8297875121	5.97700181278	38.8527856993
5.28894165511	0.0	5.28894165511
29.424366314	0.0	29.424366314
382.210439107	1.91799891819e-30	382.210439107
217.226335189	1.91799891819e-30	217.226335189
7.73908167335	0.184571790394	7.55450988296
38.3755760135	0.0	38.3755760135
6.65149864129	2.09332515052	4.55817349077
9.96298239877	1.19874932387e-31	9.96298239877
7.26710322131	3.74609163709e-32	7.26710322131
16.3858743511	1.70894747569	14.6769268755
3.69718195575	1.05893907555	2.6382428802
59.0643763749	0.0	59.0643763749
1.80143368402	0.0	1.80143368402
30.7778206113	4.52601763726	26.2518029741
3.4607695508	0.0	3.4607695508
7.23332822866	3.01022585164	4.22310237702
2.69390808686	0.251079164454	2.44282892241
170.083421877	0.0	170.083421877
12.0287199463	0.0	12.0287199463
164.861044799	1.91799891819e-30	164.861044799
11.7573975118	3.38184412648	8.37555338535
0.151405983417	0.0	0.151405983417
4.85168164523	2.17088052807	2.68080111717
27.0106271125	0.0	27.0106271125
67.2723162492	0.0	67.2723162492
23.177691743	0.0	23.177691743
2.13020817051	1.77026831997	0.35993985055
3.28597025099	2.99687330967e-32	3.28597025099
10.4176145437	1.59253893598	8.82507560773
3.02999701932	0.0	3.02999701932
255.011718918	1.91799891819e-30	255.011718918
356.910344178	1.91799891819e-30	356.910344178
243.338901569	1.91799891819e-30	243.338901569
16.6765289781	1.87304581855e-33	16.6765289781
136.10429059	0.0	136.10429059
412.490386784	0.0	412.490386784
464.294376734	0.0	464.294376734
399.691659782	0.0	399.691659782
561.315055812	7.67199567277e-30	561.315055812
548.349248379	0.0	548.349248379
330.846936382	0.0	330.846936382
550.767006433	0.0	550.767006433
870.206774113	10.6473568761	859.559417237
567.854953043	0.0	567.854953043
344.934483998	7.79187060515e-30	344.934483998
534.882832214	0.0	534.882832214
148.036483727	0.0	148.036483727
303.18154897	7.67199567277e-30	303.18154897
311.009401216	0.0	311.009401216
513.579541915	0.0	513.579541915
795.512883	0.0	795.512883
921.663999468	0.0	921.663999468
86.2344575089	0.0	86.2344575089
479.207642662	0.0	479.207642662
611.216713137	0.0	611.216713137
705.460612904	1.91799891819e-30	705.460612904
329.745637436	4.79499729548e-31	329.745637436
575.733368818	0.0	575.733368818
305.983728439	7.49218327419e-33	305.983728439
408.453499403	8.15149540231e-30	408.453499403
639.627728551	0.0	639.627728551
392.655942624	7.70196440586e-30	392.655942624
17.4741769902	0.0	17.4741769902
112.15592242	4.79499729548e-31	112.15592242
669.754938479	0.0	669.754938479
517.451035858	1.91799891819e-30	517.451035858
408.990846206	0.0	408.990846206
437.374199074	7.67199567277e-30	437.374199074
521.317047328	1.91799891819e-30	521.317047328
645.82659694	2.99687330967e-32	645.82659694
661.535920177	9.58999459096e-31	661.535920177
364.671236237	7.67199567277e-30	364.671236237
646.911463834	0.0	646.911463834
701.744916764	0.0	701.744916764
691.348512486	7.67199567277e-30	691.348512486
526.450539523	1.91799891819e-30	526.450539523
459.770142303	0.0	459.770142303
398.465949004	0.0	398.465949004
319.613125011	0.0	319.613125011
Bottom
