dphi = 0.05235987755982988	first column is a mass, last row consists of all other masses	mass / surface of the sphere ring	scaled mass sums in consecutive angle intervals, last interval most often smaller (ends at pi/2)
Top
24.022	2.7897241872519153e-11	1.8615168876335124e-11	3.91634239998852e-11	3.205805921571126e-11	2.5025629855898802e-11	1.2856077533248517e-11	2.187686197058563e-11	1.7174461630710164e-11	1.0177642302507834e-11	1.530443783599141e-11	6.988197745827207e-12	1.160365387490414e-11	1.0796317921398e-11	4.497755657634502e-12	5.304422199076673e-12	5.0337087138195825e-12	3.8414462351196495e-12	6.443349198136363e-12	8.861078176028283e-13	4.2823730863206156e-12	1.6619263505627309e-12	4.854486358849985e-12	3.1617310817317787e-12	0.0	0.0	7.510152701253097e-13	7.42701259674812e-13	7.365660833798532e-13	7.325227816980439e-13	7.305149876704477e-13
36.033	4.184586280877873e-11	1.3961376657251346e-11	1.6784324571379374e-11	6.010886102945863e-12	9.384611195962053e-12	3.856823259974556e-12	0.0	2.862410271785028e-12	7.633231726880877e-12	0.0	1.0482296618740814e-11	1.9339423124840237e-12	1.7993863202330005e-12	0.0	1.5913266597230021e-12	1.510112614145875e-12	1.4405423381698686e-12	1.3807176853149352e-12	0.0	0.0	0.0	0.0	0.0	0.0	0.0	0.0	0.0	0.0	0.0	0.0
48.044	0.0	0.0	0.0	1.6029029607855635e-11	6.256407463974702e-12	5.142431013299407e-12	0.0	0.0	0.0	0.0	0.0	0.0	0.0	0.0	0.0	0.0	0.0	0.0	0.0	0.0	0.0	0.0	1.5808655408658894e-12	0.0	0.0	0.0	0.0	0.0	1.4650455633960878e-12	0.0
72.066	0.0	0.0	0.0	0.0	0.0	7.71364651994911e-12	0.0	0.0	0.0	0.0	0.0	3.867884624968047e-12	0.0	0.0	0.0	0.0	0.0	0.0	0.0	0.0	0.0	0.0	0.0	0.0	0.0	0.0	0.0	0.0	0.0	0.0
108.099	0.0	0.0	0.0	0.0	0.0	0.0	0.0	8.587230815355082e-12	0.0	0.0	0.0	0.0	0.0	0.0	0.0	0.0	0.0	0.0	0.0	0.0	0.0	0.0	0.0	0.0	0.0	0.0	0.0	0.0	0.0	0.0
other	0.0	0.0	0.0	2.0036287009819543e-12	7.820509329968377e-12	1.2856077533248518e-12	4.3753723941171266e-12	0.0	4.2406842927115974e-12	2.2956656753987123e-12	2.7952790983308833e-12	1.289294874989349e-12	5.997954400776668e-13	1.1244389144086255e-12	1.0608844398153346e-12	5.033708713819583e-13	1.4405423381698686e-12	4.602392284383116e-13	4.4305390880141416e-13	0.0	1.2464447629220483e-12	0.0	7.904327704329447e-13	0.0	3.808143657627031e-13	0.0	0.0	3.682830416899266e-13	0.0	0.0
Bottom
other	0.0	0.0	0.0	0.0	0.0	0.0	0.0	0.0	0.0	0.0	0.0	0.0	0.0	0.0	0.0	0.0	0.0	0.0	0.0	0.0	0.0	0.0	0.0	0.0	0.0	0.0	0.0	0.0	0.0	0.0
Graph
other	6.974310468129788e-11	3.257654553358647e-11	5.5947748571264577e-11	5.2094346225530806e-11	4.535895411381659e-11	3.085458607979644e-11	2.5158391266173472e-11	2.003687190249519e-11	2.2051558322100307e-11	1.6834881619590553e-11	2.0265773462898905e-11	1.740548081235621e-11	1.2595704241630999e-11	5.6221945720431275e-12	7.426191078707344e-12	7.0471921993474155e-12	6.722530911459387e-12	8.284306111889609e-12	1.3291617264042426e-12	4.2823730863206156e-12	2.908371113484779e-12	4.854486358849985e-12	4.742596622597668e-12	0.0	0.0	7.510152701253097e-13	7.42701259674812e-13	1.1048491250697798e-12	2.197568345094132e-12	7.305149876704477e-13
C60
other	0.0	0.0	0.0	4.007257401963909e-12	3.128203731987351e-12	0.0	1.0938430985292816e-12	8.587230815355082e-12	0.0	7.652218917995707e-13	0.0	1.289294874989349e-12	5.997954400776668e-13	0.0	5.304422199076673e-13	0.0	0.0	0.0	0.0	0.0	0.0	0.0	7.904327704329447e-13	0.0	3.808143657627031e-13	0.0	0.0	0.0	0.0	0.0
