dphi = 0.05235987755982988	first column is a mass, last row consists of all other masses	mass / surface of the sphere ring	scaled mass sums in consecutive angle intervals, last interval most often smaller (ends at pi/2)
Top
24.022	2.7897241872519153e-11	3.723033775267025e-11	2.237909942850583e-11	5.6101603627494715e-11	3.12820373198735e-11	2.8283370573146737e-11	4.812909633528839e-11	1.5266188116186812e-11	4.4103116644200626e-11	2.9078431888383684e-11	2.2362232786647063e-11	2.4496602624797627e-11	1.679427232217467e-11	1.3493266972903506e-11	1.379149771759935e-11	1.0067417427639163e-11	7.682892470239297e-12	5.52287074125974e-12	4.430539088014141e-12	1.0277695407169476e-11	4.985779051688192e-12	4.045405299041654e-12	1.5808655408658894e-12	1.5494006264949737e-12	7.616287315254062e-13	7.510152701253097e-13	1.485402519349624e-12	2.2096982501395596e-12	2.9300911267921756e-12	2.1915449630113432e-12
36.033	0.0	2.792275331450269e-11	3.356864914275875e-11	6.010886102945863e-12	1.407691679394308e-11	7.713646519949112e-12	6.563058591175691e-12	8.587230815355083e-12	5.088821151253918e-12	1.1478328376993563e-11	2.0964593237481625e-12	5.801826937452071e-12	1.7993863202330005e-12	1.6866583716129384e-12	6.365306638892009e-12	0.0	1.0083796367189083e-11	4.142153055944806e-12	1.3291617264042426e-12	1.284711925896185e-12	0.0	1.2136215897124964e-12	0.0	0.0	0.0	0.0	0.0	0.0	0.0	0.0
60.055	0.0	0.0	0.0	0.0	0.0	0.0	0.0	0.0	0.0	0.0	0.0	0.0	0.0	0.0	0.0	0.0	0.0	0.0	2.2152695440070707e-12	0.0	0.0	2.022702649520827e-12	0.0	0.0	0.0	1.8775381753132743e-12	0.0	0.0	0.0	0.0
48.044	0.0	0.0	0.0	0.0	0.0	0.0	0.0	7.633094058093406e-12	0.0	0.0	0.0	0.0	0.0	0.0	0.0	2.013483485527833e-12	0.0	0.0	0.0	0.0	0.0	0.0	0.0	0.0	0.0	0.0	0.0	0.0	0.0	0.0
84.077	0.0	0.0	0.0	0.0	0.0	0.0	0.0	0.0	0.0	0.0	0.0	0.0	0.0	0.0	0.0	0.0	0.0	3.2216745990681816e-12	0.0	0.0	0.0	0.0	0.0	0.0	0.0	0.0	0.0	0.0	0.0	0.0
other	0.0	4.653792219083781e-12	8.392162285689687e-12	6.010886102945863e-12	9.384611195962052e-12	7.71364651994911e-12	7.65690168970497e-12	3.816547029046703e-12	5.9369580097962364e-12	4.591331350797424e-12	6.9881977458272066e-12	2.578589749978698e-12	5.398158960699e-12	3.3733167432258764e-12	2.1217688796306693e-12	3.020225228291749e-12	1.9207231175598247e-12	1.8409569137532466e-12	1.7722156352056566e-12	8.564746172641231e-13	1.2464447629220483e-12	0.0	1.5808655408658894e-12	7.747003132474868e-13	3.808143657627031e-13	0.0	0.0	0.0	3.6626139084902195e-13	7.305149876704477e-13
Bottom
other	0.0	0.0	0.0	0.0	0.0	0.0	0.0	0.0	0.0	0.0	0.0	0.0	0.0	0.0	0.0	0.0	0.0	0.0	0.0	0.0	0.0	0.0	0.0	0.0	0.0	0.0	0.0	0.0	0.0	0.0
Graph
other	2.7897241872519153e-11	6.980688328625673e-11	6.433991085695426e-11	6.010886102945862e-11	5.161536157779129e-11	3.9853840353070416e-11	6.125521351763979e-11	3.4348923261420333e-11	5.173634837108152e-11	4.055676026537725e-11	3.074807008163971e-11	2.8364487249765675e-11	2.0992840402718337e-11	1.5742144801720755e-11	2.068724657639903e-11	1.4094384398694831e-11	1.8246869616818337e-11	1.3807176853149349e-11	8.861078176028283e-12	1.2418881950329785e-11	5.816742226969557e-12	7.281729538274976e-12	3.1617310817317787e-12	2.3241009397424607e-12	1.1424430972881095e-12	2.628553445438584e-12	1.485402519349624e-12	2.2096982501395596e-12	3.2963525176411977e-12	2.922059950681791e-12
C60
other	0.0	0.0	0.0	8.014514803927817e-12	3.128203731987351e-12	3.856823259974556e-12	1.0938430985292816e-12	9.541367572616758e-13	3.3925474341692784e-12	4.591331350797425e-12	6.988197745827208e-13	4.512532062462722e-12	2.998977200388334e-12	2.8110972860215638e-12	1.5913266597230021e-12	1.0067417427639165e-12	1.4405423381698686e-12	9.204784568766233e-13	8.861078176028283e-13	0.0	4.154815876406827e-13	0.0	0.0	0.0	0.0	0.0	0.0	0.0	0.0	0.0
