Total	Internal	Translational
Top
2.91715724682	0.827915563183	2.08924168364
19.1528405282	4.09302663888	15.0598138893
1.57660769258	0.982754006928	0.593853685652
0.608936161089	0.330619456091	0.278316704998
145.084598203	1.91799891819e-30	145.084598203
48.7755758225	13.5437589976	35.2318168249
1.82001230488	0.75830367827	1.06170862661
1.73694271432	0.10328330335	1.63365941097
10.8274044014	2.19992647075	8.62747793069
0.743735642588	0.621424726085	0.122310916502
4.91673609133	3.13753812807	1.77919796326
24.8426117602	0.0	24.8426117602
8.55074079334	0.802088865402	7.74865192794
5.87903756761	1.56011894362	4.31891862398
27.5907555112	4.79499729548e-31	27.5907555112
5.11832723156	3.64319268446	1.47513454709
0.961739395263	0.356531203076	0.605208192187
4.24523568862	0.436810121398	3.80842556723
2.84761260984	1.0634656126	1.78414699724
41.6699096302	4.79499729548e-31	41.6699096302
4.05202181963	0.0	4.05202181963
2.15590450793	0.320813485698	1.83509102223
77.4020438167	0.0	77.4020438167
122.908013569	0.0	122.908013569
2.7865353898	0.241959282184	2.54457610762
4.91930018908	1.88929714313	3.03000304596
6.33792101069	0.886571017134	5.45134999356
8.14923052396	2.73545706801	5.41377345595
10.5362502626	1.55659448541	8.97965577719
9.13488927203	4.36360372638	4.77128554565
22.1311663446	0.0	22.1311663446
132.329358617	0.0	132.329358617
12.5472034851	0.935968827168	11.6112346579
17.0451000076	1.19874932387e-31	17.0451000076
20.6972317071	6.48371177189	14.2135199352
7.11412936629	0.934964802836	6.17916456345
7.03321147536	1.29915270065	5.73405877471
15.4561177364	1.19874932387e-31	15.4561177364
5.72859179847	0.198411127055	5.53018067142
7.60337288922	0.95325886308	6.65011402614
26.4011743525	4.50053772414	21.9006366283
30.7955568929	0.0	30.7955568929
25.9788874516	0.0	25.9788874516
10.9708520026	1.49843665484e-31	10.9708520026
6.33087886543	1.19874932387e-31	6.33087886543
8.71754569643	0.0	8.71754569643
102.478540913	0.0	102.478540913
23.276313748	1.19874932387e-31	23.276313748
3.80415706716	1.51767687862	2.28648018854
2.23079036202	0.721740212936	1.50905014908
5.22087468103	1.71968633367	3.50118834736
1.86526735157	0.960556727494	0.904710624078
3.49369374928	1.76662633138	1.7270674179
1.58930869251	0.414705626871	1.17460306564
5.95492620493	0.584491801061	5.37043440387
159.322970883	1.19874932387e-31	159.322970883
2.33675666221	1.34102325814	0.995733404071
3.8163664961	0.188761448267	3.62760504783
1.58419933652	0.893601573302	0.690597763213
2.19885413165	1.91078706319	0.288067068456
10.7182279318	5.35043427032	5.36779366143
12.7812908012	5.18571885802	7.59557194314
3.19054240909	2.0567008928	1.13384151629
15.2992357015	0.37671224933	14.9225234522
29.9013906106	2.56941824028	27.3319723703
2.88419141286	1.20938723278	1.67480418008
3.13985375812	0.0	3.13985375812
4.98867887941	2.23091728389	2.75776159552
4.62782327813	1.33655243619	3.29127084194
4.29414633178	0.619594116311	3.67455221547
5.77361165998	0.567882501401	5.20572915858
6.3659140998	1.87304581855e-33	6.3659140998
246.403562539	0.0	246.403562539
0.636095668378	0.253473820256	0.382621848122
9.87822156067	1.88138639746	7.99683516322
6.35284436256	1.49712388329	4.85572047926
6.81578277778	3.69052766442	3.12525511336
10.391745719	5.62255021663	4.76919550235
10.3889172541	3.64685744523	6.74205980885
30.513634535	0.0	30.513634535
169.817344679	0.0	169.817344679
6.48162386518	3.40656742613	3.07505643905
4.12909820789	0.0286646387713	4.10043356912
13.2148352759	3.65215368445	9.5626815914
10.8537211756	2.80095512442	8.05276605116
2.0176739229	0.880445879854	1.13722804304
2.12302195715	0.709758869149	1.413263088
6.7401468163	1.23185526244	5.50829155387
166.540839483	0.0	166.540839483
8.1250550748	1.43411504127	6.69094003353
6.0062045608	2.92867879915	3.07752576164
5.33123150145	0.082719600094	5.24851190136
18.6584491207	5.36887808492	13.2895710358
82.4998890875	0.0	82.4998890875
18.7607998326	1.77387643446	16.9869233982
15.0269204758	0.0	15.0269204758
5.0893284601	0.537499721469	4.55182873863
6.76644263365	1.93147559101	4.83496704264
3.00464199277	0.324774373015	2.67986761975
3.87533300775	1.11514181311	2.76019119464
32.6827514251	3.74713218877	28.9356192363
5.5010382431	1.35960904278	4.14142920033
3.21760152152	0.544886225848	2.67271529568
1.65611938302	0.485471245593	1.17064813743
4.83660656964	0.646729948874	4.18987662077
2.70876708042	0.895736980991	1.81303009943
8.69717898097	4.21830758343	4.47887139754
14.6877383509	1.24034496356	13.4473933874
15.611308654	6.77659865011	8.83471000389
2.20769820251	0.93573144606	1.27196675645
12.9906204592	3.7517239806	9.2388964786
8.31400526908	0.868991945559	7.44501332352
10.9457556077	2.22054001075	8.72521559697
12.8991288612	0.310353070579	12.5887757906
42.4344472744	2.31183842957	40.1226088449
22.2684209635	3.56748766797	18.7009332955
13.345494346	3.52069351092	9.82480083511
124.255825182	0.0	124.255825182
22.375439282	4.20881685097	18.166622431
22.6468386491	0.0	22.6468386491
7.07807667872	2.01871117133	5.05936550739
31.9148033885	0.0	31.9148033885
4.34365029717	0.969562189422	3.37408810775
40.7998974736	4.79499729548e-31	40.7998974736
0.166613618706	0.0857926959898	0.0808209227161
4.26265763434	0.459658805694	3.80299882864
0.871549106303	0.207823347401	0.663725758902
1.30183711926	0.309303634152	0.992533485112
22.3517060507	2.1582242059	20.1934818448
63.6395460531	5.99374661935e-31	63.6395460531
2.60384031016	0.67221396264	1.93162634752
4.39730717247	0.312127282296	4.08517989018
115.60342507	0.0	115.60342507
3.0160857902	1.13236414949	1.88372164071
4.16450374794	3.62778540766	0.53671834028
3.62385422943	0.306847791172	3.31700643826
2.67954251288	2.01444545111	0.665097061767
1.89269287628	1.23434401518	0.6583488611
4.45527641902	1.36246926723	3.09280715179
2.4190587781	1.19736354744	1.22169523066
1.367889329	0.374439668031	0.993449660971
4.72286304488	2.28321442364	2.43964862125
17.6336294116	8.78213187259	8.851497539
5.9853884811	0.601200581992	5.38418789911
2.37777490456	0.0641591197816	2.31361578478
4.95385718765	2.97539861688	1.97845857077
4.57582714472	2.56232767594	2.01349946878
2.68194911049	1.09528643375	1.58666267674
7.56788461772	3.47291486809	4.09496974963
12.4283329449	0.0	12.4283329449
11.1149868393	2.93073393572	8.18425290353
6.31363287861	0.917740259147	5.39589261946
17.4517483798	3.47396839381	13.977779986
2.14952744023	0.0	2.14952744023
16.9861422796	3.11799083582	13.8681514437
11.1005963081	4.2865355794	6.81406072867
7.30942086088	0.0	7.30942086088
92.1361204013	0.0	92.1361204013
3.12936308628	0.559913571872	2.56944951441
53.0926946535	4.93600415737	48.1566904961
4.06938549305	1.17941917711	2.88996631594
6.10557686736	2.91835595551	3.18722091185
6.02617544356	2.99687330967e-32	6.02617544356
3.69798050916	0.00227206736345	3.6957084418
2.51424788599	0.148023167367	2.36622471862
10.6909358581	0.0	10.6909358581
28.8184030293	9.05524833068	19.7631546986
27.5362010623	0.0	27.5362010623
372.798417144	7.67199567277e-30	372.798417144
3.41344089099	1.23254924482	2.18089164616
9.41573976709	8.54380161301	0.871938154079
12.6296013256	0.329823276594	12.299778049
8.0842317635	0.0	8.0842317635
7.58328811832	0.0	7.58328811832
0.913824431145	0.00773143739122	0.906092993754
1.55360165645	0.565772318426	0.987829338027
1.882377383	0.162833017517	1.71954436548
56.6630676975	4.79499729548e-31	56.6630676975
6.59869139036	2.31037873095	4.2883126594
6.55992611184	5.23407347617	1.32585263567
9.91953841414	4.17916066609	5.74037774805
24.6168827399	1.17065363659e-34	24.6168827399
133.9309955	0.0	133.9309955
7.71578440477	0.0	7.71578440477
21.5300882369	2.59979937521	18.9302888617
34.2474693206	0.0	34.2474693206
8.16030522881	2.15786436607	6.00244086274
5.29345151257	1.77142486761	3.52202664496
13.6447158957	2.22222086058	11.4224950351
6.93116831423	0.0	6.93116831423
28.9672293758	1.19874932387e-31	28.9672293758
122.783880849	0.0	122.783880849
38.8802836701	0.0	38.8802836701
14.3458575479	3.35493122001	10.9909263279
7.35168383207	0.0	7.35168383207
17.177832256	0.0	17.177832256
18.6000496448	3.38205569891	15.2179939459
12.647425718	0.0843942891629	12.5630314289
2.36746034971	0.426081077519	1.94137927219
16.099085425	1.15447011561	14.9446153093
25.1321058862	0.0932577230237	25.0388481632
28.0024784956	0.0	28.0024784956
7.72317853642	4.73230161186	2.99087692456
6.15100851445	1.84282587809	4.30818263637
27.9989230257	1.14610290438	26.8528201213
184.468648324	0.0	184.468648324
14.5243230296	3.08815034037	11.4361726892
7.62466602253	1.19874932387e-31	7.62466602253
7.51480208934	7.49218327419e-33	7.51480208934
2.60282756978	0.585062930538	2.01776463924
440.758540923	7.67199567277e-30	440.758540923
228.302819173	0.0	228.302819173
2.25658795302	0.0978343254325	2.15875362759
4.26919719785	0.573967520671	3.69522967718
3.953854939	0.643936665651	3.30991827335
4.74482623961	0.0	4.74482623961
227.896778493	0.0	227.896778493
109.266032123	1.19874932387e-31	109.266032123
1.63030723135	0.137229444334	1.49307778702
10.1715663624	3.88068944876	6.29087691366
132.564846242	0.0	132.564846242
2.47134230085	0.732959895307	1.73838240554
416.004440053	0.0	416.004440053
4.94239583466	1.76971806629	3.17267776837
1.16640304431	0.817304619418	0.34909842489
30.23899725	7.39559694078	22.8434003093
0.733881729677	0.0	0.733881729677
2.91459797794	1.06991227258	1.84468570536
20.1348863663	0.0	20.1348863663
16.5997274922	0.0	16.5997274922
271.494199955	1.91799891819e-30	271.494199955
10.7936138705	1.12566631495	9.66794755558
4.62253815119	2.29988253154	2.32265561965
4.72966156088	0.500748578725	4.22891298215
212.810901261	0.0	212.810901261
24.7533006497	0.556362310112	24.1969383396
1.24774089254	0.268969120668	0.978771771869
2.01319319032	3.18417789153e-32	2.01319319032
3.00636971985	2.80744748927	0.198922230575
6.07626526364	1.67410086926	4.40216439438
5.41307194348	0.370699627477	5.042372316
5.41495079401	3.12308818822	2.29186260579
3.38727671599	2.27264568707	1.11463102892
22.1020411999	4.88667015311	17.2153710468
532.077750901	7.67199567277e-30	532.077750901
11.037605953	3.02623263536	8.01137331766
330.932376414	7.67199567277e-30	330.932376414
4.8052194848	2.81114192102	1.99407756377
1.4014661198	0.0	1.4014661198
4.28508812718	0.378611708311	3.90647641887
1.71970117497	0.446037965294	1.27366320967
3.13264503062	0.395135783123	2.73750924749
5.74026069297	0.424429499596	5.31583119337
3.78585368777	0.739009302249	3.04684438552
237.335167681	0.0	237.335167681
3.7386797901	2.19488962762	1.54379016248
1.61745944796	1.25502199723	0.362437450734
5.26200483335	0.863212566382	4.39879226697
4.18605016828	1.4642246752	2.72182549307
0.882461443867	0.181626967097	0.70083447677
36.2831354616	4.79499729548e-31	36.2831354616
283.424194642	1.91799891819e-30	283.424194642
10.3343181527	1.05724248283	9.27707566988
6.06104501182	7.49218327419e-33	6.06104501182
35.5379523389	0.0	35.5379523389
28.3678916206	4.25414628831	24.1137453323
28.0841415415	0.0	28.0841415415
16.3784711963	2.99687330967e-32	16.3784711963
23.3272263829	0.0	23.3272263829
5.61047916616	0.759891740245	4.85058742592
3.58595564829	1.21970747815	2.36624817013
6.70835202296	4.96672801429	1.74162400868
162.811217364	1.91799891819e-30	162.811217364
324.373451565	0.0	324.373451565
31.5243950706	1.19874932387e-31	31.5243950706
4.96785782038	1.59895182761	3.36890599277
2.75461607245	2.08151015945	0.673105912998
9.82421126965	2.87702084826	6.94719042139
5.97318135547	1.76923614091	4.20394521455
9.92682697675	2.34332848364	7.58349849311
3.34789949822	0.0	3.34789949822
13.380279503	0.0	13.380279503
1.34827550185	0.0	1.34827550185
10.1768721328	0.0	10.1768721328
63.3023676619	0.0	63.3023676619
16.1456862986	1.57268954235	14.5729967563
3.74728882289	2.99687330967e-32	3.74728882289
1.39000424411	0.0	1.39000424411
25.3170286603	0.0	25.3170286603
6.64720623611	0.27556983837	6.37163639774
7.56876687968	1.2915042847	6.27726259499
11.4187868854	1.19874932387e-31	11.4187868854
6.95595142766	3.272924831	3.68302659666
309.104860517	0.0	309.104860517
22.7536884652	2.94053488533	19.8131535799
93.8315108244	0.0	93.8315108244
10.7441441752	1.01230533915	9.73183883609
6.18857439738	0.944398167837	5.24417622954
6.36806348666	1.07693552148	5.29112796519
20.6844698584	0.0	20.6844698584
1.16286533837	0.0	1.16286533837
5.31533121625	1.58256600056	3.73276521569
3.35357088563	7.49218327419e-33	3.35357088563
16.3237626655	3.88673452499	12.4370281405
216.762709282	2.03787385058e-30	216.762709282
3.89912142534	0.0	3.89912142534
3.8066501559	0.319437742187	3.48721241371
8.22676379165	4.51722981413	3.70953397751
5.33051084373	2.1581807169	3.17233012683
16.4935786596	1.65054608917	14.8430325705
8.26336847021	2.08330247062	6.18006599959
12.6701914008	0.265295358832	12.404896042
2.49328319027	0.0	2.49328319027
6.70874899832	2.76042223672	3.94832676161
61.9793384858	0.0	61.9793384858
9.22553698915	0.699647525632	8.52588946351
1.12542242167	0.0	1.12542242167
4.78134792941	0.0	4.78134792941
8.02955644155	0.0	8.02955644155
13.8556833759	3.92425203182	9.93143134404
0.992598055103	0.0	0.992598055103
6.38982043076	2.86881688991	3.52100354086
2.18148628156	2.99687330967e-32	2.18148628156
3.7650594158	1.9865791907	1.7784802251
6.83377361125	0.468829686206	6.36494392505
22.0849622682	0.0	22.0849622682
5.08476976678	1.20901080004	3.87575896675
262.162004775	0.0	262.162004775
4.8010691169	0.283629322613	4.51743979429
3.95387352982	0.0	3.95387352982
49.9317028435	4.79499729548e-31	49.9317028435
30.7649736174	0.0	30.7649736174
97.9927623089	0.0	97.9927623089
272.514408958	0.0	272.514408958
15.3067913743	2.97775942115	12.3290319531
2.86442365936	1.01069758239	1.85372607697
5.38228254932	1.19874932387e-31	5.38228254932
153.094882545	1.91799891819e-30	153.094882545
4.88539569368	0.0	4.88539569368
40.3885037731	0.0	40.3885037731
10.0120100352	0.0	10.0120100352
6.03639613329	1.87304581855e-33	6.03639613329
80.8694068032	4.68261454637e-34	80.8694068032
18.3698946211	0.0	18.3698946211
84.382073141	2.62518879557	81.7568843454
2.88684271	0.841563572888	2.04527913711
20.8404512818	4.36396867016	16.4764826117
51.6105345852	6.7055054685	44.9050291167
112.119371909	0.0	112.119371909
13.9851569989	0.363055820313	13.6221011786
23.2373262091	6.47312604864	16.7642001604
6.02484143306	0.678839195873	5.34600223719
19.7073134571	0.0	19.7073134571
44.0389463486	12.2267976886	31.81214866
111.315928885	0.0	111.315928885
37.5943100151	4.79499729548e-31	37.5943100151
34.9185066743	0.0	34.9185066743
21.9066976554	4.01681812193	17.8898795335
30.311705824	0.0	30.311705824
8.18040713251	0.628716728223	7.55169040429
16.9491406344	5.96312677948	10.9860138549
68.7584629927	0.0	68.7584629927
39.2537428442	2.95417225374	36.2995705904
114.857541836	1.19874932387e-31	114.857541836
44.5282168563	5.27491338808	39.2533034682
61.278689368	0.0	61.278689368
22.8743025377	7.49218327419e-33	22.8743025377
1.23096332808	0.410345276337	0.820618051744
74.147825058	0.0	74.147825058
2.82199642879	1.68038143598	1.14161499281
34.4122244864	0.0	34.4122244864
11.7058558905	0.310756043106	11.3950998474
38.6640118392	9.89528039229	28.7687314469
8.58390503965	0.0	8.58390503965
14.2780819359	5.331202608	8.94687932794
1.2578133292	0.0	1.2578133292
44.983057449	0.0	44.983057449
147.053313153	0.0	147.053313153
3.73735968944	1.07573745215	2.66162223729
8.11777946952	1.08850142807	7.02927804145
10.084362714	0.345445153115	9.73891756085
6.82520578788	6.16354895268	0.661656835203
55.4938595388	1.19874932387e-31	55.4938595388
228.318757434	0.0	228.318757434
4.92771913218	0.0	4.92771913218
13.3984666788	1.51517193072	11.8832947481
4.31120007357	0.970938336512	3.34026173706
2.43504708626	0.513872245571	1.92117484069
42.5467849093	2.99687330967e-32	42.5467849093
3.93555862896	0.993061841429	2.94249678753
92.033844968	9.58999459096e-31	92.033844968
30.1418459034	0.0	30.1418459034
18.7157935857	1.21747978206e-31	18.7157935857
365.746797301	0.0	365.746797301
282.301117312	0.0	282.301117312
231.692326721	1.91799891819e-30	231.692326721
206.52904159	1.91799891819e-30	206.52904159
72.6463289724	0.0	72.6463289724
117.575457938	0.0	117.575457938
99.4724078986	0.0	99.4724078986
131.161332533	0.0	131.161332533
187.554313142	0.0	187.554313142
92.6335143459	1.92549110147e-30	92.6335143459
292.242086263	0.0	292.242086263
346.49540285	1.91799891819e-30	346.49540285
36.9059856862	0.0	36.9059856862
115.168205549	0.0	115.168205549
202.507610937	1.91799891819e-30	202.507610937
370.246307492	0.0	370.246307492
37.0687145424	4.79499729548e-31	37.0687145424
321.326195764	1.91799891819e-30	321.326195764
222.685457906	0.0	222.685457906
50.4087652431	1.19874932387e-31	50.4087652431
241.928133906	0.0	241.928133906
221.42315922	4.79499729548e-31	221.42315922
552.755571457	7.67199567277e-30	552.755571457
436.499601523	7.67199567277e-30	436.499601523
243.207793217	0.0	243.207793217
450.960417862	7.67199567277e-30	450.960417862
438.852485311	3.83599783638e-30	438.852485311
330.915778369	0.0	330.915778369
52.7864149044	0.0	52.7864149044
283.179827856	1.19874932387e-31	283.179827856
214.25107194	0.0	214.25107194
Bottom
