dphi = 0.05235987755982988	first column is a mass, last row consists of all other masses	mass / surface of the sphere ring	scaled mass sums in consecutive angle intervals, last interval most often smaller (ends at pi/2)
Top
24.022	0.0	4.653792219083781e-11	3.91634239998852e-11	5.2094346225530806e-11	5.0051259711797603e-11	2.8283370573146737e-11	3.062760675881988e-11	2.2899282174280217e-11	2.883665319043886e-11	1.3773994052392271e-11	2.3759872335812505e-11	1.933942312484023e-11	1.3195499681708669e-11	1.686658371612938e-11	1.4852382157414685e-11	1.3087642655930914e-11	4.801807793899561e-12	8.284306111889609e-12	4.430539088014141e-12	4.2823730863206156e-12	7.478668577532287e-12	2.427243179424993e-12	3.1617310817317787e-12	0.0	0.0	0.0	0.0	1.4731321667597064e-12	2.197568345094132e-12	1.4610299753408954e-12
36.033	0.0	1.3961376657251346e-11	0.0	1.2021772205891726e-11	0.0	7.713646519949112e-12	9.844587886763536e-12	2.862410271785028e-12	2.544410575626959e-12	6.886997026196137e-12	0.0	5.801826937452071e-12	3.598772640466001e-12	1.6866583716129384e-12	1.5913266597230021e-12	0.0	1.4405423381698686e-12	0.0	1.3291617264042426e-12	1.284711925896185e-12	1.2464447629220483e-12	0.0	0.0	0.0	1.1424430972881095e-12	0.0	0.0	1.1048491250697798e-12	0.0	1.0957724815056716e-12
48.044	0.0	0.0	1.1189549714252916e-11	8.014514803927817e-12	0.0	1.0284862026598814e-11	0.0	0.0	0.0	3.060887567198283e-12	0.0	0.0	0.0	0.0	0.0	0.0	0.0	0.0	1.7722156352056566e-12	1.7129492345282463e-12	0.0	0.0	0.0	0.0	0.0	0.0	1.485402519349624e-12	0.0	0.0	0.0
60.055	0.0	0.0	0.0	0.0	0.0	0.0	0.0	0.0	0.0	0.0	0.0	3.223237187473372e-12	0.0	0.0	0.0	0.0	0.0	0.0	0.0	2.1411865431603078e-12	0.0	0.0	1.9760819260823615e-12	0.0	0.0	0.0	0.0	0.0	0.0	0.0
4418834.889	0.0	0.0	0.0	0.0	0.0	0.0	0.0	0.0	0.0	0.0	2.570950962483762e-07	0.0	0.0	0.0	0.0	0.0	0.0	0.0	0.0	0.0	0.0	0.0	0.0	0.0	0.0	0.0	0.0	0.0	0.0	0.0
other	1.3948620936259577e-11	9.307584438167562e-12	1.3986937142816144e-11	1.2021772205891724e-11	1.564101865993675e-11	8.999254273273961e-12	1.8595332674997784e-11	1.335791460166346e-11	1.1873916019592473e-11	9.182662701594848e-12	6.9881977458272066e-12	5.1571794999573955e-12	4.798363520621333e-12	4.497755657634501e-12	4.2435377592613385e-12	4.530337842437624e-12	3.841446235119649e-12	1.3807176853149352e-12	1.7722156352056566e-12	4.2823730863206157e-13	1.6619263505627309e-12	8.090810598083309e-13	3.9521638521647234e-13	7.747003132474868e-13	3.808143657627031e-13	0.0	1.485402519349624e-12	0.0	0.0	0.0
Bottom
other	0.0	0.0	0.0	0.0	0.0	0.0	0.0	0.0	0.0	0.0	0.0	0.0	0.0	0.0	0.0	0.0	0.0	0.0	0.0	0.0	0.0	0.0	0.0	0.0	0.0	0.0	0.0	0.0	0.0	0.0
Graph
other	1.3948620936259577e-11	6.980688328625671e-11	6.154252342839103e-11	7.814151933829622e-11	6.099997277375335e-11	5.0138702379669227e-11	5.578599802499337e-11	3.2440649746896976e-11	3.9862432351489024e-11	3.2139319455581974e-11	2.571244466789086e-07	3.352166674972307e-11	2.0393044962640675e-11	2.2488778288172513e-11	1.803503547686069e-11	1.610786788422266e-11	9.123434808409165e-12	9.665023797204544e-12	9.304132084829697e-12	9.849458098537416e-12	1.0387039691017067e-11	3.2363242392333236e-12	5.533029393030612e-12	3.873501566237434e-13	1.1424430972881095e-12	0.0	2.970805038699248e-12	2.577981291829486e-12	2.197568345094132e-12	2.556802456846567e-12
C60
other	0.0	0.0	2.797387428563229e-12	6.010886102945863e-12	4.692305597981027e-12	5.142431013299407e-12	3.2815292955878453e-12	6.67895730083173e-12	3.3925474341692784e-12	7.652218917995707e-13	1.3976395491654416e-12	0.0	1.1995908801553335e-12	5.622194572043128e-13	2.6522110995383366e-12	1.510112614145875e-12	9.603615587799124e-13	0.0	0.0	0.0	0.0	0.0	0.0	3.873501566237434e-13	3.808143657627031e-13	0.0	0.0	0.0	0.0	0.0
