dphi = 0.05235987755982988	first column is a mass, last row consists of all other masses	mass / surface of the sphere ring	scaled mass sums in consecutive angle intervals, last interval most often smaller (ends at pi/2)
Top
24.022	0.0	0.0	5.594774857126458e-12	4.007257401963909e-12	9.384611195962053e-12	2.5712155066497036e-12	2.1876861970585633e-12	3.816547029046703e-12	1.6962737170846392e-12	1.5304437835991415e-12	2.7952790983308833e-12	1.289294874989349e-12	3.598772640466001e-12	3.373316743225877e-12	1.0608844398153346e-12	1.0067417427639165e-12	3.8414462351196495e-12	0.0	1.7722156352056566e-12	0.0	8.309631752813654e-13	3.2363242392333236e-12	7.904327704329447e-13	0.0	0.0	0.0	0.0	7.365660833798532e-13	7.325227816980439e-13	7.305149876704477e-13
36.033	0.0	0.0	8.392162285689687e-12	0.0	0.0	0.0	0.0	0.0	0.0	0.0	0.0	1.9339423124840237e-12	0.0	0.0	0.0	0.0	0.0	0.0	0.0	0.0	0.0	0.0	0.0	0.0	1.1424430972881095e-12	0.0	0.0	0.0	0.0	0.0
108.099	0.0	0.0	0.0	0.0	0.0	0.0	0.0	0.0	0.0	0.0	0.0	0.0	0.0	5.059975114838814e-12	0.0	0.0	0.0	0.0	0.0	0.0	0.0	0.0	0.0	0.0	0.0	0.0	0.0	0.0	0.0	0.0
other	2.7897241872519153e-11	2.7922753314502685e-11	1.1189549714252916e-11	1.001814350490977e-11	9.384611195962052e-12	8.999254273273961e-12	5.469215492646408e-12	8.587230815355082e-12	1.6962737170846392e-12	4.591331350797424e-12	2.7952790983308833e-12	3.867884624968047e-12	6.597749840854334e-12	3.3733167432258764e-12	2.1217688796306693e-12	2.5168543569097913e-12	3.3612654557296928e-12	1.3807176853149352e-12	1.3291617264042426e-12	1.7129492345282463e-12	1.2464447629220483e-12	0.0	3.9521638521647234e-13	3.873501566237434e-13	3.808143657627031e-13	3.7550763506265485e-13	3.71350629837406e-13	0.0	0.0	0.0
Bottom
other	0.0	0.0	0.0	0.0	0.0	0.0	0.0	0.0	0.0	0.0	0.0	0.0	0.0	0.0	0.0	0.0	0.0	0.0	0.0	0.0	0.0	0.0	0.0	0.0	0.0	0.0	0.0	0.0	0.0	0.0
Graph
other	0.0	4.653792219083781e-12	1.9581711999942603e-11	1.001814350490977e-11	1.2512814927949404e-11	3.856823259974556e-12	4.3753723941171266e-12	6.67895730083173e-12	1.6962737170846392e-12	2.2956656753987123e-12	3.494098872913604e-12	5.157179499957396e-12	7.797340721009667e-12	8.995511315269003e-12	2.6522110995383366e-12	2.013483485527833e-12	7.202711690849342e-12	9.204784568766233e-13	3.101377361609899e-12	1.7129492345282463e-12	1.6619263505627309e-12	3.2363242392333236e-12	7.904327704329447e-13	3.873501566237434e-13	1.5232574630508125e-12	3.7550763506265485e-13	3.71350629837406e-13	7.365660833798532e-13	7.325227816980439e-13	7.305149876704477e-13
C60
other	2.7897241872519153e-11	2.3268961095418905e-11	5.594774857126458e-12	4.007257401963909e-12	6.256407463974702e-12	7.713646519949112e-12	3.2815292955878453e-12	5.724820543570054e-12	1.6962737170846392e-12	3.826109458997854e-12	2.0964593237481625e-12	1.9339423124840237e-12	2.399181760310667e-12	2.8110972860215638e-12	5.304422199076673e-13	1.510112614145875e-12	0.0	4.602392284383116e-13	0.0	0.0	4.154815876406827e-13	0.0	3.9521638521647234e-13	0.0	0.0	0.0	0.0	0.0	0.0	0.0
