dphi = 0.05235987755982988	first column is a mass, last row consists of all other masses	mass / surface of the sphere ring	scaled mass sums in consecutive angle intervals, last interval most often smaller (ends at pi/2)
Top
24.022	2.7897241872519153e-11	1.8615168876335124e-11	0.0	4.007257401963909e-12	9.384611195962053e-12	5.142431013299407e-12	2.1876861970585633e-12	5.724820543570056e-12	3.3925474341692784e-12	7.652218917995707e-12	4.192918647496325e-12	2.578589749978698e-12	3.598772640466001e-12	3.373316743225877e-12	4.2435377592613385e-12	2.013483485527833e-12	0.0	0.0	8.861078176028283e-13	1.7129492345282463e-12	8.309631752813654e-13	0.0	0.0	7.747003132474868e-13	0.0	0.0	7.42701259674812e-13	7.365660833798532e-13	0.0	0.0
36.033	0.0	0.0	0.0	0.0	0.0	3.856823259974556e-12	0.0	2.862410271785028e-12	0.0	0.0	4.192918647496325e-12	3.8678846249680474e-12	0.0	3.373316743225877e-12	0.0	0.0	0.0	0.0	0.0	0.0	0.0	0.0	0.0	0.0	0.0	0.0	0.0	0.0	0.0	1.0957724815056716e-12
other	1.3948620936259577e-11	9.307584438167562e-12	8.392162285689687e-12	6.010886102945863e-12	1.2512814927949401e-11	1.1570469779923664e-11	5.469215492646408e-12	5.724820543570054e-12	9.329505443965514e-12	7.652218917995706e-12	3.4940988729136037e-12	1.289294874989349e-12	7.1975452809320004e-12	3.935536200430189e-12	3.713095539353671e-12	4.026966971055665e-12	3.841446235119649e-12	1.8409569137532466e-12	2.2152695440070707e-12	2.997661160424431e-12	1.6619263505627309e-12	4.0454052990416545e-13	3.9521638521647234e-13	1.1620504698712303e-12	0.0	0.0	3.71350629837406e-13	0.0	0.0	0.0
Bottom
other	0.0	0.0	0.0	0.0	0.0	0.0	0.0	0.0	0.0	0.0	0.0	0.0	0.0	0.0	0.0	0.0	0.0	0.0	0.0	0.0	0.0	0.0	0.0	0.0	0.0	0.0	0.0	0.0	0.0	0.0
Graph
other	0.0	2.3268961095418908e-11	5.594774857126458e-12	4.007257401963909e-12	1.4076916793943079e-11	1.6712900793223074e-11	2.1876861970585633e-12	1.0495504329878433e-11	7.633231726880875e-12	1.224355026879313e-11	1.1879936167906254e-11	5.80182693745207e-12	9.596727041242667e-12	1.0682169686881942e-11	7.426191078707342e-12	4.530337842437624e-12	2.4009038969497806e-12	4.602392284383116e-13	2.6583234528084853e-12	4.2823730863206156e-12	2.492889525844096e-12	4.0454052990416545e-13	3.9521638521647234e-13	1.936750783118717e-12	0.0	0.0	1.1140518895122182e-12	7.365660833798532e-13	0.0	1.0957724815056716e-12
C60
other	4.184586280877873e-11	4.653792219083781e-12	2.797387428563229e-12	6.010886102945863e-12	7.820509329968377e-12	3.856823259974556e-12	5.469215492646408e-12	3.816547029046703e-12	5.088821151253917e-12	3.060887567198283e-12	0.0	1.9339423124840237e-12	1.1995908801553335e-12	0.0	5.304422199076673e-13	1.510112614145875e-12	1.4405423381698686e-12	1.3807176853149352e-12	4.4305390880141416e-13	4.2823730863206157e-13	0.0	0.0	0.0	0.0	0.0	0.0	0.0	0.0	0.0	0.0
