dphi = 0.05235987755982988	first column is a mass, last row consists of all other masses	mass / surface of the sphere ring	scaled mass sums in consecutive angle intervals, last interval most often smaller (ends at pi/2)
Top
24.022	0.0	9.307584438167562e-12	2.237909942850583e-11	2.8050801813747357e-11	3.4410241051860855e-11	1.0284862026598814e-11	3.062760675881988e-11	1.5266188116186812e-11	1.865901088793103e-11	2.295665675398712e-11	1.956695368831618e-11	1.8050128249850884e-11	1.4395090561864001e-11	1.0119950229677628e-11	1.379149771759935e-11	4.026966971055666e-12	5.762169352679474e-12	3.681913827506493e-12	7.974970358425453e-12	1.7129492345282463e-12	8.309631752813654e-13	1.6181621196166618e-12	3.952163852164723e-12	7.747003132474868e-13	7.616287315254062e-13	2.2530458103759294e-12	0.0	0.0	2.197568345094132e-12	0.0
36.033	4.184586280877873e-11	1.3961376657251346e-11	0.0	0.0	1.407691679394308e-11	0.0	1.3126117182351381e-11	2.862410271785028e-12	0.0	4.591331350797425e-12	6.289377971244487e-12	5.801826937452071e-12	7.197545280932002e-12	0.0	4.773979979169007e-12	0.0	1.4405423381698686e-12	1.3807176853149352e-12	1.3291617264042426e-12	1.284711925896185e-12	3.739334288766145e-12	0.0	0.0	0.0	0.0	0.0	0.0	1.1048491250697798e-12	0.0	0.0
4420888.77	0.0	0.0	0.0	0.0	0.0	0.0	0.0	3.5118911624416797e-07	0.0	0.0	0.0	0.0	0.0	0.0	0.0	0.0	0.0	0.0	0.0	0.0	0.0	0.0	0.0	0.0	0.0	0.0	0.0	0.0	0.0	0.0
84.077	0.0	0.0	0.0	0.0	0.0	0.0	0.0	0.0	0.0	0.0	0.0	0.0	0.0	0.0	0.0	0.0	0.0	0.0	0.0	0.0	0.0	0.0	0.0	0.0	0.0	0.0	0.0	0.0	2.5638297359431534e-12	0.0
72.066	0.0	0.0	0.0	0.0	0.0	0.0	0.0	0.0	5.088821151253917e-12	0.0	0.0	0.0	0.0	0.0	0.0	0.0	0.0	0.0	0.0	0.0	0.0	0.0	0.0	0.0	0.0	0.0	0.0	0.0	0.0	0.0
other	1.3948620936259577e-11	1.3961376657251346e-11	1.678432457137937e-11	1.2021772205891724e-11	9.384611195962052e-12	1.4141685286573368e-11	5.469215492646408e-12	9.541367572616757e-12	5.9369580097962364e-12	6.121775134396565e-12	6.9881977458272066e-12	8.380416687430767e-12	6.597749840854334e-12	5.059975114838814e-12	5.304422199076672e-12	5.033708713819582e-12	2.4009038969497806e-12	1.8409569137532466e-12	8.861078176028283e-13	8.564746172641231e-13	2.0774079382034135e-12	2.4272431794249925e-12	3.9521638521647234e-13	3.873501566237434e-13	3.808143657627031e-13	0.0	0.0	0.0	3.6626139084902195e-13	7.305149876704477e-13
Bottom
other	0.0	0.0	0.0	0.0	0.0	0.0	0.0	0.0	0.0	0.0	0.0	0.0	0.0	0.0	0.0	0.0	0.0	0.0	0.0	0.0	0.0	0.0	0.0	0.0	0.0	0.0	0.0	0.0	0.0	0.0
Graph
other	5.5794483745038306e-11	3.257654553358647e-11	3.356864914275874e-11	3.606531661767517e-11	4.848715784580394e-11	1.7998508546547923e-11	4.812909633528839e-11	3.512139237998566e-07	2.7140379473354227e-11	3.2904541347381544e-11	3.0049250307057e-11	3.094307699974438e-11	2.579120392333967e-11	1.3493266972903507e-11	2.3339457675937362e-11	7.047192199347415e-12	9.123434808409165e-12	5.983109969698052e-12	9.747185993631111e-12	3.4258984690564925e-12	6.23222381461024e-12	4.045405299041654e-12	4.3473802373811955e-12	1.1620504698712303e-12	1.1424430972881095e-12	2.2530458103759294e-12	0.0	1.1048491250697798e-12	4.761398081037285e-12	7.305149876704477e-13
C60
other	0.0	4.653792219083781e-12	5.594774857126458e-12	4.007257401963909e-12	9.384611195962052e-12	6.4280387666242586e-12	1.0938430985292816e-12	2.862410271785028e-12	2.544410575626959e-12	7.652218917995707e-13	2.7952790983308833e-12	1.289294874989349e-12	2.399181760310667e-12	1.6866583716129384e-12	5.304422199076673e-13	2.013483485527833e-12	4.801807793899562e-13	9.204784568766233e-13	4.4305390880141416e-13	4.2823730863206157e-13	4.154815876406827e-13	0.0	0.0	0.0	0.0	0.0	0.0	0.0	3.6626139084902195e-13	0.0
