dphi = 0.05235987755982988	first column is a mass, last row consists of all other masses	mass / surface of the sphere ring	scaled mass sums in consecutive angle intervals, last interval most often smaller (ends at pi/2)
Top
24.022	0.0	9.307584438167562e-12	0.0	4.007257401963909e-12	3.128203731987351e-12	5.142431013299407e-12	6.563058591175691e-12	1.1449641087140108e-11	1.6962737170846392e-12	6.121775134396566e-12	1.3976395491654416e-12	5.157179499957396e-12	3.598772640466001e-12	5.6221945720431275e-12	0.0	1.0067417427639165e-12	1.9207231175598247e-12	0.0	8.861078176028283e-13	1.7129492345282463e-12	8.309631752813654e-13	8.090810598083309e-13	7.904327704329447e-13	7.747003132474868e-13	0.0	7.510152701253097e-13	0.0	2.2096982501395596e-12	0.0	0.0
36.033	0.0	0.0	0.0	0.0	0.0	0.0	0.0	0.0	0.0	0.0	0.0	0.0	0.0	0.0	0.0	0.0	1.4405423381698686e-12	0.0	0.0	0.0	0.0	0.0	0.0	0.0	0.0	0.0	0.0	0.0	1.098784172547066e-12	0.0
60.055	0.0	0.0	0.0	0.0	0.0	0.0	0.0	0.0	0.0	0.0	3.4940988729136037e-12	0.0	0.0	0.0	0.0	0.0	0.0	0.0	0.0	0.0	0.0	0.0	0.0	0.0	0.0	0.0	0.0	0.0	0.0	0.0
other	0.0	0.0	8.392162285689687e-12	2.0036287009819543e-12	4.692305597981027e-12	3.856823259974556e-12	2.1876861970585633e-12	3.816547029046703e-12	5.088821151253917e-12	2.2956656753987123e-12	3.4940988729136037e-12	6.446474374946745e-13	5.997954400776668e-13	1.6866583716129384e-12	1.5913266597230021e-12	2.5168543569097913e-12	2.4009038969497806e-12	4.602392284383116e-13	0.0	4.2823730863206157e-13	8.309631752813654e-13	8.090810598083309e-13	3.9521638521647234e-13	7.747003132474868e-13	3.808143657627031e-13	7.510152701253097e-13	0.0	0.0	0.0	0.0
Bottom
other	0.0	0.0	0.0	0.0	0.0	0.0	0.0	0.0	0.0	0.0	0.0	0.0	0.0	0.0	0.0	0.0	0.0	0.0	0.0	0.0	0.0	0.0	0.0	0.0	0.0	0.0	0.0	0.0	0.0	0.0
Graph
other	0.0	9.307584438167562e-12	8.392162285689687e-12	6.010886102945863e-12	7.820509329968377e-12	8.999254273273963e-12	8.750744788234253e-12	1.5266188116186812e-11	6.785094868338557e-12	8.417440809795277e-12	8.385837294992648e-12	5.80182693745207e-12	4.198568080543667e-12	6.18441402924744e-12	1.0608844398153346e-12	3.5235960996737078e-12	5.2819885732895175e-12	4.602392284383116e-13	8.861078176028283e-13	2.141186543160308e-12	1.2464447629220483e-12	1.2136215897124964e-12	7.904327704329447e-13	1.1620504698712303e-12	0.0	1.1265229051879647e-12	0.0	2.2096982501395596e-12	1.098784172547066e-12	0.0
C60
other	0.0	0.0	0.0	0.0	0.0	0.0	0.0	0.0	0.0	0.0	0.0	0.0	0.0	1.1244389144086255e-12	5.304422199076673e-13	0.0	4.801807793899562e-13	0.0	0.0	0.0	4.154815876406827e-13	4.0454052990416545e-13	3.9521638521647234e-13	3.873501566237434e-13	3.808143657627031e-13	3.7550763506265485e-13	0.0	0.0	0.0	0.0
